18446744073709099187
1406
1119
1558
1340
1406
1440
2963
10095
1106
1111
3618
1670
1505
1110
1142
3199
1208
1075
1068
2559
1104
1337
1875
3957
1110
1075
1387
3251
3142
1282
1138
2408
4505
2633
2373
2537
4242
1125
1118
1822
4202
1277
1768
1212
3194
1220
1116
13044
7707
1174
1813
2145
4161
1693
1563
1690
2676
1785
3652
1701
1907
4640
1475
1782
1837
4724
1148
1150
1110
1355
1331
4056
3202
3293
2058
1274
1169
1159
1151
1213
1365
1372
1256
1471
1270
1232
1161
1488
1122
1093
1111
1336
1241
1112
1161
1721
1280
2355
1269
1129
1122
1286
1203
13221
3367
1234
1263
1307
1160
2111
1398
1260
1105
1103
1290
1456
1109
1192
1310
1111
1087
1185
1245
1504
3175
1704
1264
1379
1719
1347
1988
1173
1119
1259
1428
1570
1281
1267
1258
1216
1119
1330
1272
1459
1374
1100
1155
1435
1212
1276
1232
1419
1600
1889
1242
1179
1130
1202
1195
1455
1288
1189
1174
1137
1113
1212
1319
1339
1205
1107
1071
1174
1152
1319
1687
1310
1593
1296
1217
1075
1146
1161
1152
1379
1159
1198
1361
1238
1110
1150
1246
1511
1072
1108
1163
1154
1091
1268
1304
1253
2219
11767
2036
2828
3372
1561
2036
1455
1964
1754
2696
2009
1627
1698
1852
1369
1102
1149
1110
1156
1275
1217
1386
1531
1390
1204
1105
1180
1301
1246
1316
1836
1232
1162
1102
1216
1235
1460
1182
1151
1159
1155
1122
1137
1316
1189
1117
1106
1103
1430
1163
1161
1159
1576
1225
2001
1300
1133
1207
1105
1186
1247
1274
1119
1115
1229
1069
1123
1138
1482
1202
1100
1136
1099
11983
2629
2050
2770
1414
1093
1661
1431
1178
1136
2772
1169
1074
1211
1502
1741
1877
1461
1172
1099
1167
1176
1255
1207
1104
1099
1183
1074
1135
1410
1550
1146
1089
1142
1154
1143
1139
1283
1436
1227
1876
1230
1351
1157
1161
1207
1432
1323
1213
1207
1066
1123
1138
1184
1235
1499
1174
1129
1198
1122
1105
1144
1373
1307
1895
1294
1145
1097
1396
1216
1214
1168
1108
1117
1267
1109
1100
1170
1236
1352
1098
1096
1242
1214
1198
1073
1429
1212
2376
18803
2936
1561
4343
2615
3832
2621
1661
1595
1781
3064
1212
1416
3287
1226
1091
1143
3934
1861
1177
1156
2046
4529
3037
1108
1142
1540
1228
1253
1195
1082
1153
1099
1104
1137
1335
1319
1951
1122
1448
1332
1209
1209
1223
1279
1079
1195
1538
1165
1204
1204
1236
1323
1176
1177
1316
1074
1214
1465
1308
1623
20203
1710
1893
3460
1387
5578
1244
3067
2546
2401
1115
1999
1932
1685
2074
2015
1293
1444
1195
1403
1900
1172
1147
1211
1255
1465
1352
1229
1112
1416
1179
1302
1256
1216
1278
1109
1105
1140
1194
1105
1177
1350
1489
1369
1791
1122
1104
1150
1150
1247
1267
1112
1107
1070
1283
1156
18446744073708552890
1518
1491
1108
1162
1108
1275
1182
1144
1404
1232
1918
2109
1160
1104
1119
1157
1375
1180
1158
1110
1215
1157
1229
1242
1257
1332
1173
1171
11791
2244
2173
3939
1847
1877
2183
1716
1685
1557
1455
1188
1456
1178
1779
1365
1149
1129
1238
1158
1219
1555
1238
1137
1110
1121
1084
1258
1174
1174
1111
1292
1168
1205
1207
1418
1389
1428
1298
1715
1111
1102
1185
1068
1232
1156
1209
1101
1064
1316
1117
1178
1199
1191
1291
1157
1109
1094
1253
1210
1169
1451
1469
2124
1143
1156
1100
1104
1126
1246
1539
1130
1139
1130
1103
1257
1344
1593
1237
1073
1214
1319
1125
1150
10113
2540
2870
2168
2598
4413
1168
1801
1163
1981
1746
2638
1446
1246
1354
1340
1175
1465
1130
1109
1157
1113
1093
1305
1321
1206
1213
1078
1109
1327
1191
1185
1186
1443
1368
1943
1120
1114
1091
1509
1231
1336
1353
1111
1096
1294
1178
1142
1179
1315
1318
1140
1078
1147
1069
1497
1457
1393
2002
1246
1177
1285
1107
1226
1422
1249
1139
1105
1315
1124
1203
1222
1150
1234
1150
1080
1304
1116
1196
1157
1394
1305
8921
4252
2636
4387
2500
1107
1476
1773
1415
1402
1315
1805
1392
1158
1105
1137
1269
1451
1169
1165
1162
1112
1202
1143
1249
1203
1335
1092
1125
1189
1193
1297
1265
1231
1947
1404
1193
1114
1334
1179
1281
1256
1168
1776
1181
1157
1314
1194
1471
1069
1194
1189
1353
1085
1203
1135
1343
1438
2520
9838
1188
1076
1145
1165
1277
1271
1116
1081
3904
1733
12798
3268
3391
2673
2285
4794
2529
3184
1166
3171
3848
4972
3745
2050
1562
1653
1718
2049
2228
3492
2312
2029
2193
1719
1800
1532
1844
2032
1544
1213
1327
1249
1097
1141
1387
1263
1991
1121
1196
1107
1514
1208
1419
1089
1229
1116
1189
1117
1201
1176
1190
1082
1087
1071
1412
1132
1124
1087
1469
1322
1932
1378
10222
3155
3550
1571
2414
1080
1284
1305
1452
1226
2051
1159
1175
1103
1136
1287
1402
1117
1125
1408
1098
1440
1208
1130
1207
1131
1071
1067
1183
1072
1084
1146
1491
4250
1641
1192
1177
1166
1138
1201
1268
1104
1138
1074
1233
1244
1336
1571
1098
1229
1124
1232
1222
1120
1420
1184
2018
1333
1136
1106
1188
1302
1456
1189
1119
1263
1161
1117
1217
1279
1295
1367
1123
1191
1120
1167
1199
1231
1458
1174
2078
1127
1066
1108
1529
1176
1240
1197
1137
1148
1182
1206
1279
1468
1443
1213
1246
1361
1110
1128
1133
1178
1151
1309
1111
1139
1143
1125
1835
1298
1653
1383
1359
9676
3758
1855
4068
2238
1188
3215
1624
1448
1753
1792
1676
1900
1775
1704
1654
1621
1754
2022
2816
1401
1173
1144
1171
1273
1367
1103
1205
1074
1111
1176
1381
1330
1369
1165
1073
1070
1122
1077
1133
1284
1457
1084
2062
1526
1069
1135
1134
1116
1236
1166
1072
1071
1080
1172
1152
1143
1415
1492
1121
1153
1197
1231
1276
1234
1408
1336
1958
1072
1146
1135
9821
4107
2449
2614
2206
1461
1309
1847
1415
1119
1077
1154
1147
1219
1576
1099
1145
2478
1404
1503
1782
1357
1447
1464
1417
1760
1627
1814
1984
1203
1083
1078
1201
1342
1679
1089
1151
1265
1222
1252
1152
1208
1282
1115
1149
1316
1101
1086
1160
1345
1433
1488
1794
1143
1195
1282
1143
1142
1342
1136
1080
1069
1108
1069
1241
1363
9670
3694
2132
1488
1124
1207
1200
1326
1128
1145
1322
1212
1214
1178
1251
1362
1129
1129
1179
1199
1124
8209
4396
2251
3497
1081
2858
3329
3453
2474
1870
1747
1540
2131
6461
2503
2086
2116
2983
1442
1602
18446744073708556903
2781
1818
1781
1799
1693
1966
3216
1935
2268
1463
3116
1185
1101
2405
5469
2477
1153
1408
1297
1254
1144
1076
1105
1167
1383
1381
1300
1130
1135
1083
1118
11683
3071
2131
4200
1174
1165
1771
1344
1183
1599
1180
1208
1268
1284
1295
1452
1726
1180
1144
1234
1145
1138
1382
1099
1103
1125
1102
1115
1150
1144
1227
1191
2585
1338
1102
1122
1499
1243
1345
1816
1289
1159
1193
1214
1200
1344
1135
1128
1112
1219
1154
1131
1133
1498
1261
1125
1143
1104
1073
1297
1250
1409
1189
2280
1085
1245
1189
1175
1297
1476
1242
1200
1496
1226
1280
1233
1165
1116
1100
1119
1112
1186
1130
1151
1338
1502
1705
1730
1214
1111
1168
1268
1217
1355
1113
1105
1123
1150
1200
1387
1360
1382
1119
1170
1148
1115
1250
1199
1250
1373
1510
10792
3836
1902
2844
2684
2593
1156
2265
2522
1507
1487
1845
1771
1726
1746
1684
1667
1754
1831
1767
1636
1944
1655
2030
1713
2762
1590
1487
1549
2058
1852
1763
1557
1519
1228
1156
1332
1084
1210
1071
1126
1073
1542
1379
1396
1317
1971
1101
1069
1081
1196
1184
1311
1132
1270
1361
1122
1125
1278
1223
1411
1082
1153
1227
1072
1070
8796
1131
3889
5213
2089
3021
1167
1083
1079
1119
1081
1121
1154
1388
1326
2139
1549
1107
1166
1193
1181
1254
1214
1108
1232
1531
1210
1138
1186
1504
1074
1208
1076
1117
2378
1780
1169
1817
1317
1167
1230
1310
1221
1365
1171
1166
1104
1137
1232
1333
1187
1244
1194
1193
1101
1336
1282
1146
1139
1442
1332
1655
1523
1141
1237
1138
1612
1448
1698
1318
1203
1550
1196
1622
1330
1139
1202
1108
1183
1144
1301
1368
1311
1381
1139
1131
1173
1101
1472
1357
1394
1221
1116
1578
1124
1209
1153
1341
1295
1210
1189
1067
1183
1069
1105
1172
1572
1235
1944
1076
1094
1149
1204
9248
4433
1964
1107
4044
2539
2257
1371
1579
1931
2275
1509
1592
1692
1429
1249
1237
1451
1135
1326
1067
1152
1115
1133
1241
1654
1202
1944
1161
1124
1546
1290
1185
1291
1142
1106
1880
1111
1155
1388
1425
1198
1115
1497
1161
1284
1319
1232
1180
2051
1237
1129
1632
5917
4372
1250
1373
1123
1145
1075
1761
1081
2387
13351
4097
2372
1380
2495
1562
4374
1806
1357
4354
1079
1105
1251
1293
3607
3574
3098
1300
1202
1143
1189
1111
1264
1258
1440
1777
2090
1451
1192
1122
1111
1167
1147
1136
1139
1164
1122
1259
1180
1375
1346
1093
1533
1197
1173
1170
1309
1244
1452
1623
1241
1162
1110
1261
1203
1400
1215
1129
1139
1170
1072
1400
1253
1207
1172
1126
1234
1268
1285
1205
1310
1512
1285
1888
1149
1105
1092
10222
2994
3050
2157
3344
2136
1593
2531
1492
1175
1141
1314
1201
1104
1235
1156
1121
1171
1148
1105
1149
1173
1198
1122
1242
1160
1155
1393
1370
1658
1542
1294
1110
1124
1179
1104
1298
1122
1105
1102
1172
1075
1351
1223
1600
1113
1107
1253
1106
1068
1161
1160
1506
1152
1177
1520
1290
1157
1107
1161
1319
1350
1159
1152
1139
1153
1105
1173
1220
1506
1104
1120
1069
1211
1255
1202
1333
1379
1376
1506
1176
1155
10014
3741
2017
1518
3433
1124
2530
1464
2467
1910
1467
1183
1484
1188
1222
1151
1106
1143
1121
1253
1180
1276
1095
1277
1153
1189
5114
1139
5976
1579
2135
1321
1260
1255
1225
1172
1226
1418
1238
1084
1126
1194
1117
1146
1145
1440
1413
2161
1227
1147
1118
1146
1157
1450
1305
1139
1121
1107
1074
1466
1240
1273
1217
1078
1112
1149
1199
1472
1394
1360
1447
1969
1135
12592
2434
1828
2054
2449
1610
1896
1422
2594
1612
1823
18446744073708553100
1440
1140
1117
1156
1101
1251
1128
1183
1248
1280
1070
1065
1483
1264
1442
1478
1527
1239
1608
1388
1152
1158
1203
1176
1446
1211
1155
1112
1275
1069
1122
1141
1460
1134
1104
1100
1105
1069
1320
1260
1441
1277
1981
1287
1195
1151
1104
1255
1299
1312
1222
1322
1183
1162
1640
1247
1291
1234
1110
1121
1123
1144
1143
1391
1609
1415
11514
2713
4225
3559
1812
1209
2009
1597
1723
1624
1644
1622
1974
2078
1629
1543
1170
1130
1184
1333
1446
1086
1230
1231
1147
1144
1161
1464
1417
1483
1699
1118
1205
1362
1234
1197
1259
1111
1105
1908
1154
1187
1234
1486
1109
1087
1508
1142
1161
1339
1386
1264
1621
1308
1136
1339
1177
1667
8562
1261
1410
1261
1143
2881
1229
1306
5504
1182
1132
11071
4146
2117
3368
1128
6117
1317
1964
2022
2021
3159
1548
2924
4507
2617
2148
1471
1401
1563
2036
1324
1116
1282
1129
1196
1173
1104
1102
1202
1167
1125
1317
1617
1296
1319
1300
1109
1065
1175
1203
1614
1616
1977
1200
1165
1202
1316
1380
1190
1255
1144
1130
1105
1247
1187
1342
1089
1145
1379
1236
1221
1273
1350
1374
1398
1684
1209
1254
10380
3308
1421
2350
1101
1135
1287
3010
1253
2107
1087
1152
1108
1145
1167
1333
1186
1124
1245
1199
1277
1157
1469
1398
1166
1140
1221
1537
1155
1245
1237
1588
1163
2073
1136
1118
1146
1167
1232
1208
1457
1152
1170
1131
1368
1154
1483
1323
1116
1231
1148
1118
1191
1280
1297
1209
1456
1925
1134
1170
1102
1139
1276
1245
1105
1164
1179
1167
1189
1242
1303
1485
1739
1184
1180
1519
1309
1418
1482
1441
1978
1192
1213
8652
1088
1412
5109
4423
3070
4237
1176
3218
3986
1181
2171
1653
1793
2362
2041
1723
1819
2022
2683
2030
1556
1580
1750
1889
2053
1931
2240
1766
1689
1301
1414
1106
1108
1140
1300
1410
1204
1886
1179
1165
1111
1144
1157
1382
1238
1218
1141
1181
1176
1389
1266
1315
1195
1289
1237
1138
1247
1121
1325
1437
1412
1752
1375
1112
1145
1133
1272
1302
1136
1106
1128
10289
3356
4489
1870
1321
2262
1226
1537
1202
1081
1137
1133
1110
1142
1183
1182
1222
1097
1314
1306
1284
1160
1392
1360
3468
1480
1111
1146
1175
1158
1361
1227
1109
1108
1263
1117
1211
1180
1506
1126
1110
1142
1151
1107
1422
1222
1689
1163
1137
1454
1730
1110
1196
1188
1343
1156
1400
1172
1216
1147
1185
1151
1184
1144
1151
1112
1147
1102
1110
1135
1567
1275
1913
1146
1153
1190
1209
1197
1345
1241
1072
1173
1207
1190
1302
1202
1501
1256
1125
1177
1118
1069
1191
1228
1434
1148
2057
1313
1160
1212
1133
1185
1364
1270
9957
3764
1665
2122
4206
1885
2262
1637
1967
1538
1774
1768
1712
1762
1848
1881
1425
1256
1190
1140
1281
1565
1940
1164
1165
1312
1165
1846
7536
1169
1206
5341
1291
1220
1590
1330
1794
1461
3842
1147
1228
1206
1144
3698
1171
1258
1414
1962
3481
3630
2969
1724
1157
1299
1283
1280
1310
1345
11076
2537
4040
1367
1627
3797
2081
1160
1490
1281
1299
1188
1219
1116
1167
1158
1552
1118
1151
1164
1146
1076
1240
1294
1239
1632
1775
1127
1092
1420
1173
1334
10933
1756
2059
1737
1176
1193
1424
1243
2063
1230
1160
1163
1195
1267
1391
1173
1100
1114
1206
1108
1116
1168
1309
1312
1108
1202
1148
1074
1412
1341
1481
1146
2179
1124
1243
1100
1362
1319
1416
1154
1327
1143
10688
3840
3231
2527
1886
1639
1813
1560
1675
1804
1767
18446744073708553345
1833
1111
1127
1276
1109
1194
1145
1287
1193
1416
1942
1076
1205
1127
1158
1421
1435
1184
1109
1142
1147
1202
1161
1282
1388
1246
1243
1202
1169
1109
1202
1629
1296
2075
1301
1133
1288
1133
1137
1135
1177
1148
1101
1313
1174
1106
1192
1414
1318
1074
1325
1248
1164
1140
1180
1598
1172
1950
1166
1204
1138
1113
1142
1555
1386
1086
12201
2340
1391
4840
1630
1598
1696
1731
1398
1158
1147
1164
1114
1101
1166
1341
1386
1071
1240
1069
1130
1091
1290
1440
1322
1678
1500
1199
1075
1117
1134
1258
1492
1131
1202
1137
1192
1386
1305
1281
1244
1183
1071
1144
1114
1162
1071
1654
1271
2115
1289
1105
1121
1131
1222
1256
1177
1105
1097
1133
1109
1157
1150
1250
1531
1239
1154
1171
1193
1137
1181
1414
1227
2072
1077
1217
1410
1076
1179
1160
1352
12629
1161
2014
3840
2642
1589
1573
1563
1805
1754
1607
1787
1642
1623
1971
1283
1142
1181
1074
1211
1239
1542
1510
1554
2102
1120
1211
1151
1117
1501
1151
1406
1181
1126
1187
1138
1154
1270
1092
1256
1108
1057
1170
1122
1187
1461
1300
1851
1543
1113
1116
1247
1211
1374
1213
1171
1095
1084
1235
1264
1199
1245
1379
1130
1186
1230
1080
1163
1158
1290
1194
1956
1383
1214
1113
1108
1134
1238
11164
2493
2109
2009
1432
1879
3153
1943
1650
1593
2037
1585
1617
2072
1186
1207
1368
1068
1180
1406
1201
1128
1155
1356
1197
1475
1790
1126
1154
1190
1149
1144
8473
1310
1250
1272
1153
2877
1331
1179
5533
1207
1179
1130
1152
1210
1269
1185
3676
1203
1138
1230
3481
1159
1106
1194
3272
5098
2896
1406
1533
1121
1187
12732
2078
3285
4126
1760
1563
1609
1392
1174
1102
1129
1101
1098
1137
1327
1605
1197
1165
1109
1067
1169
1158
1532
1303
1747
1119
1134
1304
1294
1202
1290
1307
1103
1195
1198
1134
1212
1141
1230
1378
1118
1292
1142
1345
1157
1138
1472
1224
1837
1267
1155
1112
1135
1160
1402
1188
1233
1104
1187
1186
1107
1136
1205
1458
1071
1162
1104
1139
1301
1125
1490
1320
1573
1859
1199
1210
1303
1229
1367
12607
1774
2504
3559
1293
2348
1707
1554
1808
1796
1755
1817
1857
1458
1531
1260
1205
1115
1102
1103
1104
1157
1390
1289
1586
1780
1164
1137
1187
1169
1359
1392
1130
1231
1172
1156
1289
1203
1347
1231
1402
1137
1134
1146
1135
1200
1335
1286
1519
1749
1191
1261
1167
1195
1148
1163
1174
1098
1176
1142
1142
1157
1477
1367
1246
1408
1130
1163
1189
1144
1237
1245
1838
1398
1142
1104
8554
4062
2967
2396
1287
1411
3586
2200
1556
1115
1091
1285
1319
1294
1138
1422
1259
1282
1147
1324
1259
1424
1178
1161
1186
1102
1119
1222
1143
1621
1239
1774
1140
1107
1072
1168
1201
1420
1095
1213
1086
1147
1251
1237
1397
1248
1269
1146
1251
1163
1098
1100
1150
1365
1308
2041
1141
1091
1151
1156
1235
1304
1296
1176
1185
1211
1081
1181
1227
1590
1348
1159
1242
1206
1113
1280
1076
1343
1246
2109
1169
1185
1301
1163
1242
10519
3818
2047
2753
4537
2768
1245
1616
1744
1606
1650
1737
1698
1691
1627
1096
1145
1202
1153
1333
1289
1421
1312
1870
1366
1171
1193
1082
1152
1181
1429
1086
1375
1198
1212
1499
1628
1998
1525
1384
1496
1145
1215
1217
1411
1789
1574
1113
1175
1231
1339
1250
1185
1094
1067
1185
1097
1240
1155
9291
4306
1822
2015
2030
1287
1481
1400
1068
1272
1168
10330
3434
4502
1727
3706
2688
4503
2061
4241
1567
2669
1621
2231
2551
1108
1671
2177
2052
7488
5085
1972
2189
18446744073708554464
5434
1828
1565
2049
4760
2172
2355
2177
1927
3631
1314
1366
1620
3581
1143
1232
2167
4367
3060
1329
1391
1153
1076
1142
1173
1133
11145
3055
3415
2428
2267
1574
1659
1178
1215
1106
1202
1157
1198
1370
1323
1931
1146
1137
1451
1305
1292
1513
1106
1165
1149
1112
1067
1213
1226
1158
1072
1279
1241
1358
1117
1209
1320
1321
3221
1498
1112
1118
1141
1371
1173
1183
1165
1120
1154
1111
1146
1446
1379
1128
1206
1216
1146
1287
1282
1393
1201
1439
1796
1177
1172
1193
1303
1365
1337
1223
1211
1282
1091
1193
1178
1256
1088
1121
1126
1231
1220
1143
1154
1410
1333
1512
1786
1230
1106
1188
1157
1162
1183
1204
1100
1109
1322
1234
1186
1442
1388
1068
1101
1122
1148
1204
1119
1231
1532
1265
1839
1177
1131
1179
1171
1180
1398
1200
11175
2481
3847
3898
4405
1181
2161
1136
1507
1527
1496
1751
2219
1954
1469
1314
1157
1161
1460
1191
1809
1330
1247
1162
1300
1457
1651
1128
1228
1186
1198
1198
1247
1187
1229
1236
1120
1065
1107
1315
1113
1335
1640
1174
1677
1151
1188
1104
1105
1113
1218
1441
1294
1182
1317
1123
1183
1237
1561
1065
1083
1097
1170
1184
1100
1170
1528
1082
1881
1158
1147
1159
1151
1270
1329
1244
1134
1215
1193
1328
1259
9220
4074
3295
2158
2299
2271
1608
2052
1565
2034
2539
1819
1598
1807
3779
1462
1956
1319
1114
1295
1109
1335
1852
1768
1226
1118
1107
1199
1192
1831
1180
1215
1118
1197
1092
1340
1766
1413
1385
1583
1188
1590
1134
1379
1193
1188
1103
1866
1729
1153
1136
1347
1788
1969
1346
1579
1353
1854
1808
1916
1137
1117
1216
2292
1364
1294
1413
1135
2547
1280
11304
3443
4271
1466
3298
2072
1998
2752
2141
1778
1674
2260
1635
1884
2618
2554
1580
1716
2028
2027
1165
1218
1158
1289
1239
2109
1370
1168
1161
1187
1146
2085
1593
1623
1479
1142
2016
1207
1208
1210
1239
1068
1781
1197
1159
2156
1391
2075
1177
1382
1090
1148
1183
2114
1860
1373
1245
1109
1981
1783
1234
1599
6091
1984
13728
3191
3535
1412
4691
1339
1381
3315
4294
1602
1107
1922
1411
1805
3542
1301
1153
1127
1169
2383
1219
2311
3652
3912
2464
1349
1787
1135
1193
1155
1294
1350
1182
1186
1115
1178
1149
1071
1107
1538
1966
1533
1363
1208
1105
1200
1249
1535
1509
1829
1106
1536
1479
1262
1373
1205
1171
1097
1105
1383
1396
1182
1280
1104
1515
1436
1216
1106
1140
1371
1408
1500
11225
2972
2979
2514
1564
1955
1984
2393
1425
2591
1147
1651
1626
1789
1791
1917
1834
1721
1642
1517
1127
1105
1072
1093
1161
1214
1167
1574
1264
2024
1229
1152
1151
1195
1192
1216
1209
1111
1114
1123
1524
1208
1301
1503
1340
1246
1121
1206
1102
1144
1485
1195
1699
1355
1101
1156
1111
1283
1145
1509
1109
1162
1107
1157
1392
1172
1347
1421
1358
8456
6787
4315
2756
1579
2525
1375
1432
1255
1300
1248
2335
1352
2678
2919
1234
1109
1166
1442
1416
1643
1275
1171
1066
1103
1214
1362
1654
1176
1070
1144
1373
1138
13447
2091
2151
1169
1123
1225
1267
1346
1870
1302
1161
1138
1214
1415
2044
2111
1199
1214
1148
2343
1431
1192
1142
1430
1761
1180
1283
1172
1191
1130
1135
1984
1144
1272
1274
1506
2787
1191
1637
1180
1150
1940
12240
1716
2950
4087
3322
1620
18446744073708553662
1724
2328
1942
1595
1624
1925
1998
1346
1077
1187
1070
1283
1989
1332
1723
1387
1185
1123
1408
1750
1340
1185
1078
1294
1167
1147
1177
1316
1449
1932
1156
1161
1374
1160
1267
1538
1182
1952
1185
1179
1185
1158
1322
1353
1473
1365
1275
1151
1097
1278
1249
1253
1102
1075
1101
1196
1067
1137
1397
1968
1186
1805
1157
1187
1149
1103
1110
1162
1200
1117
11571
1786
4056
2851
1124
1805
1471
1482
1988
1541
1705
1737
2014
2070
1739
1641
1589
1633
2047
1943
2599
1688
1785
1566
1436
1299
1169
1218
1121
1191
1155
1996
1281
1278
1321
1236
1111
1269
1175
1359
1319
1444
1643
1162
1130
1121
1339
1554
1382
1147
1681
7133
1210
1110
1127
5718
1359
1806
1106
1106
1228
1171
3187
1382
1214
1315
10103
4638
4595
2054
4597
1131
1187
1808
2144
5456
3219
1566
1368
1321
1905
1361
1154
1104
1186
1167
1103
1195
1172
1164
1114
1339
1160
1155
1894
1674
1336
1099
1170
1341
1161
1554
1170
1710
1247
1156
1445
1200
1228
1458
1252
1069
1207
1192
1150
1117
1162
1192
1241
1265
1198
1225
1167
1245
1187
1391
1382
1342
1779
1157
1102
1117
1437
1444
1353
1069
1063
1117
1115
1100
1278
1282
1397
1246
1124
1153
1426
1223
1243
1362
1274
9966
2988
2552
2022
4151
2502
1579
1661
2015
2697
1673
1645
1462
1157
1115
1224
1110
1102
1119
1455
1118
1624
1714
1473
1230
1149
1139
1193
1192
1384
1262
1516
1129
1118
1165
1143
1211
1112
1392
1133
1115
1172
1124
1071
1136
1386
1364
1346
1190
1103
1177
1688
1161
1598
1337
1770
1576
1591
1230
1441
1322
1164
1219
1099
1101
1215
1240
1281
1267
1486
1350
1163
1260
1200
1159
1218
1260
1338
1232
1174
1123
1175
13031
2015
2375
2800
1814
2344
2654
1681
1590
1654
1742
1683
1794
1708
1635
1621
1840
1950
1537
1829
1761
1842
1562
1383
1592
1347
1135
1103
1104
1160
1325
1340
1118
1128
1715
1079
1336
1208
1212
1154
1062
1139
1117
1185
1101
1131
1506
1320
1244
1839
1274
1191
1184
1242
1228
1356
1132
1096
1147
1201
1108
1379
1307
1513
1157
1407
1155
1147
1169
1420
1170
1424
9553
3623
2506
3363
1437
1091
1166
1206
1332
1518
1424
1290
1913
1222
1150
1160
1221
2663
1449
1096
1107
1249
1122
1134
1203
1328
1196
1061
1176
1169
1378
1166
1245
1579
1106
1971
1112
1174
1108
1315
1242
1327
1546
1617
1292
1074
1202
1263
1216
1205
1112
1152
1156
1090
1108
1137
1549
1263
1396
1947
1158
1146
1158
1212
1205
1205
1108
1103
1105
1375
1129
1216
1295
1381
1070
1118
1136
1107
1102
1327
1257
1313
1490
2046
1178
1212
1171
1136
1301
1284
1115
1144
1149
1115
1083
1160
1564
1234
12809
1394
1251
2525
3361
2552
1470
1544
2651
1203
2241
1539
1406
1768
1885
2548
1755
1368
1106
1319
1484
1227
1104
1603
1219
6811
1126
1975
1210
4395
1934
1211
1174
1102
1168
5823
1365
1317
1115
1144
1312
1526
1109
1814
3251
1324
1333
1146
5070
2963
1806
1164
9431
3193
3639
2573
3117
1211
1201
1815
1198
1206
1234
1174
1106
2476
1349
1422
1295
1237
1239
1149
1168
1098
1216
1182
1360
1353
1806
1138
1331
1172
1145
1248
1432
1079
10855
1731
1997
1311
1481
1359
1350
1698
1201
1102
1144
1348
1377
1204
1274
1172
1132
1153
1129
1149
1298
1313
1230
1094
1102
1342
1139
1205
1354
1194
1846
1297
1101
1108
1363
1144
1241
1300
1416
1120
1193
1160
1320
1198
1368
1253
1162
1100
1194
1256
12393
1170
2231
4990
1228
18446744073708553617
2361
1516
1681
1543
1892
1812
2778
1628
1543
1686
1354
1426
1115
1162
1116
1835
1275
1395
1257
1407
1308
1160
1185
1244
1152
1404
1473
1296
1860
1332
1142
1181
1225
1197
1272
1083
1160
1235
1142
1123
1154
1154
1435
1383
1251
1986
1126
1331
1366
1177
1586
1792
1139
1102
1105
1333
1401
1352
1207
1151
1111
1248
1223
1136
1278
1235
1193
1097
1215
1392
9984
3837
4011
1363
1150
1527
1165
2763
1421
1333
1086
1199
1214
1549
1238
1585
1524
1273
1152
1104
1144
1131
1346
1103
1124
1210
1297
1288
1245
1187
1181
1279
1115
1111
1212
1113
1283
1129
1399
1347
1644
1174
1160
1210
1149
1266
1255
1288
1082
1150
1345
1153
1107
1470
1343
1431
1270
1129
1110
1518
1169
1218
1325
1481
1596
1352
1236
1255
1213
1477
1325
1088
1094
1106
1139
1210
1360
1230
1179
1449
1097
1195
1352
1147
1216
1463
7350
4543
2610
3766
2489
2096
2963
1241
1931
1995
2705
1907
1486
1147
1178
1390
1254
1136
1258
1139
1070
1191
1201
1270
1188
1070
1233
1115
1106
1201
1420
1476
1366
2131
1171
1139
1271
1115
1165
1287
1130
1138
1108
1504
1083
1154
1296
1290
1069
1122
1237
1104
1071
1138
1166
1372
1187
2364
1145
1199
1101
1188
1307
1305
1140
1149
1123
1216
1109
1136
1454
1266
1150
1111
1067
1164
1181
1190
1159
1374
1261
2083
1155
1411
1111
13301
2069
3096
2198
1710
1677
2290
1914
1611
1830
1394
1345
1107
1427
1634
5522
4978
1235
1176
1496
1312
1785
5143
1234
1322
1312
1178
1147
1122
4345
1377
1110
1136
1073
1191
2289
1712
4542
3075
2781
2320
1253
1303
1750
1372
1565
1224
1136
1215
1146
1295
1149
1224
1389
1291
1710
1627
1238
1150
10508
4267
2238
3052
1941
1798
2348
1379
1466
1126
1186
1268
1219
1226
1159
1250
1165
1062
1119
1162
1192
1198
1349
1082
1161
1115
1146
1134
1460
1386
1343
1643
1116
1065
1117
1463
1345
1249
1131
1233
1150
1197
1106
1209
1451
1308
1200
1101
1104
1331
1077
1293
1361
1221
1711
1373
1244
1141
1103
1242
1353
1477
1316
1241
1218
1068
1130
1168
1265
1169
1267
1070
1145
1154
1070
1104
1545
1346
1295
1820
1200
11523
3120
2308
2460
2237
1991
1915
2462
1441
1231
1073
1102
1225
1579
1120
1107
1304
1185
1102
1191
1477
1388
1180
1218
1065
1133
1182
1101
1129
1527
1340
1905
1369
1202
1208
1165
1385
1314
1124
1124
1222
1113
1070
1124
1239
1382
1265
1200
1312
1121
1101
1159
1426
1265
1462
1493
1137
1154
1158
1279
1331
1504
1114
1163
1212
1102
1211
1204
1479
1348
1108
1071
1068
1412
1077
1163
1199
1531
1139
1752
1157
11293
2416
2273
3084
2939
2096
1815
2451
1497
1586
1400
1143
1201
1403
1194
1179
1297
1206
1307
1200
1222
1176
1222
1068
1107
1108
1085
1102
1281
1414
1775
1864
1152
1071
1133
1183
1252
1113
1238
1068
1068
1189
1199
1284
1463
1576
1147
1164
1151
1158
1277
1134
1757
1240
2114
1195
1300
1115
1155
1190
1320
1149
1155
1139
1229
1110
1143
1215
1351
1305
1310
1250
1237
1109
1104
1155
1675
1135
2027
1102
1073
10022
4195
1477
1971
3264
1838
1872
2032
2084
1557
1628
1858
2045
1969
1614
1757
1513
1408
1136
1158
1209
1099
1127
1179
1330
1493
1441
1228
1734
1109
1109
1111
1245
1412
1553
1411
1186
1336
1240
1312
1374
1471
1222
1149
3204
7040
1970
2061
1482
1347
1287
1248
1266
1220
1170
1220
1419
1289
1219
1148
1108
1132
1184
1162
1319
1426
1166
1077
2250
1294
11591
3185
2405
3532
3609
2923
1366
1959
1892
2271
1550
1589
2084
6184
3631
1847
18446744073708553420
4391
1849
1562
1802
1651
5591
1697
1776
1851
1598
1548
2936
2255
4310
4043
1499
3792
1477
1128
1219
4350
2882
1850
1195
1481
1289
1991
1840
1148
1125
1311
1148
9222
3864
3264
2575
3000
2192
1204
1402
1259
1197
1157
1382
1155
1149
1159
1157
1223
1209
1138
1223
1334
1181
1126
1200
1079
1177
1199
1512
1237
2127
1304
1111
1123
1468
1196
1221
1272
1111
1136
1136
1151
1154
1244
2746
1190
1278
1282
1281
1228
1323
1203
2137
1123
1128
1129
1102
1202
1181
1439
1158
1180
1145
1090
1155
1163
1274
1230
1111
1125
1179
1263
1074
1132
1481
1369
1397
1813
1250
1125
1109
1187
1234
1262
1498
1203
1428
1163
1167
1151
1329
1333
1105
1124
1138
1169
1108
1131
1425
1149
1889
1536
1149
1207
1160
1170
1295
1490
1101
1212
1105
1149
1101
1515
1294
1322
1100
1117
1217
1087
1131
1104
1537
7368
4379
3056
2563
2298
3126
3293
1748
1732
1753
2578
1398
1154
1209
1615
1616
1210
1162
1216
1194
1102
1127
1165
1101
1210
1123
1113
1169
1295
1285
1168
1518
1311
1531
1510
1108
1068
1116
1270
1214
1454
1270
1186
1158
1216
1221
1227
1396
1196
1174
1105
1104
1101
1067
1449
1421
1135
1972
1106
1197
1144
1150
1216
1319
1298
1148
1127
1540
1097
1284
1239
1278
1209
1091
1279
1166
1121
11659
1985
2736
1227
3888
1995
2239
1482
1781
1463
1768
1958
1478
2029
1303
1184
1113
1076
1379
1431
1072
1194
1148
1122
1146
1196
1361
1226
1390
1186
1358
1151
1112
1249
1382
1459
1311
1857
1165
1139
1446
1498
1673
1195
1415
1445
1183
1419
1234
1636
1125
1148
1156
1288
1133
1235
1207
1392
1180
1200
1106
1110
1327
1344
1207
1529
1420
1198
1365
1191
1111
1198
1257
1187
1142
1143
1108
1106
11106
2548
2472
4591
1143
1954
1302
2264
1573
1623
1550
1709
1901
2682
1761
1580
1688
2061
2052
1709
1554
1660
2057
1972
1486
1402
2002
1643
1816
1907
2407
1853
1579
1765
1709
1879
1717
1776
1384
1343
2134
1277
1275
1178
1113
1133
1170
1525
1071
2020
1114
1181
1095
1237
1377
1403
1340
1072
1115
1150
1664
1207
12350
7051
2241
3236
2444
3089
2222
3334
1144
1191
1284
4891
1788
1130
1142
1119
1110
2700
1155
1436
2630
1234
1912
4192
3926
2615
2117
1741
1110
1201
1245
1249
1147
1149
1128
1201
1142
1132
1128
1345
1551
1798
1135
1150
1149
1144
1191
1265
1238
1492
1706
1424
1377
1105
1178
1291
1385
1065
1140
1103
1175
1112
1497
1160
1225
1269
1077
1147
1107
1151
1335
1233
1339
1281
1984
1171
1105
1200
1361
1104
1245
1132
1103
1115
1193
1110
1117
1273
1425
1139
1153
1110
1309
1169
1380
1340
1215
1607
1796
1165
1176
1104
1148
11054
2068
2477
3482
1934
1769
2418
1574
1548
1784
1609
1465
1209
1100
1529
1082
1239
1105
1390
1209
1125
1153
1126
1066
1120
1312
1397
1499
1974
1117
1124
1104
1102
1227
1390
1150
1065
1106
1140
1166
1108
1362
1172
1356
1154
1068
1064
1154
1283
1157
1215
1456
1125
2024
1272
1140
1228
1161
1104
1188
1134
1098
1108
1082
1138
1125
1161
1348
1520
1119
1197
1116
1064
1120
1263
1468
1108
2193
1302
1196
1149
10515
3438
2056
3047
4479
7460
1638
2671
1170
1926
1538
1718
2127
1603
1655
1712
1603
2290
2007
2403
1545
1526
1739
2022
1739
1685
1722
1661
1993
1568
1673
1584
1826
1641
2042
2328
1997
1576
1720
1731
1838
1632
1742
1524
1155
1390
1380
1215
1099
1160
1187
1196
1113
1192
1335
1256
2004
1180
1247
1139
1136
18446744073708552797
1280
1295
1168
1141
1174
1112
1280
1255
1213
1355
9895
3668
3619
2994
2396
1199
1266
1243
1165
1784
1410
1103
1279
1223
1142
1205
1113
1426
1215
1994
1151
1193
1102
1097
1309
1444
1182
1219
1200
1066
1074
1166
1286
1209
1083
1126
1186
1083
2360
1888
1406
1358
1687
1116
1244
1108
1162
1253
1375
1311
1070
1419
1122
1228
1143
1395
1397
1066
1129
1099
1104
1102
1197
1628
1268
1629
1678
1195
1142
1118
1389
1359
1246
1138
1363
1167
1107
1250
1526
1328
1268
1105
1072
1124
1111
1124
1198
1352
1307
1622
1647
1291
1069
1188
1381
1217
1196
1127
1148
1117
1190
1154
1168
1447
2232
1112
1366
1152
1121
1265
1299
1200
1412
1755
1137
1185
1250
15385
5602
1745
8510
3438
1963
1902
1921
1780
1628
3298
1123
1175
5589
1352
1126
1120
1119
1175
1234
2011
2880
4296
2666
1555
1173
1104
1132
1197
1220
1469
1265
1916
1141
1111
1184
1191
1148
1167
1230
1168
1152
1135
1120
1354
1393
1743
1265
1285
1177
1067
1181
1117
1276
1408
1516
1435
1422
1493
1106
1203
12393
2191
2208
1891
1343
2951
2201
1105
1169
1505
1231
1205
1274
1077
1138
1103
1108
1156
1183
1433
1352
1106
1085
1424
1244
1358
1247
1471
1188
2147
1118
1188
1105
1137
1235
1519
1283
1085
1101
1167
1182
1240
1171
1277
1327
1165
1207
1229
1105
1381
1274
1557
1404
1802
1172
1124
1174
1476
1219
1364
1162
1247
1353
1158
1241
1141
1406
1269
1148
1285
1153
1150
1162
1420
1554
1636
1901
1152
1121
1102
1151
1215
1320
1108
11963
1211
4581
3063
3030
2091
2104
1832
1753
1955
1868
1621
1864
1706
1826
1366
1189
1259
1245
1205
1778
1334
1183
1131
1252
1169
1167
1319
1104
1136
1129
1197
1100
1193
1202
1279
1232
1148
1419
1276
1272
2268
1432
1534
1589
1123
1653
1218
1193
1311
1581
1198
1666
1161
1125
1139
1158
1529
1804
1317
1175
1108
1495
1307
1722
2019
1093
12062
2773
3953
2032
1234
1486
1205
1529
1590
1658
3133
1460
1109
1150
1124
1149
1232
1221
1096
1275
1218
1397
1438
1140
1121
1107
1130
1145
1273
1271
1164
1866
1532
1140
1183
1160
1287
1307
1272
1133
1143
1150
1153
1158
1141
1329
1515
1142
1118
1176
1117
1187
1163
1457
1250
1855
1246
1219
1100
1354
1147
1204
1166
1218
1104
1103
1194
1105
1139
1215
1513
1070
1130
1346
1127
1275
1195
1329
1289
1140
1289
1579
1322
1316
1173
1293
1442
1194
1136
1147
1099
1100
11988
1714
3738
2118
3242
1912
1639
2351
1632
1539
1875
1641
1561
1554
1675
1686
2227
1630
2207
1628
1625
1982
2067
1260
1211
1066
1312
1318
2246
1237
1223
1123
1241
1106
1720
1304
1219
2230
1549
1394
1160
1221
1301
1159
1280
1105
1170
1203
1130
1189
1163
2282
1812
1208
1075
1114
1184
1352
1387
1585
1414
1232
1116
7643
4569
8615
6455
4381
4163
2610
2191
2659
3157
1475
3769
1120
2748
2924
1815
3119
1432
1811
1409
3568
1170
2003
1152
3656
5232
2854
1149
1799
1225
1342
1211
1259
1185
1922
1197
1523
1378
1532
2331
1207
1164
1152
1150
1205
2487
2495
1712
1347
3714
1116
10560
3207
1500
1367
1648
1204
1806
11229
3678
1715
3608
2130
3052
3587
3435
2882
1166
2474
1534
1548
1619
1602
1936
1788
1686
1669
1736
4409
1968
1262
1154
1119
1165
1164
1163
1181
1231
1353
1260
1186
1150
18446744073708552902
1398
1816
1183
1201
1155
1167
1418
2164
1780
1633
1178
1110
1830
1473
1394
1160
1332
1146
1662
1451
1265
1315
1133
1105
1731
1264
1213
1217
1378
1429
10493
3814
3204
2759
3344
1599
1761
1558
1189
1943
2013
1233
1465
2749
2049
1155
1131
1105
1313
1171
1316
1685
1105
1241
1271
1323
1203
2251
1407
1721
1399
1118
1546
1224
1163
1266
1225
1137
1615
1185
1146
1392
1306
1295
2394
1332
1109
1223
1242
1161
2480
1169
1131
1195
1133
1685
1346
1606
1086
1342
1342
1994
1258
1376
1285
1153
1175
1813
1314
1181
1183
1503
1320
2594
1123
1071
1154
1185
1243
1223
1168
1173
1080
1245
1293
1167
9937
4525
2798
4176
1418
2576
1946
1772
1850
3193
1703
1744
1760
2794
2576
1480
1320
1880
1204
1160
1239
1139
1330
1541
1166
1107
1196
1477
1462
1879
1251
1291
1153
1175
2536
1603
1602
1164
1138
1437
1158
1487
1147
1124
1139
1205
1115
1154
1132
1193
1184
1138
1070
1676
1237
1302
1288
1526
1265
2373
1162
1101
1181
1110
1174
1244
1168
1106
1228
1228
1220
1150
1281
11523
4092
6137
2629
4031
3499
1549
1549
2743
2048
3145
3913
1212
1179
1138
1244
2928
1195
1204
4418
3902
2060
1993
1262
1344
1840
1133
1191
1248
1385
1188
1272
1145
1120
1159
1271
1076
1187
1185
1743
9688
1314
1924
1171
1108
1165
1194
3664
1211
1112
1167
1076
3820
1270
1180
1178
1109
14755
4938
1722
5042
1177
2404
1997
5819
3092
1895
1241
1406
1295
1147
1101
1257
1209
1491
1440
1499
1189
1068
1120
1148
1070
1145
1415
1292
1322
1394
1680
1255
1303
1966
1384
1072
1148
1124
1169
1641
5897
2509
1256
4294
2366
1186
1105
2007
1223
2211
1696
3135
1107
1169
1264
2599
1238
4637
3640
10840
4929
3922
1779
2474
3967
4288
1188
2494
1672
1546
1878
1765
1201
1711
1288
1399
1316
1145
1228
1074
1111
1197
1199
1461
1344
1981
1218
1105
1083
1134
1346
1389
1339
1288
1264
1415
1237
1266
1468
1172
1280
1174
20311
3576
6709
6877
4332
5147
11745
4663
4058
4149
7104
3493
1950
1901
2173
1879
2358
4637
4920
1094
2819
4426
2491
2126
3473
1747
2824
1730
3740
2891
2288
3699
1875
1635
1839
3380
1535
2883
1154
1579
1213
4509
2031
1236
10653
7799
1744
2821
2733
2787
1373
2267
4033
1171
1493
1210
1194
1147
2328
1858
2098
3429
1586
1989
2818
1168
3147
3924
3755
4380
2079
2579
3622
1441
3479
1863
1954
2729
1274
4128
1296
1816
13122
1849
2407
1218
1195
3763
1348
1266
1250
1773
2935
1187
1138
3114
1651
1365
4501
1571
1811
1304
1150
1941
1113
1985
4709
1304
1597
1245
1326
1162
4348
1870
1416
1543
13079
2936
4154
18446744073708555736
2429
2181
2277
1143
2890
1241
1109
3473
1684
1481
3785
1222
2010
1318
1471
3636
1726
1406
4583
3305
2907
2032
5701
1222
1265
1523
1804
3652
1110
1137
1187
3704
1119
1100
1146
1358
4350
1328
1145
1133
1108
2670
1232
1156
11409
6667
2244
3234
1273
1920
1451
1628
4851
1212
1307
1321
1322
1213
2747
1164
1073
3865
1075
1080
1326
1217
3512
1300
1154
2398
3126
4158
2509
2011
2777
3385
1152
1291
1251
4617
1304
2175
1113
1191
1108
5048
1413
1221
1375
1393
1193
1336
4521
1146
1157
1306
1327
2454
12695
4687
3097
1560
1242
3653
1552
1327
2728
2983
1202
1253
1293
1738
4778
3629
1572
4679
1233
1373
1511
2839
1315
4918
1171
1639
1307
1180
1224
4572
1314
1238
1432
1282
1225
1942
4328
1165
1258
1232
1700
2503
1079
2449
1257
1150
3311
3890
12409
2677
3733
1688
1620
4133
1563
1250
1268
1128
1113
2003
1629
1910
1173
1100
1142
1287
1179
1190
1292
1193
1384
1122
1268
1277
1315
1320
1064
1110
1490
1229
1101
1190
1285
1142
2348
1261
1130
1158
1198
1175
1337
1235
1282
1851
1594
1315
1190
1643
1170
1253
1153
1146
1139
1148
1101
1248
1215
1187
1146
1178
1150
1610
1820
1293
1364
1653
2273
15721
2612
5435
4515
2013
2400
1968
5272
1541
1167
1664
1503
3859
1239
1149
2469
1239
5025
1635
1482
1288
1168
1092
1098
2676
1200
3645
2317
1207
1110
2406
1367
1680
4939
2963
2919
1197
2253
1109
3412
1767
1801
3979
1261
1313
1197
1121
13170
2453
2449
4447
2713
1535
4476
2028
1519
1287
1165
1108
4722
1157
1404
1373
1522
3375
1108
1193
3367
3732
3123
2018
2441
2271
3207
1443
1191
4366
1211
1112
1218
1304
4008
1238
1267
1344
4489
1168
1153
1172
1180
1120
1788
5273
1220
1156
1307
1178
1137
1179
3808
1237
11169
2733
6887
3276
2058
5008
1896
2018
4113
2547
6512
3823
4143
1964
6293
1623
1789
2188
1778
1764
2670
2505
1151
3385
1525
1104
4500
1168
2603
1251
1098
1130
1210
3491
1488
3921
1747
11298
3073
2505
4716
1838
4478
1281
1228
1603
5063
3668
2055
2455
4027
1251
1267
4719
1867
1932
3584
1240
1147
2298
3925
1649
3335
2075
1315
2990
1864
2069
5162
1223
1632
1172
1133
1084
1168
4599
1354
1255
1142
1116
1204
1827
2638
15817
2590
2309
4742
1451
1224
5244
1207
1734
1331
1430
1679
4057
1240
1149
1247
1100
2146
1321
20393
2918
2010
2344
4102
1866
5081
1846
2045
18446744073708557269
4244
2811
1818
1449
1820
2038
3195
2878
2801
1910
1582
1784
1641
1751
1390
1136
1332
1194
1079
1447
1215
1176
1079
1334
1315
1270
1690
1652
1197
1156
1105
1277
1644
1263
1200
1162
1171
1727
1224
1307
1157
12667
1994
3978
1250
2473
1170
1505
1152
2004
1579
1079
1244
1102
1116
1655
1188
1217
1285
1187
1143
1716
1136
1169
1275
1281
1918
1147
1374
1109
1303
1186
1231
1204
1170
1181
1158
1112
1078
1087
3244
1194
2092
1209
1153
1170
1185
1147
1290
1219
1186
1110
1167
1085
1109
1306
1626
1239
1165
1800
1072
1070
1149
1220
1320
1666
1696
1114
1397
1224
1239
1396
1159
1070
1150
1137
1106
1227
1148
1173
1191
1091
1320
1082
1303
1134
1200
1203
1701
1244
1973
1142
1247
1078
1178
2200
1491
1404
1356
1482
1435
1443
1390
1616
1118
1102
1190
1441
1180
1332
1171
2055
1114
1139
1104
1101
1199
10018
2782
4146
1125
2862
4078
1463
1597
1753
1729
1898
1840
1467
1391
1230
1648
1375
1133
1169
1158
1110
1076
1184
1372
1309
1888
1530
1110
1117
1185
1117
1365
1415
1239
1256
1167
1129
1180
1338
1453
1272
1177
1107
1109
1162
1109
1144
1616
1575
1646
1282
1122
1465
1278
1125
1236
1121
1076
1101
1209
1149
1131
1191
1360
1489
1272
1225
1247
1158
1431
1244
1446
1321
1921
11257
2446
2028
2471
2014
2770
1476
1564
1362
1624
1740
1107
1106
1194
1165
1135
1167
1185
1162
1527
1170
1123
1257
1497
1401
1073
1216
1198
1071
1184
1292
1402
1336
1907
1084
1090
1100
1160
1175
1452
1091
1302
1236
1136
1392
1115
1437
1399
1591
1197
1159
1169
1644
1183
2326
6877
3803
1190
1133
1187
1362
3915
1283
1074
1146
1119
3139
1333
1185
5354
10788
3430
2141
2243
2396
2255
5028
1514
1446
1773
1614
1345
4656
2819
2168
1225
1185
1148
1371
1212
1582
1205
1756
1621
1122
1275
1169
1303
1296
1164
1173
1308
1149
1288
1382
1208
1264
1229
1142
1234
1113
1109
1071
1278
1466
1400
1879
1309
1114
1126
1141
1202
1113
1174
1125
1107
1104
1456
1304
1326
1376
1149
1074
1076
1150
1128
1079
1182
1433
1178
1957
11891
1916
1768
3308
2370
1988
1549
2049
2052
2615
1753
1380
1223
1252
1274
1146
1134
1194
1117
1129
1083
1191
1446
1119
1275
1311
1137
1077
1175
1145
1451
1118
2110
1174
1276
1237
1162
1503
1528
1114
1218
1144
1177
1077
1163
1244
1162
1186
1127
1127
1085
1578
1089
1529
1371
2037
1140
1255
1136
1135
1256
1396
1190
1327
1125
1156
1114
1110
1147
1184
1375
1073
1105
1203
1103
1069
1206
1272
1561
1155
12267
2435
3620
2230
1903
1473
1892
1804
2094
2532
1523
1626
1839
1700
1433
1114
1166
1135
1118
1076
1449
1856
1172
1122
1106
1106
1068
1146
1387
1191
1622
1568
1156
1466
1145
1298
9204
1227
4550
1196
1131
1109
3750
1950
1397
1124
3815
1678
1255
4207
1131
1177
1400
1389
2413
1270
2306
5532
12744
4558
3594
3938
7402
2391
1685
1532
1608
4281
2030
2098
1442
5506
1959
1429
1975
1240
1143
1140
3515
3455
8351
1725
1729
1126
1158
2682
1315
3042
1426
4643
1174
1597
4543
4660
1853
1184
1165
1192
1433
1244
1887
1746
1834
14433
5381
4500
1802
3235
1118
5351
1647
1199
1177
1200
1160
18446744073708553973
2753
1175
1069
1171
1974
3932
1164
1118
1091
1982
5092
3935
2601
1159
1178
1068
1106
1183
1153
1149
1568
1322
1407
2178
1178
1118
1190
1161
1219
1320
1316
1117
1211
1183
1320
1387
1806
1149
1204
1128
1131
1177
1204
1464
1136
1958
1156
1113
1439
1167
1118
1199
1386
1133
1062
1133
1062
1060
1131
1278
1208
1193
12426
3276
2786
1165
2503
1551
1647
1555
1319
1299
1122
1186
1154
1474
1277
1311
1514
1187
1818
1117
1118
1125
1103
1244
1568
1074
1358
1184
1119
1191
1291
1303
1230
1084
1206
1151
1148
1190
1149
1352
1305
1467
2120
1223
1105
1126
1191
1164
1171
1148
1106
1119
1108
1367
1187
1392
1533
1109
1080
1164
1114
1165
1218
1334
1301
1309
1663
1086
1213
1112
1131
1139
1235
1447
1074
1085
1107
1067
1248
1147
11295
2700
5944
3338
1120
3174
2966
1860
6552
6593
1112
1502
1705
2311
1760
5723
1780
1788
1568
1764
1658
1131
1526
5095
1167
1160
1123
1185
1300
3521
1268
1875
1716
4895
2872
1313
1441
1741
1536
2054
1234
1168
1325
1200
1366
1493
1120
1152
1448
1550
1266
1287
1116
1122
1122
1072
1203
1387
6886
1322
1173
1237
4531
3049
2550
4748
1627
3500
1419
1239
2613
1342
2449
1418
1360
1281
1149
1171
1136
1115
1154
1269
1205
1246
1143
1366
1076
1154
1485
1233
1457
1342
1992
1194
1275
1100
1127
1331
1314
1179
1155
1097
1192
1158
1106
1141
1208
1456
1070
1153
1209
1425
1289
1361
1519
1173
1914
1183
1517
1210
1168
1506
1679
1453
1617
1390
1391
1256
1266
1166
1268
3405
1245
1490
1769
1426
2128
1452
2948
1474
1518
1443
1175
1168
1350
7261
12246
2976
2943
3055
1083
4145
2036
3016
1528
3277
1637
2085
4924
1209
1142
4920
1087
1188
1225
1395
1480
1788
1385
5312
3942
1934
1331
1692
1669
1268
1204
1078
1207
1111
1211
1243
1344
1113
1074
1110
1320
1386
1390
1653
1332
1924
1364
1123
1070
1126
1286
1377
1262
1233
1242
1302
1103
1074
1169
1443
1105
1158
1138
14941
3002
1229
3536
2297
1871
1757
2208
1684
1649
2044
2236
2304
1612
1759
1456
1252
1208
1126
1182
1183
1100
1255
1291
1488
1246
1187
1214
1112
1242
1173
1212
1463
1193
1977
1155
1321
1163
1195
1243
1238
1289
1138
1140
1158
1106
1289
1270
1184
1211
1314
1080
1177
1100
1106
1155
1530
1221
1798
1161
1217
1105
1196
1496
1328
1240
1106
1223
1161
1108
1112
1383
1404
1108
12220
1534
1968
3378
1389
1200
1888
1221
1249
1148
2893
1139
1076
1244
1310
1105
1407
1422
1384
1638
1180
1143
1225
1165
1178
1470
1130
1127
1106
1339
1219
1233
1227
1423
1137
1073
1112
1107
1072
1122
1253
1598
1105
1897
1131
1091
1102
1102
1203
1447
1137
1087
1096
1128
1177
1270
1336
1352
1309
1125
1158
1298
1190
1187
1139
1561
1427
1865
1124
1399
1119
1189
1328
1266
1323
1075
1261
1075
1108
1111
1187
1485
1137
1276
1210
1179
1074
1107
1205
1398
7210
4378
1662
2454
4457
1131
1974
3361
2284
1868
2193
1262
1838
1519
1522
1641
1920
1677
1650
1615
1682
2026
1479
11367
2090
2165
1277
1201
1193
1123
1155
1505
1270
1283
1720
1120
1288
1160
1144
1153
1251
1242
1516
1206
1929
1724
1099
1115
1156
1183
1287
1166
1192
1108
1130
1312
1330
1542
1239
1201
1184
1189
1073
1139
1117
8009
1244
3623
3705
2378
3668
1290
1262
1100
1312
1292
1146
18446744073708552883
1385
1479
1671
1135
1081
1093
1155
1649
1295
1139
1175
1188
2348
1491
1363
1219
1115
1108
1179
1470
1183
1352
1323
1213
2074
1259
1274
1204
1227
1132
1554
1245
1147
1216
1138
1077
1122
1247
1230
1164
1199
1204
1183
1797
6997
1194
3376
1113
1153
1188
4012
1148
1236
1371
1422
3188
1153
1077
1165
4509
1454
1165
1134
1205
1192
2323
1118
2105
1143
3963
3445
2125
1338
11444
2871
2629
2324
3646
1286
2597
1784
2365
1645
1876
2637
1419
1284
1171
1101
1237
1467
1142
1116
1119
1121
1180
1170
1283
1199
1137
1102
1067
1110
1341
1120
1248
1183
1407
1514
1929
1163
1122
1160
1269
1176
1265
1375
1112
1137
1309
1103
1364
1478
1090
1069
1137
1107
1066
1218
1223
1485
1177
2058
1115
1195
1193
1142
1143
1372
1296
1070
1123
1140
1352
1194
1243
1312
1261
1205
1069
1109
1211
1214
11408
1672
5031
1116
1881
2804
1240
1512
1883
1458
1880
1565
1610
1619
9441
4740
1169
1291
1256
1150
1274
1439
5353
1372
1703
1120
1150
1120
1396
3532
1158
1071
1183
3421
1501
1075
1118
2131
4694
3941
1202
1244
1242
1424
1409
1125
1766
1256
1363
1233
1175
1226
1223
1109
1154
1064
1099
1145
1198
10353
3746
2054
2693
1984
2598
3125
1438
1463
1656
1981
2466
1356
1167
1110
1290
1231
1384
1154
1065
1088
1141
1065
1139
1470
1251
1262
1108
1066
1162
1116
1139
1105
1556
1299
1530
1629
1274
1222
3366
1305
1218
1263
1105
1650
1284
1326
3172
1343
1647
1243
1276
1542
1255
1602
1495
1157
1711
6228
3663
1171
1339
1351
1104
5098
1321
1187
1584
1515
1926
16580
3510
2393
1299
3510
2435
1590
1789
1811
4844
3049
2444
1296
1190
1312
1153
1325
1125
1196
1499
3382
1899
1112
1111
1288
1149
1142
3635
1171
1165
1212
1580
1610
1468
1224
1247
1074
1114
1185
1500
1185
1755
1190
1198
1164
1116
1142
1213
1261
1106
1112
1208
1111
1156
1194
1360
1192
1410
1258
1281
1170
1079
1357
1308
1383
1763
1382
1124
1165
10080
3732
2484
2424
5345
1775
2331
1607
1577
1755
3069
1401
1861
1727
1557
1287
1158
1235
1207
1204
1199
1848
6636
1835
2413
1196
1732
3760
1205
1319
1243
1320
2890
1197
1132
1161
6025
1221
1220
1113
1142
1251
1418
3032
1147
1068
4063
3316
2043
1153
1209
1435
1447
1260
8077
3869
3241
2929
3466
1321
1727
4246
2337
1205
1149
1127
1159
1254
1465
1229
1108
1247
1100
1071
1092
1261
1146
1229
1097
1118
1124
1295
1107
1325
1447
1334
2112
1341
1121
1075
1185
1319
1230
1386
1150
1127
1193
1120
1120
1142
1125
1379
1238
1071
1173
1178
1111
1688
1332
1215
2109
1154
1160
1248
1142
1108
1337
1204
1121
1142
1332
1077
1297
1096
1193
1168
1158
1075
1286
1074
1122
1139
1192
1530
1536
2061
1118
1151
1176
1174
1231
11127
2212
2325
4377
1202
2602
1828
1601
1498
1775
1435
1224
1151
1216
1155
1212
1154
1238
1362
1086
1130
1105
1130
1151
1314
1516
1250
10034
1414
1235
1972
1768
1286
1316
1312
1672
3582
1200
1482
1198
1933
1639
1202
2193
1349
1490
1388
1183
1423
1131
1130
1256
1227
1138
1668
5381
2893
1371
2344
3345
1210
11454
2242
6669
2542
3051
2067
1612
18446744073708556593
1706
1498
2031
1923
3424
2727
1626
3724
6076
4894
3561
2518
2244
2420
1430
1532
1884
1825
2399
1127
1160
1158
1373
1407
2040
1206
1118
1152
1082
1216
1277
1222
1163
1139
1144
1118
1468
1126
1138
1346
1468
1348
1787
1198
1106
1122
1211
1341
1247
1305
1165
1164
10690
3499
1924
3582
1123
1122
1078
1399
1783
1357
1568
1658
1428
1453
1465
1447
1255
1114
1279
1298
3615
1759
1945
1102
1133
1123
1190
1224
3444
1454
1143
1252
1247
1357
1463
1210
1303
1300
2372
6767
1416
4116
1714
1406
1400
1439
2882
1251
1272
5009
1233
1152
1408
1355
1779
5520
1334
1200
1180
1075
1074
1175
4638
3150
2106
1093
1243
1359
1260
1510
3631
1334
1353
1146
1544
1603
1177
1543
1199
1137
1269
1223
1151
1099
1150
11688
3084
3158
1755
4020
2303
1861
1448
1720
1582
1753
1987
2077
2363
1667
1526
1669
1698
1109
1089
1092
1181
1141
1243
1415
1432
1229
1147
1174
1122
1173
1143
1506
1372
1452
1610
1348
1073
1104
1193
1248
1309
1101
1069
1066
1121
1265
1180
1193
1428
1319
1115
1219
1187
1150
1213
1388
1315
1441
1618
1162
1134
1104
1142
1399
1435
1149
1131
1227
1103
1114
1139
1225
10552
4099
1844
3195
1124
1876
1136
1113
1198
1113
1107
1119
1271
2976
1176
1193
1184
1158
1507
1296
1324
1935
1201
1161
1142
1144
1100
1321
1340
1103
1143
1305
1137
1269
1309
1673
1170
1263
1211
1900
1480
1427
1544
1935
2254
1217
1154
1263
1194
1238
1205
1100
1105
1152
1295
1526
1403
1414
1106
1189
1251
1101
1156
1369
1366
1263
2062
1191
1410
1111
1125
1232
1488
1075
1070
1112
1138
1070
1105
1235
1223
3460
1212
1208
1245
1189
1386
1363
1451
11314
2740
3671
8662
4908
2319
4093
2344
1839
1496
1638
4305
1458
1588
1697
3970
2651
1717
1333
2082
1191
3580
1164
1501
3076
2856
4182
2695
1388
1292
2133
1286
1238
1266
1242
1207
1342
1243
1184
1204
1130
1122
1528
1512
1152
1258
1073
1070
1135
1246
1252
10637
1146
4827
4858
2646
3306
1106
1168
1883
6418
3867
1307
1167
1149
1157
2761
4659
1087
1404
1120
1179
1081
2567
1472
2824
1227
1648
3815
1133
1118
1126
1110
1108
2284
3023
3753
5245
1927
1151
1108
1271
1218
3739
1198
1292
1692
1235
1270
1253
1161
2097
1122
1156
1185
1193
1409
1391
2371
1394
1114
1134
1676
7434
1126
1546
1563
1877
1897
1157
14095
2297
3935
4751
6078
1751
2138
2606
1308
1947
3258
1760
2675
1615
5454
3012
1606
1224
1196
1502
1313
1867
1153
1101
1169
1301
1302
1405
1505
1376
1383
1158
1112
1195
1291
1182
1152
1126
1072
1156
1116
1159
1814
1648
1414
1910
1108
1101
1119
1162
1124
1127
1163
1104
1279
1300
1302
1144
1339
1412
1206
1146
1112
1111
1143
1131
1376
8924
15490
3924
1302
3598
3506
2074
1783
1723
1699
1704
1778
1593
2294
2160
1870
1644
1576
1359
1162
1210
1241
1115
1153
1197
1137
1357
1295
1351
1123
1109
1220
1374
1142
1316
1389
1149
1199
1081
1398
1430
1472
1403
1329
1311
1767
1158
1156
1115
1267
1241
1489
1196
1288
1122
1141
1284
1237
18446744073708552875
1412
1075
1073
1209
1116
1142
1315
1158
1471
1383
1820
1188
1086
1133
1070
1291
1472
1076
1189
1413
1163
9852
3501
5096
3377
2476
1618
1579
1641
1768
2975
2612
2286
2103
2174
2096
2320
2080
1221
2233
1876
1809
1706
1687
1624
2329
2101
1832
2034
1891
2115
1908
2570
1825
2203
1809
1855
1935
1962
2017
2146
2137
1933
2443
1870
1926
2426
1792
2001
1851
2511
1994
2666
1806
1854
2424
1110
2870
1116
1605
4656
1692
1286
1283
1366
7288
3286
2760
3067
2565
1217
4607
2819
11394
13832
1941
1435
1571
1365
1385
1330
1569
1242
1193
1489
1247
1336
1681
1402
1903
1296
1142
1163
1330
1577
1547
1726
1860
1271
1605
1627
1432
1075
1295
1320
1383
1241
1382
1421
1169
1188
1239
1389
1730
1373
1851
1519
2099
1309
1163
14865
1149
1166
1161
3199
3127
1940
3283
1969
1831
5019
7550
3254
1918
2346
3742
2336
4923
1444
1482
1281
1230
3091
1520
1234
1312
4930
1291
1701
1543
1497
2476
1540
4270
1775
1963
2009
6252
3235
2362
2552
1486
1267
1447
2214
1421
1640
1481
1409
1986
1463
1389
1358
1361
11864
3356
3802
4649
4724
6613
3189
2245
2309
1843
1677
1783
2416
1943
1790
1910
2440
1419
1147
1076
1146
1198
1944
1839
1616
1165
1268
1290
1685
1580
1125
1111
1140
1269
1697
1311
1347
1159
1111
1094
1715
1153
1167
1160
1418
1326
3324
1365
1552
1501
2344
1508
1323
1522
1321
1908
1678
1214
1395
1151
1345
1670
1440
1364
1670
2297
13868
3007
1206
1328
2759
1243
1904
1280
1996
2707
1662
1325
1353
1350
1294
1789
1222
1275
1101
1231
1541
1704
1190
1142
1072
1132
1327
2214
1462
1788
1245
1106
1241
1815
1373
1382
1167
1345
1300
1159
1244
1109
1144
1194
1148
1096
1170
1102
1101
1173
1293
1365
1710
1522
1106
1102
1150
1179
1154
1159
1199
1099
1130
1179
1321
1235
1462
1542
1161
1360
1145
1238
1118
1227
1407
1150
1825
1438
1195
1142
1134
1221
1603
1120
1115
1222
29992
2619
5705
2733
8120
9262
2430
2937
5349
2127
2265
1381
4190
1717
3260
1264
2754
1432
1905
5092
1215
1094
1182
1360
3228
1542
2153
4157
1157
1196
1441
1212
2091
1118
2955
1291
1357
1325
5969
1483
9592
3424
3334
2122
6266
1219
1131
1173
1404
1226
1440
5106
1435
1255
1406
1261
1646
3735
1380
1238
1226
1076
2344
1286
3060
4988
3739
1207
2197
1097
2025
1778
1885
2388
3090
12425
3404
1564
1154
1415
4492
1192
1256
1185
1166
1266
2086
3133
1466
2326
5355
1160
1184
1132
1135
1180
1159
3549
1428
2962
1152
1229
2536
1375
2273
4061
1127
1326
1316
4020
1129
1072
1172
1166
1302
2797
1170
1748
1165
18446744073708555597
1891
1394
1216
2582
1201
1912
4579
2961
11995
5081
2101
3632
5627
1194
4144
1474
1702
1868
3084
1794
5945
1130
1276
1160
1128
1195
1140
4348
1377
1234
1124
1233
1106
1104
3231
1308
3290
4758
3071
1663
1116
1105
1322
1397
1245
1093
1093
2981
1329
1183
1394
1376
2711
1777
1351
1152
1321
1707
1192
1192
1257
1124
1155
2028
1741
1280
1097
1251
2058
12627
2462
3443
2257
3800
1587
1779
1678
2415
1860
1315
1902
1180
1761
1229
1334
1274
1205
1137
1617
1164
1095
1141
1276
1468
1766
1101
1131
1211
1218
1580
2022
1487
1774
1141
1153
1159
2125
1439
1186
1098
1221
1190
1740
1251
1172
1224
1116
1142
2335
1151
1148
1419
1421
2772
1508
1209
1231
1148
1806
1269
1231
1114
1111
1152
2092
1628
1329
1110
1129
1202
1733
1274
13700
1822
1983
2567
4303
1554
2028
9139
2705
4307
2358
2014
1606
1517
2673
2129
5008
2777
2179
1643
2808
5276
1191
1934
1483
1197
1194
3142
1187
1166
2761
1420
3362
2757
1274
1293
5323
3916
1693
1229
1127
1207
1163
1685
1278
1415
1451
1388
11055
4091
3849
2835
2995
2117
1358
1908
1546
1588
2295
1146
1404
1494
1239
2235
1198
1421
2954
2315
1230
1109
1107
1318
1300
1891
1177
1143
1161
1186
2020
1871
1471
1217
1115
1224
1128
1145
1262
1223
1139
1138
1274
1727
1299
1244
1316
1562
1307
1784
1166
1156
1221
1129
2534
1432
1078
1158
1176
1169
2058
4980
7061
3093
1209
4436
1456
1804
1572
1310
3044
1883
1566
3782
1422
1920
1696
13028
1829
4649
5946
1375
3901
1760
2419
2273
2368
2429
1362
1692
5187
3256
2508
1292
1603
1297
2430
1223
1101
1500
1212
1835
1328
1157
1149
1159
1208
2393
1510
3977
1665
1453
839
1186
950
1044
1817
884
3179
946
6884
1036
1095
5026
930
872
913
1027
1119
965
1332
4278
1033
853
10873
1772
2242
2525
1705
2634
2250
5695
1577
1256
1260
1576
1210
1278
1384
1514
5358
1672
1583
1671
1720
2231
3519
875
837
4262
940
1452
1252
1312
4093
8708
2883
2371
3894
2274
1912
3049
1564
2690
2729
2690
4000
1664
4706
2858
979
1042
4394
914
5288
1067
1445
1320
4427
5503
1362
1060
3261
4165
924
3527
3820
3399
832
1342
2159
3816
3939
1416
1841
1324
1274
1231
1063
2333
2589
1763
1189
5558
4125
2486
1325
1546
1015
1331
1218
1370
1247
1306
1317
1335
1579
1380
1617
863
1781
1309
1519
1520
8702
1502
19576
4350
8256
3002
1148
5180
3391
3105
5227
1496
6467
2916
1211
4494
6069
2811
3116
2192
2496
18446744073708554292
3315
1007
865
929
1027
1785
3217
877
865
866
914
2144
2077
2466
5923
984
989
931
866
841
850
918
889
864
857
927
1735
826
3349
927
876
892
930
3624
1573
908
872
919
1099
3309
986
862
841
937
3903
1083
1044
1020
939
829
1125
3508
1141
932
12981
1590
1488
2803
1578
4266
899
826
1083
899
1236
1057
2218
4714
2328
4005
1616
917
879
2469
1317
1331
1359
1221
3815
1448
3607
946
994
1511
1034
1243
1405
2250
1423
1899
913
920
2649
1388
872
951
5222
1470
1144
1784
817
920
947
1065
6466
925
1535
949
1136
1119
1075
940
1203
2187
837
1790
951
2050
2042
1760
2224
888
1078
3179
920
1898
858
883
2464
1284
2953
1029
867
1751
1421
4134
1852
840
893
899
892
916
1922
1166
2584
860
2944
1158
1391
1318
950
3128
1100
1955
1342
2173
1126
3377
2611
2235
2016
14100
5691
873
1466
2783
1907
2620
1818
3122
2084
3699
1272
1488
1232
1528
2430
2018
3875
1965
1005
1439
1190
1192
3207
1981
1344
1316
2243
2118
6074
2542
1352
1381
2537
1360
1584
1804
5093
2809
3092
1591
2299
1721
1801
2061
1307
1346
1694
3172
929
956
805
862
2350
973
1471
1260
1622
880
6921
3350
1973
3869
1496
923
4568
1157
6132
1714
1596
1987
622
10835
608
633
574
1384
698
2165
4437
784
871
2219
830
3471
1464
1339
691
671
572
589
2459
706
685
1046
630
623
622
711
3235
627
681
1621
815
841
801
700
1903
779
1561
1360
1185
3752
1396
758
648
659
554
684
697
624
1297
553
776
2940
571
552
680
670
602
3417
697
11335
613
628
641
5692
563
574
1089
2415
2144
1617
1436
1275
663
1115
1735
3853
830
2071
2558
615
641
573
580
579
620
1697
573
650
586
1019
623
2946
739
726
883
553
3278
562
1281
561
739
722
799
629
634
1774
644
1365
580
1763
587
574
616
2076
599
569
579
1671
574
672
561
2205
564
718
674
553
1200
555
562
3227
612
609
1768
805
663
716
2539
840
811
1278
1382
947
3335
789
1062
725
666
553
711
550
650
1567
3774
1501
1465
1572
714
648
1058
831
1535
649
681
626
589
734
705
826
1035
675
739
939
757
587
593
582
631
582
635
1057
586
610
674
612
739
578
566
592
598
625
879
1324
726
625
550
601
557
635
753
740
639
782
1899
647
581
632
578
569
579
585
656
700
1415
774
961
679
567
614
611
550
629
551
595
630
549
607
556
920
620
563
550
595
549
576
572
626
659
749
700
759
658
810
689
647
616
1097
991
551
625
592
594
637
570
580
650
611
591
943
688
570
614
651
770
643
637
643
613
552
756
655
551
646
720
586
560
627
552
595
549
613
637
579
577
550
603
640
659
797
882
678
566
630
550
986
1063
569
614
565
613
657
572
695
676
608
578
643
656
577
566
633
618
597
561
845
571
563
551
775
584
835
555
950
19017
3192
1407
918
4593
2657
6467
2698
1237
558
1893
1168
650
726
2295
590
2386
3558
2011
763
559
605
1697
565
1168
905
4650
1184
823
579
555
600
579
580
636
554
2742
768
685
555
2307
551
645
552
633
596
1274
695
2808
580
562
552
616
598
553
754
738
3308
621
797
1100
552
4921
575
616
687
661
730
553
676
784
580
672
670
560
588
627
718
2477
615
566
623
562
567
4564
685
873
889
553
1047
915
630
597
550
643
582
551
5250
642
5137
1043
3690
554
646
650
553
681
600
551
697
576
778
1751
624
2929
597
613
580
615
583
586
637
3743
649
573
624
581
665
650
582
647
640
554
718
1317
1320
953
1906
3834
1966
1643
1782
3401
664
598
694
689
1034
1975
653
1102
1109
1173
763
1303
1671
802
865
3601
617
599
815
1137
865
798
599
2190
648
552
681
1091
655
1055
3610
571
599
827
1141
606
584
633
555
643
722
18446744073708553237
625
754
1853
659
638
3684
1123
1659
1252
764
557
604
597
795
2545
1227
936
1699
889
654
3273
3757
606
629
570
893
2090
587
616
582
2596
586
751
1577
616
848
3466
579
608
1211
630
817
574
654
578
568
1535
906
754
2454
4175
596
619
1073
593
625
1988
1422
616
693
873
1163
1062
569
1452
580
636
871
3094
2399
1553
1729
1483
2395
3378
711
606
1312
643
952
787
555
736
2238
655
1379
994
1717
585
664
2028
551
921
1175
886
5484
871
2694
871
6235
753
3980
4237
1165
603
5607
639
729
2523
664
1298
739
1061
1155
595
3125
3646
1400
1292
1229
1019
1070
598
744
731
753
629
556
609
699
551
597
1556
727
816
632
555
613
550
561
562
656
636
742
611
657
616
643
565
805
992
606
837
1335
1164
588
618
625
570
617
582
568
626
777
573
626
575
2917
302
286
285
465
346
286
461
304
286
316
413
395
583
1207
367
361
521
363
375
361
359
372
240
260
2975
310
240
5781
301
246
326
308
195
195
209
197
195
195
1111
299
197
194
232
282
2879
203
122
123
122
153
121
121
123
122
234
123
122
122
204
126
122
170
123
122
123
121
123
121
123
264
122
122
123
123
123
121
162
163
123
121
123
122
124
121
4620
122
158
209
131
163
131
141
173
125
126
125
126
163
175
412
280
237
126
127
126
125
152
125
126
170
127
126
165
196
125
130
126
127
126
125
126
144
127
579
142
131
131
133
126
125
126
125
126
173
122
121
121
122
184
157
154
155
164
192
153
152
235
234
152
151
151
154
152
152
152
153
162
202
169
152
171
215
376
367
162
158
149
123
124
158
313
188
182
178
131
136
136
170
124
200
180
122
122
122
122
122
121
127
122
122
121
123
122
122
122
122
122
123
122
122
123
133
123
122
124
122
197
145
123
122
146
146
170
122
287
142
123
124
128
122
123
189
189
290
250
234
123
161
1751
128
170
127
126
127
126
239
126
127
127
130
127
155
126
126
129
205
202
132
133
138
154
128
222
811
123
127
123
141
176
176
199
161
156
124
206
137
122
143
166
121
122
122
122
189
121
122
122
122
123
123
123
122
133
122
122
138
123
139
123
122
122
123
234
122
122
122
123
138
122
123
122
244
163
127
241
145
350
170
179
256
150
130
131
257
179
283
139
125
127
126
131
125
125
125
198
126
125
125
126
126
125
125
126
184
127
124
127
270
122
120
160
216
122
121
126
125
122
122
216
122
122
122
149
121
123
209
122
122
122
121
122
122
123
122
122
121
122
174
122
137
122
125
123
122
192
198
221
123
176
123
122
122
124
227
124
190
189
129
264
143
250
206
137
190
128
122
122
191
122
120
124
122
123
122
141
123
236
122
122
121
122
124
122
122
122
131
122
122
122
123
166
121
123
135
123
286
121
121
163
131
123
122
160
154
158
125
126
18165
144
127
949
208
130
145
131
231
131
127
125
229
133
131
132
126
127
218
131
144
149
130
139
126
126
127
127
122
123
122
168
128
194
140
122
122
122
244
164
122
218
122
122
164
179
122
123
145
122
121
121
127
122
231
126
128
165
382
160
316
233
136
151
242
126
170
128
129
127
126
127
175
127
300
210
172
126
126
137
150
140
208
127
126
126
133
166
125
126
145
126
133
126
142
124
177
139
126
127
127
137
127
127
171
127
135
127
127
122
123
179
123
122
137
261
180
258
185
121
122
122
121
223
206
283
285
227
122
123
121
122
121
125
129
126
126
126
131
127
207
126
149
125
170
125
126
125
125
192
146
170
127
198
148
130
1099
122
121
126
121
123
204
121
121
167
121
122
162
122
247
214
121
180
121
121
122
121
123
122
126
121
121
123
131
123
122
123
122
200
122
123
215
123
123
157
201
122
249
142
292
190
347
240
137
170
122
122
126
130
127
126
126
125
126
125
125
126
158
174
127
171
126
126
127
127
170
125
135
126
126
126
127
127
127
156
136
126
186
185
154
126
219
134
198
126
126
131
126
184
182
122
211
123
121
122
122
122
122
137
122
680
133
240
130
122
136
122
178
211
182
146
172
143
154
126
126
126
136
178
126
127
126
149
149
146
177
127
128
171
128
215
126
161
141
137
145
122
122
123
220
122
122
123
122
202
122
123
121
123
145
236
142
219
155
187
133
136
132
122
122
122
122
127
121
121
122
131
122
122
122
122
165
121
126
121
158
177
175
165
126
181
285
209
123
122
122
122
122
204
136
122
122
123
123
123
186
180
125
188
189
125
144
176
169
121
122
122
121
138
121
123
122
167
123
137
124
122
161
239
123
122
122
219
123
121
122
122
160
131
122
146
151
160
121
121
122
132
122
124
122
123
253
123
121
145
191
122
129
208
246
122
174
126
230
195
126
122
121
121
187
276
226
122
122
122
123
122
121
122
122
139
123
122
123
208
122
125
161
122
136
122
121
121
203
122
121
123
122
125
123
122
122
222
137
122
124
187
122
123
123
122
206
122
123
154
122
123
122
132
121
123
122
122
134
122
122
123
122
131
122
122
122
126
122
124
142
188
145
150
163
155
174
1073
163
126
121
122
122
264
132
151
257
122
225
142
126
176
179
122
122
180
223
165
144
148
139
124
183
122
164
122
122
139
121
179
157
121
121
141
160
122
122
173
120
122
122
121
123
121
120
122
148
122
121
127
121
167
122
122
121
122
165
121
122
124
120
158
247
224
133
144
214
184
146
163
122
122
146
122
124
121
121
122
131
121
124
121
123
167
121
122
122
122
232
122
121
122
129
129
122
122
121
189
122
122
122
122
123
122
123
122
164
136
121
140
154
147
126
128
156
193
128
125
125
125
126
126
126
122
123
122
121
122
166
160
121
122
120
123
121
121
123
188
121
122
124
122
172
142
157
137
139
125
127
179
123
122
121
121
189
205
247
307
214
239
122
123
120
135
126
126
125
127
136
125
126
131
127
127
126
126
126
135
126
127
126
125
183
126
161
162
136
125
162
129
204
172
136
127
128
143
126
128
125
126
126
134
125
125
126
125
204
125
125
123
167
121
121
122
122
166
122
122
123
122
171
122
123
123
202
123
122
125
212
174
210
261
2155
143
122
123
121
165
122
122
122
153
121
122
122
186
121
122
121
157
123
122
159
122
166
121
121
122
260
497
159
195
122
158
225
208
184
252
122
122
122
221
153
283
264
173
121
204
121
122
121
122
209
121
121
121
237
301
680
133
129
132
145
121
227
229
139
159
156
122
121
158
121
188
123
186
122
140
122
122
151
121
130
122
122
122
121
167
261
740
124
122
152
123
122
186
121
160
122
121
123
121
145
122
123
121
200
123
121
157
257
122
177
158
211
182
121
124
131
142
178
564
170
171
124
121
174
122
276
122
123
122
121
124
121
122
121
122
121
122
122
122
121
121
122
122
213
122
122
157
219
121
171
618
122
122
170
122
121
286
213
298
267
121
122
122
142
122
121
122
122
208
121
122
122
210
123
122
120
121
168
121
122
145
261
128
205
122
185
245
137
188
187
167
122
152
121
122
123
121
120
121
122
136
121
120
121
204
121
150
121
150
120
121
122
121
274
632
122
122
120
121
169
122
153
122
229
136
122
145
203
121
192
125
183
120
120
120
120
129
122
120
125
122
130
122
121
121
121
158
231
566
121
123
121
121
180
123
235
304
121
121
121
236
124
132
122
123
144
121
221
273
127
188
181
121
122
168
121
121
155
238
267
237
172
122
194
138
137
125
126
126
126
134
125
125
125
126
133
124
141
126
124
181
127
153
125
134
125
125
126
128
143
169
182
145
127
126
186
126
126
125
191
149
147
126
175
128
126
125
125
156
124
122
182
181
121
122
122
121
156
121
121
123
121
214
199
682
159
193
122
122
210
278
181
154
166
122
121
122
122
122
122
122
121
130
122
123
137
121
150
121
120
121
120
166
121
177
161
128
121
122
122
121
165
121
228
121
122
140
279
126
164
127
170
122
122
122
167
121
123
249
212
298
198
137
122
278
520
123
185
123
121
167
131
121
122
147
121
206
122
122
121
121
153
121
121
121
161
121
122
140
120
171
189
138
157
122
140
122
252
591
134
122
121
121
137
124
121
122
122
121
126
122
122
121
161
182
160
121
171
122
121
122
122
189
123
123
122
239
121
141
190
299
806
124
122
122
121
191
123
257
122
122
123
131
122
122
123
123
166
126
126
126
127
147
126
126
126
127
130
126
126
126
135
128
126
197
126
126
126
127
127
126
208