18446744073709016266
1757
1462
2007
2882
6176
1866
3586
1588
5676
1382
2009
4905
1512
1422
1646
1555
1787
5113
1930
1633
2080
1463
2096
5769
3456
3363
3950
4184
2263
6005
1420
3599
1406
1351
1347
18337
2864
1872
1997
6911
2349
1700
1572
5812
1441
2268
1428
1438
1775
3501
1379
1379
1426
2984
9233
2865
3222
1519
1460
1379
1554
1876
1437
1431
1421
1548
1516
1737
1541
1336
1536
1538
1778
2093
1837
2332
1331
1377
1577
1645
1453
1626
1489
1540
11805
2874
3613
2038
2664
2111
1842
1372
1529
1574
1713
1659
1331
1323
1437
1325
1476
1698
1667
1865
1472
1400
1490
1492
1607
1392
1373
1446
1539
1426
1809
1516
1414
1402
1495
1461
1675
1538
2424
1457
1412
1525
1420
1448
1394
1522
1371
1403
1352
1430
1773
1380
1566
1499
1380
1381
1678
1458
2363
1466
1377
1481
1455
12426
2377
3891
3333
2787
1875
1774
2144
1680
1452
1503
1396
1473
1409
1507
1552
1323
1387
1467
1457
1561
1842
1755
1988
1802
1459
1579
1899
1626
1670
1553
1933
1767
1482
1478
1375
1370
1613
1446
1511
1587
1578
1839
1393
1424
1543
1510
1395
1544
1363
1363
1457
1663
1800
1394
1361
1428
1372
1754
1583
2393
1362
1424
1567
1525
11210
4040
2868
3142
2894
1749
1605
1514
1549
1550
1420
1456
1394
1356
1397
1597
1585
1506
1426
1541
1671
1422
1804
1868
1987
1360
1532
1516
1763
1509
1636
1532
1631
1486
1585
1328
1378
1334
1369
1428
1368
1961
1604
2111
1499
1371
1515
1579
1524
1497
1389
1474
1583
1605
1739
1549
1454
1484
1482
1371
1822
1768
2137
1508
1347
11944
3516
2831
2958
3134
1911
1777
1574
2172
8408
1536
1682
1471
1661
2584
2921
1680
2979
1390
2437
3550
1568
1549
4332
1698
1386
1468
1609
5894
4073
1541
1433
1683
1633
1712
1652
1849
1574
1529
1698
1530
1404
1554
1511
1497
1903
1854
2333
1391
11481
5007
2308
1953
2788
1711
2293
1516
1383
1479
1419
1439
1408
1453
1440
1370
1550
1570
1691
1678
1435
1350
1333
1480
1737
1558
1892
1453
1676
1509
1677
1559
1385
1317
1375
1418
1522
1729
1451
1589
1489
1553
1513
1818
1680
2163
1447
1417
1422
1736
1739
1428
1346
1489
1394
1441
1694
1426
1502
1413
1716
1718
1991
1483
2241
11934
2485
4529
2173
1839
2246
2284
2376
1443
1365
1329
1561
1619
1405
1468
1418
1663
1429
1750
12838
2335
2119
1855
1929
1523
1483
1536
1673
1536
1879
1697
1458
1459
1446
1524
1669
1564
2256
1499
1767
1496
1489
1440
1404
1328
1403
1531
1757
1629
1463
1820
1704
1455
1735
9527
4444
2588
3627
2813
1889
2272
2665
18446744073708553593
2317
1473
1459
1331
1446
1587
1442
1655
1386
1416
1414
1643
1672
1468
1412
1403
1372
2000
1783
2465
1432
1428
1448
1565
1616
1572
1367
1371
1787
1432
1788
1339
1453
1353
1536
1491
1489
1875
1968
2055
1484
1377
1448
1487
1429
1409
1375
1357
1405
1697
2055
1571
1333
1413
1328
1327
12663
1535
3585
2224
2822
3028
1427
1492
1472
1739
1654
2002
1544
1476
1562
1753
1414
1423
1383
1358
3693
1870
1414
1340
1380
1748
1591
1726
2244
1520
1382
1466
1442
1628
1668
1606
1549
1462
1413
1504
1576
1449
1399
1435
1604
1462
1628
1761
1470
1417
1505
1421
1466
1528
1417
1396
1476
1502
1722
1495
1767
1487
1377
1434
1421
12062
4274
1964
4168
2842
1892
1800
1964
1853
1790
2043
1467
1755
1533
2246
7397
2867
1386
3006
1418
1395
2337
3488
1412
1514
4580
1415
1404
1415
1367
2308
3761
1405
1536
3284
1756
2572
1949
5817
3442
1674
1392
1529
1904
1363
1373
1387
1338
1363
12044
2776
3979
2494
3784
1672
1806
1665
1781
2016
2043
1414
1380
1516
1470
1529
1494
1493
1409
1552
1446
1948
1526
1338
1457
1411
1465
1605
1474
2348
1472
1670
1575
1623
1807
2393
1888
1379
1531
1423
1461
1733
1375
1396
1415
1413
1488
1488
1455
1435
1409
1549
2574
1946
1901
1732
1543
1735
1595
1466
1384
1414
1694
2071
1438
11953
6164
1675
2211
2260
1630
1369
1942
1661
2173
1488
1412
1430
1452
1387
1429
1479
1432
1743
1758
1824
1427
1526
1382
1487
1363
1837
1410
2554
1379
1399
1364
1555
1830
1561
1445
1397
1415
1422
2340
1508
1463
1484
1485
1502
1776
2292
1516
1388
1686
1379
1620
1494
1462
1485
1433
1488
1448
1843
1475
1778
1478
1383
1411
12290
4640
3125
2090
2803
1950
1904
1824
1637
2307
1737
1639
1374
1471
1458
1398
1733
1875
1841
1849
1973
1627
1473
1574
1362
1558
2367
2264
1405
1395
1364
1563
1728
1440
1456
1555
1603
1484
1712
1382
1388
1478
1382
1440
1727
1918
2242
1505
1540
1366
1482
1589
1332
1483
1402
1375
1536
1849
1727
1400
1443
1560
12265
2586
4264
2180
3705
2100
2383
1879
1458
2000
1777
1708
1544
1402
1499
1892
1799
1422
1453
1333
1421
1383
1717
1524
1378
1547
1615
1978
1544
2352
1466
1388
1429
1441
1607
1414
1555
1559
1460
1331
1618
1505
1358
1408
1361
1321
1448
1834
1763
2127
1431
1414
1363
1523
1626
1365
1415
1390
1627
1590
1773
1429
1323
1408
1505
13659
1623
4033
2249
3059
2217
1901
1893
1637
1646
1600
2556
1482
1757
1509
1929
6967
1502
2184
4390
1542
1452
1751
2524
1738
2755
1678
3224
1493
1415
2617
3315
1400
1494
3019
15338
4091
3509
1700
1672
1730
12212
3718
2747
3199
3381
1767
2843
1966
1632
1734
2783
1529
1576
1376
1640
1573
1425
1466
1353
1364
1535
1915
1702
1481
1326
1365
1383
1697
1572
1364
2370
1724
1541
1567
18446744073708553240
1418
1380
1373
1516
1372
1544
1442
1517
1523
1458
1352
1466
1743
1834
1693
1527
1406
1458
2058
1461
1850
1548
1336
1446
1527
1619
1399
1339
14475
3580
2177
2735
1909
2086
1444
1466
1381
1325
1398
1929
1777
2374
1409
1382
1463
1744
1526
1348
1388
1528
1734
1500
1697
1713
1335
1429
1475
1502
1815
1615
1567
2432
1491
1353
1516
1699
1467
1556
1365
1431
1834
1787
1452
1540
1445
1327
1483
1468
2233
1838
2074
1596
1450
1592
1383
1448
1513
1382
1411
1540
1621
1373
1607
12248
2119
5304
1483
3066
3054
1801
1375
1531
1596
1742
1700
2286
1578
1513
1486
1391
1539
1443
1600
1555
1458
1497
1456
1808
1331
1413
1451
1334
1355
1918
1537
2540
1457
1414
1433
1427
1868
1333
1472
1544
1480
1706
1533
1431
1370
1490
1426
1477
1657
1633
2205
1490
1431
1466
1393
1460
1429
1409
1463
1493
1459
1684
1759
1407
10896
3861
3638
1389
4506
2514
1866
2268
2155
2023
2050
1841
2134
1475
1448
1621
1736
1457
1361
1468
1440
1458
1544
1756
1393
1341
1471
1714
1465
1784
1665
2216
1368
1354
1435
1447
1748
1703
1898
1471
1530
1699
1375
1414
1425
1723
1468
1408
1851
1859
2101
1404
1371
1460
1452
1409
1405
1452
1523
1342
1628
1723
1434
1398
1495
1448
1404
12249
2359
4377
1859
2596
2182
1805
1946
1680
1935
2234
1820
1955
1821
1787
2092
9188
1558
1741
1347
2519
1639
3914
1434
1425
1554
3294
1411
1406
5373
1344
1350
1473
1662
2493
2811
5318
2987
1565
1504
1430
1551
1419
1733
1710
1379
1468
1466
1337
13170
2921
4215
2152
3018
1830
1802
1787
1567
1723
2301
1610
1452
1446
1546
1437
1442
1424
1374
1377
1410
1802
1833
1412
1338
1375
1429
1492
1688
1620
2090
1400
1645
1438
1629
1521
1422
1369
1562
1482
1543
1639
1383
1809
1626
1332
1457
1690
1883
2066
1453
1473
1467
1887
1609
1434
1428
1325
1507
1408
1735
1425
1332
1341
1551
11985
3527
2627
4561
1881
1815
1957
1581
1418
1757
1711
2382
1928
1782
1822
2141
1815
1773
2057
1671
1750
1519
1333
1371
1405
1562
1484
1727
2135
1610
1418
1479
1408
1583
1550
1372
1433
1393
1333
1629
1712
1529
1513
1391
1604
1389
1668
1621
2495
1649
1555
1459
1567
1544
1483
1389
1400
1383
1489
1746
1654
1591
1440
1491
10411
5173
2951
2521
2058
2971
1729
1778
1515
1666
1645
2413
1362
1484
1376
1790
1645
1586
1558
1576
1410
1394
1795
1473
1329
1410
1333
1353
1776
1642
2268
1438
1329
1673
1491
1713
1488
1404
1607
1405
1627
1761
1483
1562
1373
1330
1413
1794
1613
2521
1389
1404
1412
1504
1533
1498
1553
1406
1575
1404
2197
1491
1388
1410
1378
13234
3702
14862
2496
4063
1448
1458
1586
1633
1482
1625
1563
1455
1885
1832
1440
1454
1330
1701
1347
1551
1717
2230
1666
1409
1483
1775
1637
1689
1351
1616
1413
1522
1733
1410
1494
1461
1386
1403
1709
1684
2283
1390
1442
1415
1430
1583
1480
1373
1405
1469
1774
1460
18446744073708553390
1352
13558
1458
1424
4545
4509
2258
1932
1741
1751
1456
2125
2106
2453
1684
1401
1495
1546
1401
6021
5171
1708
1469
1624
1532
5337
1339
1406
1572
2347
4721
1421
1621
1598
1523
1903
3093
1520
5791
3864
1636
1684
1660
1496
1414
1444
1594
1724
1543
14510
1954
4506
1459
4381
2598
3008
2067
1474
2338
2148
2282
1643
1679
1676
1571
1688
1383
1718
1499
1933
1683
1517
1454
1445
1484
2093
2020
2329
1783
1444
1557
1687
1752
1541
1691
1499
1577
1735
1876
1867
1856
1647
1817
1809
2222
1840
1705
1464
1901
1710
1446
1752
1762
1826
1866
1779
14670
2696
3702
2333
4322
2274
2289
2097
2392
1959
1805
1680
1534
1834
1927
1437
1931
1764
1777
1711
1947
1770
1744
1787
1590
1664
1526
2108
2058
2004
1466
1928
1801
1507
1858
1736
1658
1623
1713
1618
1720
1500
1470
1876
1713
1939
2085
1716
1869
1672
1829
1429
1896
1675
1854
1974
13844
3263
4772
2963
2566
2731
2116
2266
2491
2044
1951
1936
1692
1562
1848
2051
1561
1628
1775
1739
1675
1624
1539
1707
1505
1749
1575
1839
1495
1720
1836
1712
2607
1998
1807
1841
2143
1740
1920
1629
1738
2636
2485
2234
1673
1462
1666
1874
2227
1667
1392
1449
1542
1744
1657
1390
1400
12125
4235
2030
2972
1962
1954
1755
1630
1580
1342
1453
1736
1738
2033
1524
1394
1557
1663
1523
1454
1432
1452
1366
1507
1558
1713
1417
1562
1653
1403
1896
1507
2207
1439
1416
1436
1505
1735
1596
1517
1428
1470
1421
1672
1320
1426
1351
1416
1406
1659
1700
2103
1380
1369
1361
1417
1655
1493
1347
1453
1508
1498
1647
1743
13719
3165
2635
5340
1778
2163
1707
1377
1439
1402
1382
1465
1677
1851
2327
1760
1329
1461
1690
1504
1972
8979
1496
1396
1328
2323
4297
1342
1480
1881
3819
1746
5256
1945
1375
1401
1609
2158
3856
2290
1476
2862
4677
3315
1423
11126
6124
2130
3854
2249
2214
2466
2364
1707
1499
1336
1429
1361
1614
1561
2287
1724
1420
1366
1438
1530
1430
1416
1495
1393
1549
1626
1843
1430
1525
1441
1326
1476
1857
1710
1984
1658
1373
1399
1700
1455
1410
1391
1346
1412
1402
1629
1523
1638
1586
1501
1541
1732
1619
2489
1425
1430
1350
1922
1506
1347
1433
1365
1495
1411
14164
2187
2745
3971
2175
2025
1696
1424
1593
1458
1617
1365
1431
1403
1880
1699
2348
1423
1329
1447
1430
1467
1435
1418
1628
1479
1476
7531
6411
2553
2075
1708
1839
1633
1531
1555
1396
1507
1690
1473
1415
1440
1402
1460
1528
1612
2193
1785
1762
1499
1452
1436
1410
1423
1439
1372
12934
2867
2597
2646
3820
1862
1834
2188
2423
1518
1332
1386
1434
1636
1521
1537
18446744073708553277
2163
1663
1424
1371
1477
1460
1716
1434
1518
1496
1485
1766
1586
1592
1531
1452
1659
1713
1692
2209
1429
1463
1387
1390
1547
1410
1363
1668
1417
1509
1553
1379
1350
1397
1324
1554
1473
1619
2159
1395
1493
1401
1627
1454
1526
1425
1394
1425
1327
13428
2931
2838
3293
2120
1790
1682
1367
1594
1535
1494
1621
1449
1371
1426
1436
1815
1556
2356
1530
1376
1560
1811
1462
1415
1383
1326
1535
1482
1664
1371
1332
1739
1807
1569
1925
1937
1754
1382
1386
1492
1455
1738
1669
1432
1377
1340
1442
1587
1369
1384
1388
1382
1529
1716
1726
1451
2329
1473
1430
1548
1753
1479
1397
1590
11107
4818
3298
2884
2011
2114
1648
1478
1441
1427
1791
1591
1349
1382
1419
1325
1424
1771
1706
2260
1879
1423
1405
1558
1453
1426
1871
7544
2044
2315
3546
1429
1525
4766
1972
1752
1349
1407
2204
3893
1415
1349
1423
3072
1549
5851
3394
2146
1729
11944
3904
3289
3886
1448
1971
2127
1831
1383
1752
1734
2171
1603
1357
1371
1369
1348
1405
1834
1902
2170
1515
1368
1503
1536
1504
1422
1582
1322
1485
1811
1904
1377
1436
1363
1324
1473
1851
1416
2444
1654
1361
1380
1510
1877
1408
1389
1374
1327
1562
1517
1563
1551
1382
1478
1448
1827
1600
2432
1414
1373
1401
1785
1812
1777
12882
3732
4653
2458
4783
2001
1781
2437
2071
2013
2026
1784
1465
2064
1986
2493
1434
1490
1460
1617
1536
1388
1452
1732
1672
1925
1871
1924
1574
1374
1413
1408
1467
1732
1497
1545
1536
1512
2260
1772
1597
1638
1407
1871
1655
1393
1537
1378
1389
1476
1628
1657
1682
1524
1605
1502
1383
1411
1474
1423
1389
1505
1416
1656
11701
3686
3346
4228
2168
2247
2055
2874
1941
1874
1677
1706
1953
2103
1996
1521
1496
1788
1766
1518
1764
1386
1773
1765
2018
1803
1577
1375
1710
2096
1498
1761
1511
1632
1418
1399
1754
1663
1379
1676
1450
1962
1816
1869
1541
1795
1572
2256
1948
1945
1503
1605
1722
1544
1901
1547
1788
1527
1568
1965
1512
1811
1531
13985
2157
3048
3828
2002
2442
2110
1678
1471
1902
2030
1747
1471
1366
1788
1522
1495
1415
1395
1394
1441
1411
1641
1376
1374
1759
2218
1849
1956
2639
1688
1791
1984
2071
1532
1427
1385
1401
1460
1649
1378
1346
1741
1724
2110
2194
2691
1766
1687
1649
1610
1516
1482
1478
1498
1428
1569
1788
1388
1330
13631
2015
4314
2428
1846
2242
1799
1404
1540
1417
1469
1577
1657
2290
1587
1507
1420
1383
1739
1466
1453
1847
6273
4493
1403
1384
1646
3127
1612
2137
4124
1415
1385
1343
3520
1406
1373
3910
1383
14302
3570
2439
1548
2043
1585
11455
3039
2709
5483
2707
3266
1422
2314
2116
1948
1925
2277
1494
1369
1472
1489
1480
1381
1404
1416
1358
1837
2100
1377
1369
1397
1345
1438
1564
1666
2184
1808
1482
1497
1565
18446744073708553422
1461
1558
1371
1321
1478
1606
1619
1389
1391
1364
1375
1386
1888
1876
1794
1423
1404
1846
1549
1587
1479
1398
1411
1568
1543
1620
1371
1388
1962
14292
2946
1926
3440
2158
1603
1376
1493
1327
1927
2114
2782
1448
1362
1377
1453
1658
1420
1431
1512
1391
1688
1636
1754
1399
1417
1343
1432
1362
1856
2090
1942
1438
1549
1472
1667
1539
1589
1389
1491
1686
1776
1789
1553
1334
1322
1397
1412
1796
2095
1659
1600
1415
4208
1455
1401
1516
1461
1782
1795
1572
11307
3390
3783
3662
1908
1983
2989
1616
2092
1685
1652
1958
1788
1779
1456
1331
1601
1685
1721
1618
1402
1463
1635
1487
1724
1327
1407
1378
1508
1873
1655
2380
1406
1461
1355
1325
1929
1579
1475
1580
1474
1517
1710
1731
1496
1358
1328
1438
1474
1983
2334
1520
1384
1374
1439
1688
1469
1406
1391
1409
1367
1771
1912
1545
14765
1462
4546
2014
1994
1910
1685
1480
1642
1410
1427
1443
1971
1655
2055
1493
1331
1892
1486
1571
1529
1459
1496
1398
1538
1659
1659
1551
1615
1602
1774
1750
2290
1384
1446
1396
1488
1622
1929
1761
1492
1411
1680
1548
1470
1489
1645
1322
1712
1832
1849
2275
1453
1407
1445
1543
1577
1386
1590
1439
10895
4349
2974
3080
1971
2058
1424
1328
1446
1417
2444
1984
2292
1805
7227
1725
28682
1336
1280
1455
1700
3481
1349
1487
5142
1470
1422
1595
1452
5928
1362
1599
1337
1644
1504
2679
11394
11220
3819
2425
2229
2163
2722
2379
1895
1623
1333
1395
1535
1853
2532
1819
1440
1458
1489
1433
1530
1416
1405
1465
1647
1594
1720
1559
1364
1544
1405
1508
1681
2219
1786
1432
1483
1380
1525
1519
1419
1393
1504
1402
1545
1589
1724
1674
1344
1477
1395
1679
1948
2073
1652
1393
1694
1688
1556
1538
1418
1516
1372
12636
5733
1915
2831
3903
2060
2053
2119
1707
1356
1378
1415
1858
1638
2297
1468
1440
1563
1416
1560
1408
1380
1830
1347
1610
1749
1581
1373
1332
1362
1534
1476
1796
1808
2113
1423
1435
1512
1655
1736
1552
1400
1419
1624
1607
1519
1413
1375
1587
1380
1546
1870
1576
2366
1623
1337
1527
1645
1633
1535
1427
10770
5891
3418
1405
3614
2199
2005
2095
1678
1629
2186
1335
1681
1346
1533
1717
1614
2386
1362
1429
1391
1464
1737
1569
1598
1530
1407
1452
1722
1577
1500
1364
1359
1474
1957
1499
2321
1454
1468
1517
1481
1817
1573
1506
1597
1649
1440
1615
1327
1368
1332
1326
1391
1451
2091
1982
1522
1519
1464
1499
1548
1568
1502
1672
13236
2610
4314
1739
2174
11031
5098
1928
1495
1796
2129
1560
1466
1502
1643
1540
1631
1448
1547
1417
1527
1589
1689
1468
1476
1540
1383
1445
1828
1846
1995
1362
1469
1718
1717
1802
1602
1461
1550
1481
1674
1500
1339
1391
1511
1444
1733
1946
2339
1445
1416
1550
1485
18446744073708564109
2745
1722
1341
2893
1705
3902
1440
1537
1815
1637
1387
1661
1475
1652
1889
1479
1455
1336
1527
1419
1542
2160
2170
1772
1482
1365
1410
1455
1448
1425
1419
1419
2049
6714
5032
2533
1367
1433
2151
3855
1619
1416
1525
3112
1505
2466
1582
4256
1637
2321
2496
2518
5029
13047
5323
3707
3023
2347
1777
1868
1635
1468
1742
1492
1453
1484
1431
1407
1551
1595
2014
2552
1416
1377
1456
1409
1459
1390
1419
1426
1589
1480
2014
1372
1470
1382
1451
1396
1772
1462
2276
1701
1387
1482
1374
1664
1422
1451
1401
1370
1409
1621
1669
1603
1587
1412
1599
1586
1710
2492
1391
12223
1454
3399
2659
1869
1545
1756
1451
2190
1516
1387
1432
1371
1998
1402
1370
1519
1364
1477
1517
1451
1343
1341
1383
1345
1700
1788
1907
2078
1436
1386
1425
1727
1496
1347
1676
1424
1481
1423
1769
1395
1463
1346
1555
1436
1755
1610
2217
1469
1407
1449
1436
1576
1415
1371
1475
1367
1717
1644
1499
1597
1409
1495
1408
1696
1630
2196
1811
10961
3836
4113
2115
2349
2217
2321
1746
1474
1694
1471
1606
1523
1451
1416
1399
1319
1527
1461
1408
1551
1462
1449
1485
1582
1690
2577
1809
1480
1517
1592
1850
1482
1362
1423
1427
1443
1692
1360
1328
1386
1460
2144
1900
1836
2406
1566
2218
3724
2071
1626
1443
1522
1448
1458
1462
1374
13806
1837
2634
3917
1525
1850
1548
1368
1536
1431
1329
1574
1468
2246
1847
1337
1475
1459
1709
1415
1441
1428
1602
1452
1519
1876
1504
1383
1385
1412
1502
1819
2452
1485
1538
1496
1611
1552
1415
1448
1377
1463
1476
1399
1708
1453
1634
1573
1462
1519
1729
2099
1545
1360
1564
1465
1837
1701
1618
1422
1632
1493
1723
1413
1330
12615
3860
2817
2038
3050
2066
2297
2037
1924
1740
1628
1994
2296
1613
1364
1472
1451
1630
1580
1416
1570
1401
1755
1691
1473
1490
1454
1426
1372
1536
1958
1868
1881
1386
1470
1370
1457
1410
1441
1464
1370
1878
6607
5297
1558
2125
1434
1377
5455
1409
1406
1465
1705
1525
15463
1671
7205
2462
2967
1999
1453
5092
3694
3290
1332
1480
1464
1721
1439
1706
1635
1519
1545
1678
1409
1615
1335
1375
1435
1445
2369
3023
1447
1368
1554
1457
1376
1452
1508
1378
1638
1616
2012
1437
1364
1492
1327
1604
1791
1735
1806
1586
1327
1515
1434
1859
1370
1397
1512
1414
11058
6543
2676
2077
2116
1896
1618
1404
1543
1451
1702
1405
1695
1626
1429
1636
1793
2059
1581
1331
1358
1521
2020
1493
1431
1821
1471
1463
1603
1379
1481
1665
1475
1698
1859
1556
2252
1373
1410
1331
1683
1586
1488
1684
1347
1425
1369
13006
1770
2024
1327
1381
1586
1722
1409
1598
1420
11988
2602
5285
1416
3262
2046
1662
1409
1402
1659
1605
1806
1496
1417
1915
1593
1880
1422
2056
1333
1329
1831
1700
1780
1370
1328
1368
1372
1455
1451
1493
1432
1830
1527
1466
1657
18446744073708553199
2337
1479
1421
1372
1404
1699
1417
1403
1383
1322
1508
1520
1725
1590
1334
1345
1354
1816
1851
1673
2003
1472
1395
1573
1544
1605
1465
11955
3636
2962
4058
2162
1836
1455
1381
1413
1364
1416
1742
1671
1618
1404
1357
1449
1397
1606
1598
2410
1810
1453
1484
1436
1632
1453
1379
1377
1436
1324
1482
1776
1450
1501
1452
1439
1543
1720
1610
2358
1561
1638
1460
1604
1494
1383
1417
1340
1408
1529
1726
1393
1613
1552
1462
1541
1614
1656
4485
1463
1487
11679
3625
2787
3333
3358
1960
1979
2062
1682
1372
1582
1491
1437
1546
1656
1526
1414
1380
1350
1608
1572
1618
2174
1786
1764
1858
2099
1856
1733
1717
1670
1602
1518
1458
1399
1449
1332
1533
2053
2144
2643
1814
1771
1887
1849
1498
1398
1423
1370
6786
5388
1528
2273
1490
11585
4005
5572
2223
5182
1886
1857
2462
4086
1363
1477
1524
2934
1860
5406
5196
1507
1422
1493
1634
1620
1656
1729
1514
1361
1570
1529
1410
1378
1362
1405
1459
1678
1875
2334
1426
1423
1514
1657
1511
1535
1454
1644
1688
1599
1491
1387
1580
1369
1331
1387
1714
1502
11903
3306
4583
1882
1901
1940
1647
1692
1592
2362
1459
1495
1436
1559
1426
1345
1639
1859
1446
1616
1987
1899
2118
1618
2007
1504
1438
1942
1622
1431
1573
1502
1688
1427
1467
1724
1765
1675
1524
1348
1350
1364
1743
1480
1895
1978
1769
1421
1376
1420
1607
1438
1374
1676
1628
1553
1542
1622
1515
1326
1452
1341
1323
1890
1641
11782
3331
4222
2913
2249
1806
1926
1478
2489
1431
1413
1367
1457
1477
1395
1401
1455
1391
1447
1702
1891
1837
1856
1662
2153
1452
2391
1388
1553
2022
1377
1741
1457
1377
1419
1520
1402
1759
1521
2313
1415
1435
1390
1815
1698
2131
1521
1416
1469
1699
1641
1491
1381
1665
1381
1818
1680
1434
1571
1415
1549
1792
1982
2146
11213
3639
4310
2973
2407
2249
3123
1987
1498
1418
1781
1528
1381
1493
1437
1765
1495
1851
1566
1465
1437
1328
1601
1706
1483
2457
1465
1363
1510
1368
1594
1395
1404
1442
1413
1593
1696
1536
1447
1444
1381
1560
1450
1717
2130
1614
1464
1546
1472
1444
1405
1393
1411
1533
1529
1554
1753
1347
1708
1466
1536
1419
1786
1614
2326
11712
2753
3937
2531
2507
2475
1554
2435
1466
1380
1367
1498
1494
1376
1538
1463
1344
1481
1506
1646
1364
1482
1338
1442
1374
1869
1413
1730
2058
1562
1437
1639
1460
1498
1390
1390
1477
1426
1447
1430
1404
1412
1317
1440
1460
1727
2110
1766
1552
1384
1562
1545
1418
1408
1383
1393
1446
1627
2317
9176
2287
11342
3378
6052
2998
2785
12731
1602
1449
2303
5031
1746
1696
1621
1604
4623
1389
1438
1508
2634
2415
5240
3005
1452
1331
1404
1555
1681
1864
2339
1616
1566
1543
1462
1569
1422
1404
1380
1713
1950
1835
1448
1565
1347
1476
1358
1810
18446744073708562338
5002
2491
2094
2572
1365
1449
1426
1635
1865
1772
1924
2699
1658
1558
1467
1462
1438
1469
1451
1541
1721
1440
1756
1641
1400
1432
1798
1526
2380
1563
1378
1640
1893
1597
1434
1505
1417
1320
1669
1600
1375
1407
1360
1583
1430
1934
1681
2192
1453
1410
1352
1646
1556
1521
1513
1488
1530
1540
1739
1483
1363
1448
1332
1322
1928
1760
2089
1396
1329
1581
1505
1691
1515
1377
1674
10654
4364
4295
2615
2056
1638
1445
1524
1481
1555
1591
1970
1601
1429
1444
1503
1375
1805
1849
2139
1459
1834
1556
1762
1451
1460
1417
1439
1397
1799
1405
1384
1639
1431
1489
1607
1698
2305
1477
1407
1644
1460
1858
1382
1423
1505
1368
1496
1455
1650
1722
1331
1425
1727
1688
1587
2100
1392
1335
1330
1421
1671
1526
1575
1557
10972
4730
4413
1452
3146
2390
1640
1424
1602
1515
1726
1607
1422
1381
1510
1375
1411
1717
1571
2325
1405
1431
1465
1604
1604
1575
1526
1510
1403
1676
1812
1476
1439
1441
1402
1449
1831
1603
2185
1395
1798
1331
1656
1436
1364
1502
1372
1323
1506
1655
1508
1741
1572
1647
1621
1798
1565
2086
1363
1347
1541
1620
2006
1365
1342
11725
5929
2686
1985
2379
1753
1431
1634
1441
1370
1505
1605
1588
1492
1364
1460
1370
1468
2124
1913
1730
1326
1343
1590
1835
1470
1496
1447
1601
1374
1643
1561
1371
1455
1552
1843
1640
1992
2100
1895
1816
1493
1826
1572
1417
1460
1362
1580
1506
2328
7522
1817
3055
1427
3409
1690
1569
14601
8167
1492
3430
1924
1407
4831
1580
1660
1403
1419
4859
4593
2706
1489
1475
1541
1589
1784
1540
1497
1494
1621
1407
1530
1439
1394
1459
1686
2420
2348
1421
1335
1331
1487
1433
1699
1378
1379
1761
1777
1876
1464
1335
1488
1393
1449
1745
1447
2813
1469
1475
1517
1536
1913
1333
10533
4491
3914
3549
2341
2101
2402
1964
1520
1408
1489
1578
1414
1549
1417
1570
1451
1800
1524
2412
1497
1419
1494
1570
1777
1384
1375
1400
1471
1451
1443
1508
1695
1454
1429
1823
1887
1711
2271
1409
1410
1404
1598
1495
1530
1506
1542
1355
1532
1888
1468
1346
1331
1542
1483
1694
1624
2092
1455
1429
1399
1587
1692
1560
13026
1945
4527
3274
1834
2329
1823
1480
1422
1362
1471
1425
1797
1689
1416
1449
1411
1423
1577
1504
2202
1775
1554
1678
1609
1705
1534
1426
1392
1390
1482
1748
1477
1538
1501
1413
1425
1412
1957
1818
1873
1355
1548
1381
2121
1533
1378
1373
1326
1561
1596
1712
1381
1362
1351
1744
1599
1674
1658
2089
1336
1348
1349
12535
3662
2120
3921
2770
1840
1914
1805
1608
1583
1709
1563
1704
1507
1481
1625
1415
1500
1342
1373
1406
1773
1879
1938
1375
1344
1399
4992
7903
2128
1953
1422
1573
1831
2028
1854
1474
1706
1444
1658
1386
1391
1539
1422
1481
1542
1608
1367
1740
1446
1371
1326
1620
1562
2302
1403
1475
13285
2305
3045
4247
2571
2315
1512
1414
1385
1626
1622
1618
1465
1538
1521
1492
18446744073708553352
1385
1331
1414
1496
1366
1966
1736
2144
1384
1326
1522
1480
1689
1588
1401
1587
1476
1813
1650
1461
1636
1458
1414
1419
2008
1946
2145
1419
1377
1435
1457
1457
1432
1414
1412
1403
1504
1859
2060
7626
11260
2980
8610
2784
1907
3191
2487
2876
3486
3519
1398
1331
5095
1492
1444
1587
1541
3189
5184
2872
1702
1425
1789
1490
1427
1362
1651
1698
1335
1568
1366
1418
4116
2503
1418
1360
1341
1489
1507
1459
1370
1363
1806
1578
1903
1588
1451
1327
1577
1483
1635
1698
2307
1743
12134
3788
3139
2672
2048
2165
2221
1633
1634
1336
1467
1587
1555
1374
1381
1410
1545
1628
1525
1594
1335
1586
1417
1567
1714
1966
1852
1435
1505
1453
1909
1447
1372
1384
1452
1402
1626
1476
1418
1516
1365
1963
1680
2024
2375
1519
1410
1346
1597
1739
1466
1662
1441
1389
1434
1445
1663
1424
1337
1370
1490
1470
1759
2342
11389
4192
2374
3701
2027
1757
1709
1640
2061
1397
1436
1379
1420
1449
1397
1468
1410
1522
1349
1489
1984
1437
1373
1486
1380
1422
2020
1783
2326
1970
1470
1505
1502
1495
1386
1495
1399
1341
1636
1537
1561
2361
1478
1437
1607
1512
2165
1523
1426
1441
1480
1539
1390
1440
1437
1436
1445
1625
1656
1329
1361
1357
1565
13467
2770
5077
2304
2357
2315
2125
2497
1861
1431
1463
1431
1519
1529
2110
1365
1532
1412
1849
1563
1645
1485
1361
1406
1415
1404
1645
1610
2555
1371
1447
1444
1514
1686
1465
1398
1467
1376
1453
1846
1508
1412
1450
1384
1574
1473
1590
2143
1536
1417
1633
1397
1691
1472
1398
1377
1467
1390
1469
1807
1562
1685
1487
1428
1371
1831
1543
13680
1813
5318
1385
1913
2863
2060
1987
1775
1439
1380
1404
1529
1437
1540
1543
1457
1498
1552
1655
1379
1359
1343
1379
1442
1605
1672
2258
1457
1414
1391
1491
1755
1423
1509
1809
1421
1701
1738
1383
1438
1354
1370
1491
1609
1623
2429
1404
1510
1377
1467
1589
1421
1442
1543
1324
1491
1712
1793
1472
1882
6342
12357
2795
7397
2984
4413
3390
1867
5301
1885
1581
1331
1614
4591
1440
1580
1555
2072
2930
5323
4046
1826
1556
1443
1490
1590
1580
1436
1485
1449
1447
1395
2519
1707
2064
1373
1338
1523
1408
1534
1432
1440
1598
1778
2316
1478
1455
1338
1459
1478
1678
1569
2243
1494
1331
1463
1445
12207
2970
4984
2118
3097
2339
1748
1934
1388
1331
1446
1335
1336
1405
1779
1584
1630
1670
1489
1402
1699
1645
2280
1418
1410
1458
1690
1792
1377
1385
1427
1463
1405
1637
1379
1446
1583
1791
1578
1943
1671
2120
1453
1419
1487
1526
1522
1652
1388
1516
1362
1511
1707
1600
1329
11613
2373
11496
4796
2450
2114
3778
3038
1856
1670
1731
1427
1584
1467
1481
1426
1942
2035
1650
1550
1462
1527
1640
1545
2567
1487
1659
1638
1787
1526
1373
1371
1388
1447
1423
1675
1364
1615
1427
1402
1508
1634
18446744073708553287
2214
1460
1461
1458
1627
1498
1415
1417
1444
1361
1495
1573
1678
1598
1404
1653
1639
1596
1600
1615
2171
1380
1478
13151
2460
4409
2227
4122
1475
2354
2001
1816
1380
1409
1484
1563
1674
1885
1405
1459
1384
1366
1374
1713
1542
2249
1412
1373
1500
1539
1535
1609
1371
1458
1465
1406
1927
1387
1446
1595
1336
1400
1562
1674
1752
1841
1646
1584
1537
1468
1500
1406
1447
1373
1339
1440
1729
1379
1703
1403
1360
1337
1730
1498
2296
1510
1411
12442
3554
1942
4089
2379
3141
1606
2062
1825
1579
1544
1552
1443
1342
1371
1661
1631
1417
1503
1447
1340
1813
1658
2141
1696
1441
1445
1498
1746
1499
1431
1400
1625
1592
1601
1506
1423
1423
1470
1372
1372
1685
1645
2146
1499
1346
1361
1527
1590
1651
1530
1403
1469
1462
2033
1499
1368
6139
14294
2080
5015
3684
1823
5382
2496
1581
1371
1753
4941
1333
1409
1403
1520
2135
3939
1572
1647
5109
3930
1975
1654
1720
1586
1583
1560
1713
1423
1462
1354
1502
1431
1470
2411
2146
1504
1500
1380
1389
1399
1439
1576
1698
1622
1740
2111
1508
1469
1502
1516
1329
1612
11373
4910
2214
3045
2578
2049
1570
1481
1671
1752
1930
1610
1437
1384
1738
1503
1378
1889
1572
1493
1954
1978
2194
1813
1734
1628
1458
2490
1429
1453
1418
1813
1686
1406
1454
1500
1534
1514
1607
1372
1469
1568
1623
1602
1515
1831
2221
1485
1417
1486
1446
1529
1591
1499
1502
1409
1506
1755
1655
1334
1376
1451
1380
13958
2015
2868
5133
2561
2151
1869
2149
1709
2036
1376
1417
1372
1457
1499
1447
1447
1666
1458
1581
1776
1651
1514
1416
1411
1376
1483
1459
1502
1418
1578
1542
1439
1400
1769
1449
1373
1441
1388
1478
1656
1573
1560
2201
1345
1348
1632
1791
2354
1617
1324
1657
1705
1516
1519
1477
1403
1488
1675
1716
1405
1555
13437
3379
3134
1495
3688
1970
1717
1423
1593
1542
1648
1605
2324
1522
1400
1380
1366
1506
1406
1426
1408
1655
1485
1563
1784
1490
1405
1439
1411
1411
1782
1620
2386
1426
1363
1454
1367
1575
1402
1398
1371
1606
1625
1771
1548
1393
1406
1408
1516
1605
1622
2407
1614
1667
1439
1563
1546
1371
1396
1355
1357
1404
1451
1750
1703
10254
3495
2941
4768
1488
3070
2014
1609
1504
1639
1494
1529
1879
1982
1930
1439
1416
1444
1476
1751
1492
1381
1425
1389
1514
1587
1502
1332
1457
1399
1611
1894
1524
2461
1416
1398
1440
1425
1660
1387
1374
1689
1482
1549
1656
1331
1498
1335
1335
1400
1699
1585
1697
1487
1383
1543
1481
1532
1653
1396
1399
1379
1385
1837
1745
1468
1538
16974
4731
4027
3064
7133
10176
3414
2526
5833
2136
1880
1442
1490
1739
2919
1520
4837
4076
1996
1469
1510
1737
1555
1357
1410
1382
1402
2697
1634
2328
1441
1503
1427
1580
1616
1542
1398
1594
1566
1870
1733
1512
1374
1370
1431
1414
1669
18446744073708562247
4154
4148
1594
1523
1441
1363
1336
1438
1676
1671
2330
2686
1578
1680
1641
1424
2011
1395
1371
1537
1570
1724
1609
1566
1488
1464
1655
2160
1732
1333
1404
1622
1868
1717
1512
1466
1474
1483
1629
1524
1453
1401
1759
1364
1555
1719
2215
1714
1468
1377
1428
1575
1652
1615
1539
1359
1525
1619
1695
1340
1320
1428
1328
1355
1879
1521
2351
1568
1420
1504
1408
1668
1535
1478
1686
12022
4084
4329
2155
2137
1598
1469
1434
1362
1575
1708
1814
1498
1719
1478
1369
1712
1485
2280
1707
1582
1380
1596
1700
1541
1359
1599
1457
1527
1644
1622
1503
2233
1422
1741
1736
2438
1392
1446
1472
1563
1505
1528
1442
1549
1360
1486
1628
1611
1403
1363
1692
1454
1535
1840
2171
1672
1370
1387
1500
1648
11140
4797
3185
3276
2173
1497
1375
1456
1727
1548
1420
1685
1847
1589
1624
1392
1431
1452
1334
1401
1736
1599
2239
1574
1368
1422
1369
1563
1522
1381
1385
1485
1380
1911
1725
1354
1444
1409
1361
1445
1762
1797
2103
1628
1451
1454
1644
1380
1393
1519
1505
1598
1547
1618
1650
1412
1554
1438
1325
1777
1580
2156
1393
1326
1362
10607
2903
3682
4534
3046
2795
1656
1482
1475
1567
1504
1433
1384
2112
2026
1525
1481
1493
1539
1381
1642
1468
1506
1431
1428
1539
1400
1532
1799
1440
1344
1625
1451
1568
1589
1334
1496
1945
1394
1529
1895
1769
2744
1550
1714
1509
1456
1480
1503
1424
1521
1886
1789
1597
1628
1438
1580
1669
1720
1462
2428
1700
1347
1467
10543
3772
3036
4079
3888
2050
2867
1997
1941
1672
1347
1348
1570
1576
1539
1382
1654
1655
1440
1808
1421
2116
1453
1389
1465
1589
1606
1654
1499
1401
1350
1447
1602
1333
1335
1372
1426
1525
1648
1737
1757
2172
1603
1429
1616
1596
1413
1379
1502
1650
1458
1610
1595
1431
1418
1572
1356
1466
1734
1791
1885
1432
1424
1449
1490
1780
11827
5187
2529
2856
2148
1980
2035
1761
1395
1580
1418
1470
1549
1742
1814
1374
1504
1348
1476
1830
1489
2012
1385
1463
1559
1687
1734
1468
1438
1479
1426
1476
1603
1501
1689
1716
1449
1496
1793
1644
2371
1539
1468
1400
1573
1670
1381
1511
1364
1434
1481
1771
1614
1361
1494
1403
1649
1709
1591
2005
1517
1475
1457
1437
11733
2454
5159
2698
3085
2052
1763
1625
1563
1388
1504
1396
1545
1986
1794
1478
1413
1377
1493
1507
1884
1945
1610
1795
1494
1423
1561
1571
1471
1366
1530
1367
1513
1566
1774
1572
1337
2135
1685
1629
2215
1350
1452
1395
1893
1775
1483
1504
1410
1439
1353
1523
1585
1508
1445
1719
1677
1761
1569
2306
1475
1501
1397
11107
2900
3598
2181
4350
2223
1555
1380
1466
1487
1599
1458
1590
1587
1663
1523
1765
1368
1451
1452
1648
1471
1767
2177
1658
1432
1379
1489
1387
1569
1501
1360
11995
2229
1726
1916
1948
1534
1403
1479
1722
1531
1557
1502
1402
1487
1515
1818
1755
1560
1460
1327
1417
1860
1698
1985
1457
12389
5623
2322
1920
2465
2226
1525
1454
1565
1432
1643
1735
1688
1478
1367
1444
1667
18446744073708553190
1395
1511
1449
1401
1558
1824
1727
2000
1394
1428
1383
1698
1861
1718
1554
1488
1418
1693
1404
1461
1459
1498
1417
1600
1813
1860
2181
1433
1419
1451
1489
1427
1397
1458
1465
1772
1682
1965
1543
1502
1413
1373
1431
1514
1520
12008
4998
2083
2522
2173
2182
1796
1846
2003
1456
1413
1421
1547
1474
1418
1419
1635
1362
1611
1463
1760
1498
1621
1573
1468
1460
1634
2180
1747
1395
1428
1466
1618
1864
1535
1442
1333
1430
1684
1358
1418
1466
1374
1461
1973
1612
2425
1414
1465
1368
1535
1657
1361
1350
1689
1477
1523
1502
1734
1374
1444
1633
1394
13614
1976
2528
4404
2138
2042
1968
2128
2462
2686
2137
1440
1398
1590
1461
1419
1387
1411
1331
1513
1442
1773
1461
1430
1458
1458
1396
1799
1612
2236
1425
1346
1782
1706
1462
1364
1531
1472
1403
1592
1445
1430
1354
1632
1362
1673
1881
1884
1785
1425
1449
1668
1481
1825
1404
1418
1343
1483
1524
1775
1428
1424
1323
12351
2619
3062
2850
2832
1706
1331
1355
1435
1441
1391
1644
1486
2272
1458
1467
1427
1584
1469
1420
1365
1419
1373
1327
1689
1656
1564
1409
1418
1523
2134
1691
1575
2400
1528
1383
1443
1459
1420
1409
1373
1452
1485
1646
1554
1553
1404
1426
1328
2123
1608
1632
2244
1387
1408
1527
1504
1472
1443
1419
1359
1333
1411
1476
1677
1345
1341
1594
8994
4851
4534
2844
3848
3638
1780
2662
2567
3019
2146
1989
1837
1564
1476
1596
1338
1630
1490
1623
1395
1421
1401
1384
1370
1976
1535
2137
1528
1380
1463
1508
1926
1399
1378
1519
1419
1691
1642
1382
1400
1412
1374
1471
1423
1718
2175
1849
1618
1416
1584
1525
1608
1604
1331
1549
1467
1489
1751
1349
1466
1468
1345
1497
1820
1875
12969
1980
4438
1746
2121
3199
2387
2532
1427
1462
1494
1805
1709
1440
1525
1362
1373
1368
1723
1461
1430
1384
1442
1567
1812
1441
2298
1606
1364
1412
1675
2104
1438
1667
1552
1542
1737
1534
1392
1438
1414
1327
1568
1683
1760
2360
1383
1420
1452
1659
1504
1478
1462
1554
1716
1576
1796
1373
1412
1452
1369
1324
1725
11457
4147
1948
3310
3371
2000
2210
2036
1667
2073
1454
1365
1869
1721
1468
1485
1425
1495
1469
1698
1620
1345
1324
1636
1581
1420
1851
1484
2256
1411
1378
1460
1424
1756
1456
1416
1467
1363
1545
1738
1416
1471
1464
1337
1632
1907
1554
2423
1478
1491
1393
1580
1586
1429
1504
1596
1526
1561
1841
1427
1444
1410
1345
1374
1743
1776
10150
5243
3037
4087
1936
2317
2175
1840
2126
1538
1451
1411
1697
1600
1366
1405
1496
1388
1496
1777
1581
1610
1496
1444
1412
1743
1869
1989
1450
1376
1812
1709
1515
1370
1481
1567
1430
1580
1520
1495
1552
1799
1416
1435
1805
1872
1733
1393
1538
1404
1648
1792
1405
1455
1326
1442
1468
13087
9904
4420
5084
1943
4260
2214
3509
1473
2459
1937
1705
1401
1529
1400
1361
1925
1619
1523
1420
1571
1400
1467
1713
1511
2312
1605
1460
1370
1463
1732
1369
1325
1448
1362
1371
1490
1873
1530
1640
1550
2170
1589
18446744073708553110
3125
1545
1499
1566
1407
1402
1357
1414
1397
1478
1446
1687
1532
1472
1722
1647
1444
1753
1662
1983
1495
10965
3282
2590
3206
1459
1710
1832
1928
2188
1482
1503
1476
1495
1561
1326
1817
1354
1612
1462
1678
1401
2615
5904
2466
2682
1485
4754
1382
1411
1359
1601
1922
4342
1463
1332
1664
3564
3013
3871
1967
1676
3391
1385
1585
5692
3398
12709
5693
4038
3829
3085
8117
1997
2667
2538
2240
3366
2267
5886
1953
1632
2159
1653
2993
1521
4682
3639
2184
1512
1372
1502
1534
1420
1490
1850
2953
1680
1387
1390
1574
1548
1471
1518
1377
1325
1731
1486
1968
1457
1367
1390
1406
1569
1546
2333
1726
1542
1334
1524
1613
11643
4757
1490
1918
1957
1765
1513
2056
3047
1488
1425
1428
1633
1434
1493
1674
1427
1626
1520
1435
1562
1670
1913
1735
1329
1361
1533
1772
1742
1573
1486
1431
1413
1609
1568
1436
1394
1329
1520
1640
1858
1810
2108
1433
1379
1441
1559
1488
1512
1580
1661
1600
1515
1737
1394
1321
1387
1415
1590
1804
1614
2354
1384
1456
1410
1388
1894
1386
1415
1461
1486
1515
11633
3434
4541
4110
2224
2476
2410
2559
2113
2006
1573
1605
1513
1548
1419
1413
1360
1749
1591
1489
1409
1515
1503
1503
1575
1671
1518
1720
1639
1432
1922
1645
2213
1475
1362
1339
1499
1579
2035
1741
1527
1418
1543
1446
1799
1438
1330
1346
1513
1768
1565
2268
1486
1453
1368
1593
12189
2982
2034
2536
2438
2286
1379
1827
2279
1684
1540
1563
1415
1321
1815
1690
1689
1542
1376
1546
1448
1608
1589
2318
1722
1430
1378
1568
1839
1393
1391
1383
1367
1527
1683
1641
1539
1774
1406
2194
2077
1624
2107
1427
1509
1686
1612
1404
1436
1336
1585
1397
1577
1591
1659
1743
1431
1781
1757
1634
1384
2237
1551
1388
1555
1840
1460
1383
1376
1778
1452
13482
3956
3010
1712
1593
1393
1737
1384
1581
1677
1696
1370
1323
1469
1369
1526
1824
2313
1714
1553
1419
1487
1592
1436
1384
1401
1454
1825
1506
1629
1327
1513
1364
1403
1456
1766
2729
1752
1365
1365
1448
1598
1406
1408
1471
1363
1336
1433
1752
1482
1574
1521
1393
1819
1902
1774
2090
1409
1472
1710
1769
1561
1337
1359
11761
4181
4480
1930
1840
1935
1366
1403
1539
1406
1429
1612
1682
1362
1332
1492
1585
1623
1704
1941
1830
1402
1353
1564
1774
1442
1366
1575
1546
1378
1547
1509
1386
1360
1391
1467
1500
1648
1544
2445
1471
1440
1486
1428
2322
1348
1349
1338
1535
1585
1782
1420
1382
1326
1368
1327
1389
1893
1462
1640
1641
1425
1571
11488
3043
14262
2861
1553
1412
1578
1369
1403
1555
1728
1521
1475
1456
1432
1518
1689
1561
2292
1495
1400
1465
1450
1972
1517
1378
1381
1437
1448
1584
1760
1529
1379
1371
1867
2192
2050
1934
1485
1388
1448
1530
1487
1486
1586
1404
1408
1585
1773
1472
1373
1393
1357
1399
1808
1731
2373
1403
1328
18446744073708565377
3453
1810
2070
2197
1977
2160
1452
1412
1400
1717
1552
1442
1457
1392
1495
1471
1879
1555
1423
1428
1403
1329
1794
1500
2813
1338
1482
1639
1687
1506
1417
1459
1446
1490
1662
1541
1362
1638
1425
1394
1410
1733
1733
2352
1474
1421
1459
1431
1753
1524
1458
1336
1342
1497
1708
1556
1477
1415
1369
1659
1914
13097
2240
4610
1414
2523
1832
1431
1446
1722
1727
2418
1519
1415
1370
1463
1410
1382
1853
1427
1692
1768
1570
1526
1601
1351
1407
1612
1850
2149
1958
1586
1502
1507
1783
1516
1427
1418
1560
1447
1665
1649
1423
1414
1460
1381
1590
1827
2342
1512
1406
1749
2020
1796
1755
1830
1798
1738
1912
1487
1539
1489
1422
1408
12293
6082
1489
2139
1806
1428
1804
1555
1601
1950
1803
2020
1448
1383
1396
1568
1435
1456
1742
1485
1356
1629
1750
1568
1465
1429
1498
1457
1707
1894
1928
1376
1330
1473
1500
1738
1415
1788
1479
1682
1652
1720
1491
1473
1406
1374
1422
1716
1518
2798
1509
1341
1501
1598
1464
1351
1449
1380
1447
1539
1777
1363
1487
1418
1498
12384
2677
2981
4642
1974
2006
2057
1579
1419
1933
1657
2177
1414
1401
1419
1431
1705
1405
1413
1415
1322
1435
1594
1760
1495
1744
1457
1723
1898
1820
1942
1385
1325
1336
1520
1699
1457
1642
1510
1619
1411
1633
1328
1375
1430
1449
1877
1655
2014
2209
1678
1480
1675
1649
1444
1500
1420
1463
1769
1663
1645
1778
1735
1913
1883
8862
4900
3302
4212
3358
3460
1913
2297
2527
1780
1603
1746
1543
1478
1342
1426
1449
1386
1448
1701
1456
1340
2319
1807
1886
2224
2450
1680
1498
1510
1645
1812
1385
1409
1351
1413
1550
1506
1331
1426
1413
1406
1606
1784
1554
2259
1693
1488
1543
1600
1537
1371
1694
1540
1476
1582
1733
1380
1399
1362
1547
1406
1764
1837
2117
1502
12486
1636
4027
3057
3121
2188
1884
1790
1448
1480
1635
1410
1364
1443
1344
1395
1423
1843
1501
1481
1436
1390
1464
1494
1819
1425
2176
1587
1636
1542
1621
1541
1386
1358
1368
1414
1464
1507
1391
1686
1564
1452
1460
1731
1713
2164
1547
1427
1565
1883
1632
1445
1464
1545
1519
1585
1702
1361
1325
1518
1809
2055
1590
2375
1416
13813
2982
2317
3529
2601
2321
2003
1528
1398
1571
1546
1560
1370
1433
1331
1702
1707
1697
1385
1340
1463
1332
1479
1570
1570
2538
1438
1408
1456
1683
1732
1377
1371
1424
1366
1527
1751
1560
1427
1369
1358
1353
1638
1677
2289
1545
1691
1754
1775
1453
1570
1450
1421
1450
1569
1658
1401
1706
1377
1466
1425
1687
1514
12691
1599
3396
4756
1414
2339
2419
2312
2940
1700
1372
1449
1449
1391
1695
1691
1576
1521
1731
1541
1364
1376
1536
1480
1870
1664
2110
1441
1356
9983
1511
3126
2023
1558
1435
1552
1584
1630
2470
1519
1493
1476
1374
1439
1419
1477
1447
1403
1386
1794
1676
1682
1478
1384
1399
1449
1740
1717
11731
4476
3557
2819
1940
1806
1740
1770
2006
1416
1429
1464
1622
1493
1445
1412
1480
1394
1564
1605
18446744073708553092
1495
1327
1352
1564
1983
1456
2335
1412
1439
1428
1571
1797
1644
1640
1444
1341
1573
1571
1427
1490
1549
1380
1538
1494
1739
2389
1534
1368
1471
1493
2567
1351
1389
1410
1501
1624
1632
1422
1430
1430
1513
1405
1645
1484
11709
3928
3518
3146
2199
2344
2594
2157
1881
1481
1537
1432
1458
1417
1454
1424
1477
1557
1461
1768
1349
1774
1578
1416
1787
1565
2373
1529
1404
1407
1498
1762
1440
1400
1344
1495
1370
1501
1555
1326
1402
2062
1690
1574
1894
1381
1901
2005
1482
1507
1476
1326
1686
1477
1442
1490
1700
1531
1463
1448
1539
1598
1391
13028
2180
3284
2638
3000
1751
1341
1402
1692
1583
2461
1599
1447
1380
1446
1448
1480
1446
1423
1410
1394
1679
1930
1614
1514
1460
1435
1588
1723
1942
1774
1346
1641
1519
1671
1380
1434
1328
1423
1375
1577
1574
1342
1610
1587
1513
1551
1620
1675
2387
1442
1521
1399
1651
1759
1350
1367
1402
1319
1454
1718
1398
1338
12944
2398
5047
2383
1884
3368
2438
1619
1433
1443
1998
2119
1846
1405
1528
1419
1517
1491
1380
1414
1354
1704
1557
1822
1429
1374
1326
1347
1361
1723
1547
2769
1418
1379
1471
1532
1685
1524
1402
1393
1509
1509
1837
1430
1513
1427
1339
1527
2287
1482
2441
1482
1627
1444
1502
1557
1466
1424
1400
1346
1433
1655
1477
1572
1494
11905
4062
4680
2323
4008
3050
2314
2964
3141
1956
2116
2106
2225
1841
1575
1559
1644
1662
1914
1345
1382
1371
1543
1533
1550
1799
1485
1505
1371
1504
1459
1701
1373
1348
1414
1637
1501
1809
1716
1657
1414
1376
1466
1657
1530
2428
1490
1498
1414
1549
1612
1449
1563
1421
1385
1434
1881
1951
1377
1532
1378
1456
1681
1515
12083
2673
4224
1496
3628
1597
1540
1673
1393
2264
1431
1499
1427
1713
1504
1470
1479
1520
1446
1571
1651
1507
1338
1359
1576
1497
1952
1516
2004
1440
1447
1430
1558
1635
1418
1555
1539
1600
1449
1735
1454
1459
1376
1393
1395
1647
1758
1389
2325
1418
1413
1452
1550
1480
1522
1474
1466
1505
1662
1659
1463
1384
1435
1372
1441
1659
1597
2226
12072
2566
5407
1983
1746
1948
1596
2390
1389
1525
1415
1497
1632
1506
1596
1473
1375
1538
1514
1576
1560
1499
1539
1385
1635
1503
2252
1373
1457
1384
1456
1722
1905
1786
1855
1801
2013
1832
1590
1717
1616
1561
2133
1885
1974
1484
1442
1406
1717
1499
1529
1506
1564
1533
1474
1655
1439
1394
1491
1439
1326
1696
1438
1959
11270
5217
2866
1712
3829
2026
2130
1882
1404
1460
1487
1560
1536
1390
1444
1365
1374
1466
1852
1555
1463
1431
1421
1475
1517
1479
2311
1530
1460
1565
1451
1923
1436
1367
1466
1390
1562
1586
1465
1692
1756
1593
1611
1599
1571
2531
1425
1407
1411
1750
1517
1470
1463
1486
1480
1514
1731
1372
2392
5962
1490
5933
1714
5588
4096
4177
3747
4540
2701
1763
2151
1751
1544
1416
1487
1364
1820
1815
1548
1508
1329
1460
1414
1875
2151
2432
1926
1749
1937
2048
1690
1418
1455
1490
1413
1604
1536
1494
1547
1424
1439
1455
18446744073708554265
1896
1895
1666
1409
1561
1482
1500
1547
1719
1473
1521
1702
1786
1483
1563
1419
1716
1965
2154
1581
1473
1526
1539
2003
1432
11729
2747
5264
4030
2094
2400
2219
2232
1483
1736
1522
1574
1518
1409
1488
1443
1489
1721
1527
1795
1475
1485
1584
1483
1565
1447
1402
1495
1497
1560
1671
1459
1498
1648
1596
1693
1639
1920
1910
1556
2509
2246
1771
2092
1898
1752
1891
1974
1594
1730
1438
1587
1822
1728
2302
1478
1728
2060
11416
3469
4007
6322
2431
3520
2936
2644
1721
1799
1680
1413
1362
1348
2056
1806
1825
2949
1496
1582
1541
1600
1554
1720
1611
1528
1665
1687
1333
1416
1378
1399
1374
1446
1845
2238
2792
1641
1455
1699
1440
1517
1448
1502
1936
1887
1787
1603
1415
1482
1414
1728
1484
2516
1659
1509
1869
1552
1523
1536
1431
1600
1686
13581
3217
2766
5286
2170
2139
2665
2323
1950
1548
1608
1650
1870
2046
1735
1450
1360
1543
2081
1571
1479
1377
1436
1408
1680
1579
1358
1359
1432
1728
1587
2387
2357
1960
1513
1440
1664
1484
1726
1507
1643
1753
1920
1515
1366
1334
1441
1518
1882
1665
2955
1593
1797
1746
1605
1505
1434
1474
1641
1758
1842
1629
1533
12237
4353
2712
2938
4981
2850
3040
2767
2916
1895
1670
2089
1760
2036
1379
1366
1453
1453
1584
1609
1376
2009
1743
1546
2025
1711
2245
1388
1365
1408
1581
1992
1598
1929
1381
1569
1685
1575
1605
1434
1449
1803
1628
2165
2518
1579
1327
1604
1480
1826
1668
1540
1687
1486
1555
1471
1365
1520
1412
1366
1453
1951
2492
12376
4923
2877
3453
1990
2521
3163
1853
2083
2069
2061
1375
1549
1697
1376
1946
1554
1969
2011
1605
1647
2307
2152
1474
1806
1367
1474
1480
1467
1337
1453
1630
1779
1558
1857
1740
1961
2054
2352
1427
2194
1435
1474
1449
2048
1808
1651
1449
1543
1593
1521
1537
1411
1497
1431
1801
1698
2096
2736
12809
3549
4387
1954
1731
2076
1804
2986
1410
1424
1458
1545
1438
1566
1642
1748
1775
1675
1593
1388
1604
1419
2000
1921
2196
1815
1920
1523
1483
1574
1421
1437
1427
1335
1398
1680
1783
1530
1938
1450
1412
1695
1631
2100
1565
1666
1684
1879
1497
1379
1423
1456
1332
1381
1587
1366
1574
1680
1377
1603
1662
1621
13144
2295
4353
2569
3267
2332
2073
2414
1493
1513
1474
1568
1448
1552
1552
1713
1767
1606
1554
1326
1499
1396
1375
1577
2299
2087
2622
1444
1408
1479
1409
1393
1412
1360
1827
1626
1953
1680
1366
1562
1394
1496
1708
1419
2234
1532
1690
1505
1646
1651
1374
1456
1446
1437
1578
1793
1479
1536
1686
1451
1524
14245
3304
1459
4974
5451
5273
1504
4557
5327
2618
2575
1843
1786
1706
1720
1664
2263
2390
1743
1529
1416
1565
1481
1628
1594
1682
1898
1770
1726
1378
1427
1394
1462
1420
1906
1882
2825
1621
1480
1588
18446744073708553513
1343
1383
1683
1628
1748
1780
1533
1483
1380
1450
1410
1867
1508
2056
2661
1667
1602
1425
1445
1482
1392
1374
1470
1561
1767
1378
1434
1361
1341
1446
11934
3050
3019
3320
4040
1959
2962
2220
2371
1561
1375
1487
1791
1917
1715
1713
1416
1441
1543
1608
1405
1336
1487
1677
1654
1731
2132
1538
1537
1572
1674
1949
1808
1713
2510
1564
1568
1480
1420
1407
1431
1467
1643
1720
1777
1633
1404
1534
1419
1397
1468
1392
1446
1556
1457
1645
1726
1460
1328
1374
1448
1323
1480
1684
11291
1852
3476
4661
2462
3799
2840
2735
1453
2609
2007
2181
1773
1446
1589
1465
1911
1640
1576
1386
1458
1452
1532
1411
1504
1393
1529
1326
1422
1745
1751
1553
1330
1394
1429
1502
1570
1549
1326
1387
1596
1418
1420
1886
2002
1451
1476
1460
1520
1654
1445
1533
1388
1446
1377
1692
1541
1411
1375
1433
1599
1362
1989
1517
2286
1404
1458
10584
5080
2970
1409
3651
2693
1990
1626
1463
1480
1386
1412
1430
1391
1327
1549
1800
1768
1411
1321
1448
1499
1838
1589
2181
1398
1596
1469
1381
1819
1457
1375
1393
1428
1335
1535
1432
1664
1927
1532
1389
1458
1587
2105
1752
1518
1485
1605
1805
1410
1375
1334
1326
1579
1508
1594
1510
1407
1528
1654
1888
1497
2368
1411
13441
1643
2378
4193
2463
3357
4226
1772
1879
1581
1477
1456
1528
1734
1645
1622
1449
1392
1469
1413
1544
1753
1528
1737
1646
1426
1459
1428
1732
1413
1378
1425
1703
1459
1819
1630
1421
1373
1481
1455
1791
1799
2284
1483
1559
1486
1432
1640
1368
1398
1439
1477
1423
1516
1622
1786
1395
1519
1513
1567
1526
2286
1663
1404
13811
2744
1362
2331
3438
1983
1849
1934
1483
1567
1604
1432
1654
1479
1351
1446
1554
1666
1795
1773
1753
1406
1762
1707
2034
1594
1418
1433
1495
1652
1446
1412
1375
1743
1395
1570
1544
1359
1355
1544
1385
1601
1702
1779
1897
1452
1423
1516
1510
1586
1393
1424
1399
1412
1411
1793
1840
1540
1417
1451
1437
1637
1487
11275
3643
3931
3448
2435
1718
1908
1744
1922
1857
1497
1447
1633
1437
1432
1391
1534
1344
1535
1557
1643
1355
1496
1709
1398
1521
1746
1593
2218
1488
1417
1554
1802
1805
1623
1544
1372
1362
1765
1341
1391
1472
1329
1374
1443
1729
1563
2435
1478
1414
1425
1640
1455
1438
1532
1667
1370
1603
1670
1371
1346
1395
1490
1416
1691
14087
2009
2725
2952
2911
1923
1697
1669
2337
2371
1651
1514
1447
1549
1479
1391
1388
1437
1634
1636
1707
1777
1345
1457
1394
1638
1738
1871
1869
1496
1394
1544
2043
1458
1327
1453
1361
1473
1483
1468
1328
1338
1429
1659
1530
1767
1623
2293
1392
1374
1405
1663
1565
1710
1562
1577
1493
1490
1618
1378
1342
1324
1424
1404
24450
3250
2845
2710
2755
3618
2088
2894
2165
1958
1734
1622
1959
1514
1365
1544
1399
1665
1609
2306
1556
1652
1435
1416
1738
1522
1371
1462
1403
1380
1748
1520
1647
1471
1420
1430
1475
2048
1803
1924
1499
1386
1795
1522
1503
1489
1339
1409
1497
1522
18446744073708553240
1402
1580
1689
1428
1676
1648
2225
1474
1413
1344
1504
10823
3669
4158
4251
2935
1774
1970
2266
1919
1617
1664
1349
1538
1751
1604
1466
1456
1410
1394
1607
1610
1980
1520
1378
1321
1478
1467
1635
1418
1325
1457
1408
1772
1574
1438
1437
1525
1411
1410
1690
1611
2482
1534
1627
1327
1630
1545
1330
1438
1581
1400
1550
1788
1731
1568
1873
1462
1375
1631
1941
1976
1366
1473
1621
13069
2867
1945
3818
3462
1922
1859
1663
1443
1516
1384
1510
1325
1446
1451
1723
1452
1446
1399
1519
1365
1918
1554
2099
1499
1422
1408
1438
1602
1398
1373
1564
1586
1652
1667
1389
1411
1437
1590
1393
1630
1679
2446
1409
1428
1377
1369
1475
1399
1500
1429
1386
1387
1945
1708
1494
1443
1527
1387
1498
1569
1632
2229
13293
2687
2094
2763
2096
1901
1647
2183
1433
1443
1412
1502
1559
1631
1386
1472
1362
1388
1422
1722
1387
1337
1379
1815
1743
1693
1482
2142
1621
1370
1403
1395
1573
1628
1388
1416
1476
1395
1449
1436
1328
1422
1436
1446
1548
1730
1656
2389
1494
1366
1353
1457
1626
1369
1355
1735
1349
1488
1615
1609
1417
1326
1438
1369
1621
1626
1594
10229
3050
4112
2901
3798
2113
2521
2693
1705
1434
1429
1401
1611
1410
1421
1384
1427
1404
1647
1822
1472
1405
1389
1537
1780
1608
2553
1437
1495
1989
1796
2107
1521
1739
1434
1484
1574
1435
1373
1525
1836
1699
1727
1768
2088
1415
1407
1502
1537
1549
1556
1664
1469
1544
1519
1793
3283
1406
1381
1443
2631
1577
2331
12064
3363
4322
2697
3774
3717
2089
2131
2373
1588
1426
1427
1331
3077
1702
1420
1461
2111
1440
1679
1986
3398
1921
1800
1929
2447
1897
1404
1561
2077
1820
1423
1621
1423
2371
1731
2281
1381
2255
1629
1767
1624
1396
2129
1720
1561
1677
1934
1398
1685
1417
1512
3673
2107
1603
12291
4251
1949
3333
2253
1807
2470
1488
1483
1412
1623
1516
1513
1607
1550
1679
1452
1723
1468
1382
1329
1383
1559
2207
2037
2346
1409
1463
1462
1628
1560
1445
1487
1397
1591
1667
1533
1457
1373
1445
1421
1620
1613
2297
1373
1647
1534
1408
1523
1548
1435
1493
1323
1412
1695
1591
1631
1563
1426
1406
1985
1698
12357
2345
4547
2045
1950
2528
1599
1662
1670
2375
1396
1401
1414
1420
1495
1827
1875
1729
1807
2033
1876
1656
1670
1425
1461
1810
1590
2379
1484
1409
1390
1690
1874
1357
1591
1490
1505
1770
2135
1507
1394
1421
1586
2169
1801
2285
1501
1881
1430
1554
1568
1384
2059
1543
1627
1794
2242
1490
1461
1362
13474
2871
4789
1997
4908
2032
1691
1667
2863
1739
1422
1376
1660
1971
1459
1417
1377
1330
13043
4756
2320
1599
1799
1664
1526
1440
1434
1368
1600
1446
1376
1494
1530
1449
1680
1663
2220
1643
1515
1445
1417
1469
1417
1383
1405
1756
1589
1523
2113
1791
1679
1813
9474
23730
18446744073708562792
5296
4337
7717
6171
4245
4518
3812
2334
1594
1699
3374
4958
2353
2647
1408
3421
4028
1404
1398
4307
1511
1398
1465
1648
3872
2168
3819
1522
1809
1437
3852
1402
1512
4108
1411
1368
1399
1613
15122
1980
2052
6929
1431
1390
1743
3059
1570
3469
1585
1993
2619
5073
4760
1393
1412
3192
3211
1888
5719
1550
1463
1441
1366
1399
5152
1518
1608
1730
1698
4544
1536
1394
1489
1652
2084
3931
1430
1480
1632
2753
1369
3962
1529
13901
3736
7727
1677
2766
1713
2238
1367
3966
2284
3883
1389
1605
5266
1582
1336
1608
1594
3745
5020
2782
6041
1654
1794
1709
1543
5625
2239
1587
1351
1378
1680
4249
1555
3018
7219
1729
14150
2528
4571
2070
2312
6361
5419
2614
1662
1500
1873
2356
1658
2220
1741
1962
1392
1440
1414
1428
2478
1907
2828
1908
1448
1406
1708
1692
2160
1478
1839
1831
2622
1468
1456
1466
1486
2175
1642
1478
1722
1576
2314
1667
1497
1346
1407
2091
1621
1539
1608
12726
5758
1826
2222
1521
3370
2004
1378
1372
2437
1615
1753
1963
2588
1502
1436
1487
1757
2442
1524
1496
1451
1809
2059
1656
1365
1394
1670
2321
1460
2370
1419
2182
1593
1574
1400
2211
1559
1710
1614
1696
2178
1539
1411
1338
1949
2383
1791
1483
1372
1897
1610
1648
1379
7086
4943
1585
1535
9187
6906
4406
4049
5815
4217
3190
6507
2044
2026
1783
2576
2288
3206
2566
5841
3611
2022
1670
2037
1499
1416
1451
1592
2323
1551
1473
1410
2138
2468
2317
1479
1409
2004
1672
1480
1384
1613
2588
1976
1711
1481
2070
1431
1587
1825
1831
2983
1460
1346
1513
2361
1447
1549
1334
1336
13274
4765
3115
4113
2347
2021
2184
3186
2005
1862
2097
2873
2660
1901
1979
1912
1531
1519
2146
1621
1407
1513
1573
2203
1582
1555
1596
1479
2417
2474
1389
1373
2231
1701
1783
1394
1457
2116
1481
1541
1383
1334
2442
1427
2031
1809
2753
1634
1428
1399
1612
2184
1395
1684
1396
2258
1722
13137
4025
5076
2064
2519
3959
1647
1396
1386
1488
14571
3463
1560
1447
1503
1824
2042
1479
1390
1541
2366
1537
1772
1817
1423
2193
1750
1573
1388
1392
2076
1540
1549
1499
1446
2181
1658
1583
1713
2838
1499
1431
1436
1453
2214
1567
1553
1397
1544
2158
13770
1855
18446744073708558046
1699
2944
1934
2604
2218
1711
1395
2476
2113
1787
2232
1836
1464
1575
1460
1439
2254
1642
1767
1521
1693
1934
1418
1357
1508
1776
2673
2117
1522
1442
1899
1713
1552
1404
1409
1821
1506
1598
1815
1611
2620
1363
1716
1628
2955
1382
1479
1630
2394
1546
1467
1518
1464
2220
1832
13744
2441
6094
1960
1894
2005
2629
1465
1378
1669
1718
1886
1818
2348
1437
1954
1531
1625
1471
1749
2298
1426
1436
1542
1944
1443
1472
1352
1452
2387
1952
2088
1475
1618
1962
1813
1494
6714
4000
1404
1343
1415
5940
1617
1513
1472
2724
1425
2365
4232
1780
1577
15645
2576
3709
4495
2203
6490
4990
2833
1398
1367
1449
1942
1447
1493
1361
1375
1581
1736
1457
1541
1372
1461
1550
1979
2412
2134
1537
1483
1484
1588
1558
1417
1672
1642
1721
1841
1438
1517
1453
1415
1417
1731
1761
2397
1461
1480
1436
1506
1458
1385
1378
1372
1615
1930
1744
1608
1423
1410
13806
1865
1524
4623
1528
1715
1591
1691
1596
1359
1570
1654
1633
2419
1376
1404
1792
1640
1547
1371
1451
1335
1320
1443
1496
1634
1447
1568
1392
1571
1627
1708
2329
1385
1430
1406
1618
1888
1574
1555
1347
1392
1399
1534
1452
1403
1438
1861
1890
1825
1864
2121
1612
1638
1735
1744
1479
1486
1673
1751
1614
1648
1464
1572
1362
1497
12587
2516
1914
4530
2444
1894
1658
1389
1527
1605
1686
1705
3050
1496
1445
1473
1536
1375
1472
1481
1445
1423
1515
1930
1494
1379
1566
1417
1533
1733
1930
1722
1519
1358
1675
1668
1527
1403
1366
1424
1327
1472
1618
1475
1402
1699
1377
1519
1697
1653
1668
1990
1527
1382
1573
1789
1510
1415
1434
1478
1480
11644
5382
1988
2124
3439
1921
1625
1376
1517
1474
1408
1369
1429
1408
1537
1880
1931
1485
1529
1446
1481
1544
1770
1512
1428
1513
1504
1801
1900
1365
1339
1368
1515
1326
1607
1510
2317
1602
1460
1471
1552
1587
1486
1450
1348
1481
1436
1580
1577
1541
1470
1423
1390
1427
1844
1648
2068
1472
1479
1675
1633
1532
1488
1590
1464
1449
11906
5631
3365
3032
4186
2149
1815
1381
1412
1403
1366
1407
2164
2007
2759
1857
1774
1885
1898
1857
1755
1449
1443
1640
1582
1387
1331
1441
1413
1486
1532
1698
2269
1547
1459
1611
1734
1781
1481
1982
8388
1351
1346
1559
5213
2506
1361
3220
1470
1397
5162
13422
3305
3713
3472
2749
2341
5314
3754
1429
1551
1975
2535
1411
1615
1525
1685
2308
1451
1616
1372
1609
1611
1386
1380
1418
1368
1478
1480
1876
2373
1621
1469
1391
1560
1741
1469
1586
13232
2555
3104
1831
1544
1372
1653
2223
1516
1648
13664
2889
4872
2330
1870
2950
2592
1492
1544
8841
2110
2016
1885
3938
1394
6061
1392
1406
1740
18446744073708553439
1902
2534
5912
4343
3355
6824
1706
1649
1458
1484
3488
1746
5706
1799
1420
1461
3835
1588
1642
14888
4091
4720
5422
7034
3831
1797
2545
1927
2415
2296
1534
1625
1569
1661
2830
1481
1563
1754
2561
1563
1605
1420
1712
2262
2553
5340
7612
1646
2163
4893
1866
1973
3677
2326
1435
4274
1417
1421
4972
1612
15316
1666
6756
3486
6397
4705
3030
2890
2512
2261
2371
2680
1719
2082
1882
2215
1482
1394
1476
1482
2388
2628
1759
1376
2100
1757
3612
1690
1290
1232
1279
1394
1296
1204
3821
6888
6962
1283
1165
1160
1103
1439
1876
2429
12306
2735
3997
3983
1245
2323
2684
1709
1470
4428
4507
1240
1707
1200
1912
5176
1247
1363
1264
1458
1132
2653
1237
1536
1796
4100
4228
3073
1531
4914
1615
1266
2467
1743
3041
1188
5101
3332
1875
1247
2312
1472
4343
1794
1508
2812
1411
2848
3080
2024
17795
1924
2065
1124
3638
1231
2375
4015
1287
1279
4053
1174
1240
1231
1210
4353
3192
3001
2056
2011
1575
1222
1222
1877
1447
1271
1180
1320
2234
1373
1299
1312
1266
1138
1944
1199
1224
1204
1578
2659
1931
1206
1187
1274
1870
1234
1302
1180
1192
1140
2269
1542
1121
1285
1201
1242
2056
1245
1498
1259
1840
1662
1173
1247
1305
1167
1435
1335
1194
1141
1280
1236
1346
1379
1340
1142
1160
1189
1097
1143
1264
1431
1403
2127
1149
1205
1319
1346
1350
1398
1098
1239
1283
1097
1108
1275
1309
1417
1174
1098
1355
1198
1201
1097
1670
23972
1219
3100
1987
4540
2761
8447
2414
3413
1171
5620
2765
1759
2156
2230
5125
1201
1265
1206
1424
2126
4886
1196
1185
1218
1895
2315
3779
1309
1220
1252
1231
3561
1101
1209
1365
4199
1254
1220
1350
1218
2610
1536
2826
1137
2277
1188
3481
1351
1364
2292
2072
5484
1180
1288
1471
1454
1898
1440
2612
1112
1219
3797
1280
1222
1107
1194
5594
3595
4087
2067
2615
1217
2144
1664
1984
3713
1267
1297
5188
1112
1138
1208
1470
1448
5342
1181
1154
1238
1363
1210
1138
4178
1827
1897
1591
2864
1455
2781
2410
2387
1322
3137
1699
1156
4786
1196
1263
1443
1287
1201
1137
3231
1378
1678
3975
1601
4597
1236
3692
1134
1866
12954
2080
3007
4996
3321
2553
1962
4579
1155
1206
5806
1664
1318
1732
1330
1314
1187
4208
1394
1325
4977
1228
1270
1217
1140
1391
3807
1304
1196
3434
1393
1219
3454
1712
1415
1365
3717
3897
2970
18446744073708553131
3450
1383
1141
1284
1808
1188
1182
1189
1161
1152
1739
1627
1568
1818
1357
1983
1248
1443
1295
1211
2234
3650
1145
1041
1092
1579
1050
1100
909
1002
872
8745
2265
1304
2195
1573
2621
944
3137
947
909
916
1474
1538
1541
956
1762
2711
972
957
1180
4762
967
1098
1689
956
991
1413
1586
2392
974
1057
3539
3244
2213
2144
2093
5391
1677
1774
1056
990
1019
1915
3028
911
904
1079
1665
2367
956
907
3595
1212
1048
1019
945
3478
1007
908
993
5422
1032
940
924
946
882
972
1906
943
1059
1403
2801
874
1019
1253
1951
5812
2315
1973
988
1017
6163
1227
936
1051
1249
891
1550
1229
1291
983
1050
1740
1022
905
902
893
978
1104
1329
1222
923
952
909
961
965
962
909
1050
1087
961
906
967
1731
929
1109
987
1272
1075
1253
2150
1067
980
904
939
993
1641
1104
953
1131
992
921
982
995
987
1045
1129
935
951
871
909
925
916
867
874
989
1425
1014
1022
1818
933
939
903
966
988
983
1122
1093
970
900
1032
929
1163
939
1024
1078
1007
1111
916
955
910
909
942
994
987
1145
948
1400
1130
923
907
974
956
1021
1065
1080
899
948
900
955
941
902
981
950
1000
1138
1088
972
993
907
990
986
973
1047
1037
992
1137
1528
1186
1163
1142
1450
1232
1501
1191
1143
1224
1305
1301
886
964
988
1066
915
876
1120
938
923
926
914
1039
1234
1117
1487
1354
921
1013
893
875
981
1035
1359
1033
962
1026
1209
980
877
969
1091
960
1068
882
894
1003
909
872
1054
1010
922
1248
1011
1103
1649
1016
886
874
873
956
946
1124
1063
916
1015
998
1096
1031
959
1099
1108
1135
902
870
997
883
930
873
871
1319
25037
1354
2116
2122
5128
952
3019
4179
4172
1951
1634
1548
2552
3947
2276
1168
2459
1877
2262
2217
3098
1014
913
978
964
886
4339
1189
904
907
939
874
911
1119
1716
4046
931
866
939
940
3726
879
875
969
903
875
964
3682
989
962
1719
1225
1664
1372
3966
913
915
1017
921
3194
906
904
1048
1000
3829
1034
1081
1058
990
970
964
1747
879
3054
923
1561
1233
972
2310
964
1034
1753
3773
2503
3311
910
883
895
2312
887
1314
1788
3201
3673
914
950
914
3023
946
907
927
879
1279
2355
1582
1924
3555
983
1121
1210
967
3920
1023
1101
989
990
904
3000
957
923
908
4963
1028
1052
1186
978
988
964
1656
1382
2084
2203
932
1516
1479
1930
1025
3214
1002
877
942
979
2516
1780
1733
1006
1553
1820
2458
2308
5234
989
1213
930
979
1033
985
1826
1125
1424
1277
4854