79
1236
75
801
539
293
306
269
320
267
304
311
308
269
303
282
432
546
308
268
324
269
1526
391
1653
3171
323
287
308
605
392
254
292
384
368
352
322
256
466
1481
295
335
288
253
349
253
287
265
289
1366
745
257
354
254
288
307
375
2191
344
256
2473
307
305
255
345
254
290
252
419
268
290
331
290
253
414
1036
336
271
331
261
1679
625
530
262
375
1836
314
265
299
277
301
261
313
265
298
262
359
281
554
337
3657
264
299
326
290
254
308
255
290
254
305
255
290
340
304
279
403
254
326
379
340
253
386
253
372
865
516
332
794
1995
1679
1660
959
776
835
1515
866
635
1087
600
302
586
833
402
821
423
2101
282
301
262
312
262
298
277
300
261
307
1166
297
260
361
285
291
256
598
257
1466
295
462
356
289
358
290
252
1465
254
288
268
288
255
475
312
291
2151
518
308
550
345
350
267
288
277
300
254
11883
608
308
1923
293
320
427
1583
284
290
2240
274
282
301
319
256
282
268
280
254
348
253
304
255
322
4176
375
262
303
3087
292
260
345
274
286
261
298
273
279
330
283
282
416
253
278
286
350
336
401
1863
282
254
280
3278
292
253
434
275
283
362
283
1699
436
376
281
253
278
322
285
253
291
966
282
252
289
3316
4310
358
280
254
295
255
280
254
369
254
416
272
308
258
332
254
279
254
332
254
279
2304
468
357
280
252
277
317
280
252
298
1021
1355
1194
1080
4795
731
754
699
999
391
677
284
256
327
302
1815
338
512
254
279
253
363
1812
283
253
327
285
346
386
2056
297
280
3047
356
292
284
310
281
258
298
256
2747
261
281
254
416
254
281
303
279
254
415
1128
481
376
2248
264
294
2030
283
254
295
254
307
254
326
254
281
303
505
4619
315
295
292
289
291
340
293
262
302
262
288
325
338
333
391
2723
306
265
1181
322
3919
258
1078
1614
293
297
297
255
311
257
294
256
282
269
957
258
282
477
400
709
3963
921
287
382
1581
323
364
255
283
316
663
335
303
704
311
259
738
294
353
650
384
304
950
654
2908
262
315
393
358
427
663
327
359
747
285
313
1300
1230
1408
1382
1255
755
835
1848
607
671
311
267
2280
258
297
778
352
255
762
292
3713
927
311
253
329
254
280
652
331
333
650
420
963
327
295
967
453
254
383
890
400
312
672
523
4708
262
695
256
836
316
364
584
895
282
719
494
1679
273
283
293
289
261
303
262
898
266
326
734
294
318
3755
265
290
763
293
278
299
707
385
796
284
252
335
606
439
929
305
295
724
785
285
254
1633
651
284
255
684
255
296
604
318
253
396
4024
567
745
543
278
281
1618
288
256
282
268
282
256
323
355
831
799
322
1449
2099
1167
693
572
730
1226
801
854
796
1097
396
319
368
256
282
2961
435
276
300
305
283
282
378
253
278
356
437
375
408
338
293
253
278
411
2185
257
282
351
348
287
383
254
281
325
281
280
325
339
4648
278
282
329
280
255
282
3149
383
266
1066
379
376
826
2009
315
286
2266
303
336
294
340
1473
392
317
307
311
320
302
2498
298
1293
312
657
312
264
1356
1026
330
1152
322
263
339
265
363
926
390
262
327
280
709
353
299
722
285
254
370
649
426
279
850
278
473
632
301
298
729
256
727
255
281
702
284
411
713
257
852
271
280
746
367
1151
365
341
965
317
284
446
1432
258
298
314
291
262
304
676
308
261
664
264
290
756
294
280
292
616
346
624
423
353
673
265
345
679
390
254
1572
281
287
258
362
354
280
356
998
303
501
326
805
256
278
308
680
319
449
798
284
270
281
254
643
256
302
765
300
325
863
329
308
357
654
307
554
1362
371
255
403
603
305
257
695
272
282
773
284
347
615
277
322
843
342
918
287
267
282
624
285
278
603
258
750
257
282
723
363
306
300
676
307
854
371
317
879
304
340
375
282
729
284
640
288
256
668
257
323
513
286
795
300
252
279
722
286
785
365
414
689
394
318
1388
374
255
520
813
442
255
298
745
358
253
279
424
795
257
777
253
280
751
417
271
646
384
653
335
281
696
316
695
288
256
675
257
367
638
356
718
530
358
3901
264
282
271
283
254
369
270
281
267
282
282
282
303
282
255
442
434
420
310
280
253
402
253
514
3339
287
313
281
254
350
253
281
254
325
382
590
293
280
346
446
440
304
311
293
3044
290
256
1987
369
289
796
478
1678
288
1574
290
273
2356
264
326
255
286
330
1810
374
294
731
285
255
2617
257
1212
270
1001
264
315
314
314
266
785
264
403
650
376
686
294
329
483
646
315
261
639
264
297
625
794
257
281
756
283
343
280
756
300
326
378
846
284
275
721
329
356
743
374
254
754
255
282
853
346
254
772
260
894
290
507
327
859
282
379
256
1397
463
283
252
722
254
374
615
301
255
672
254
280
677
320
310
690
503
686
349
791
255
283
685
330
268
650
348
282
632
283
277
821
257
455
703
412
808
283
255
947
4879
3362
285
427
936
366
322
1676
260
300
278
292
263
701
262
318
265
720
268
292
686
2903
302
562
261
849
267
291
348
732
260
287
619
283
253
675
284
894
302
323
1207
3635
261
280
305
279
731
283
277
730
261
387
797
332
273
356
653
335
488
1318
280
292
263
1863
2337
288
254
281
343
317
284
381
419
3167
263
284
255
333
1021
283
256
427
299
299
1119
1255
1770
660
686
772
897
1014
578
546
3857
360
310
332
3960
304
319
290
261
322
789
376
447
1906
303
581
311
1457
266
2211
350
400
256
298
254
281
1151
426
430
1623
256
983
279
1056
274
282
318
832
393
283
740
285
483
741
369
470
758
293
332
930
1122
307
258
397
258
711
270
294
323
729
266
292
644
293
261
716
265
393
901
297
303
306
733
315
263
744
325
301
861
358
255
281
256
659
255
372
594
365
647
493
253
796
258
333
595
300
673
302
272
282
699
318
254
775
273
282
604
383
577
493
305
900
357
817
334
288
261
1088
685
498
652
320
263
671
264
661
270
319
385
630
282
292
620
309
600
417
317
545
267
804
262
329
627
300
821
451
713
414
261
662
258
321
775
390
255
849
258
284
767
285
270
281
633
285
294
748
256
365
253
653
255
281
640
313
257
716
257
509
766
311
336
775
444
1494
279
319
276
289
306
291
763
296
263
695
264
347
626
360
446
298
1052
365
300
301
261
680
266
316
683
295
272
647
279
316
606
357
725
400
397
950
258
343
345
853
286
335
257
681
255
280
252
655
255
1260
256
279
292
346
252
2937
385
349
261
370
262
524
620
590
253
280
252
581
405
334
262
1943
264
345
292
288
326
288
301
303
289
305
303
287
333
3404
256
324
303
279
253
278
2206
321
994
397
426
1922
291
284
1930
345
254
2187
388
430
341
301
277
1535
472
2009
371
293
289
476
1071
294
1014
479
265
312
296
793
279
859
265
289
261
303
678
305
302
793
257
651
257
280
668
285
382
622
336
662
346
281
740
284
255
340
601
364
587
298
255
632
257
281
908
325
276
282
741
324
658
284
286
5345
282
301
286
3560
2393
732
593
537
321
286
1426
315
254
405
255
282
333
330
254
945
400
279
338
852
356
745
311
283
692
285
254
367
689
445
598
335
251
724
257
280
803
561
1375
369
257
283
366
304
508
1531
256
281
350
282
253
385
253
769
256
280
673
285
381
627
315
626
417
982
257
282
305
281
648
285
280
734
275
992
315
282
253
713
325
408
654
346
321
774
342
649
280
282
412
612
270
631
330
283
651
283
630
287
257
709
255
282
886
380
373
611
824
294
263
425
1655
434
261
290
401
291
260
748
266
306
637
374
261
681
265
291
2898
310
298
289
261
301
263
290
272
305
255
328
321
310
256
378
253
282
263
281
1768
330
308
446
361
366
254
280
252
1376
256
329
338
315
251
290
253
280
2684
2542
308
860
1189
283
254
595
18446744073708553572
290
333
1474
356
1374
335
423
343
313
299
1599
364
1312
256
1273
254
1011
258
1085
349
303
255
405
670
494
573
383
865
303
298
293
630
396
253
724
258
282
616
284
252
749
487
508
814
292
315
983
636
356
304
700
275
290
654
293
329
645
279
288
997
586
335
742
264
290
729
293
317
656
278
289
644
293
608
335
281
612
256
730
258
281
349
642
307
709
476
775
257
282
684
289
256
335
624
331
255
952
872
287
254
298
255
740
259
283
954
403
324
281
671
313
1346
530
341
280
251
768
293
375
255
864
260
281
305
640
363
759
270
367
898
300
488
351
733
286
334
880
258
284
336
681
275
284
608
405
691
292
257
738
283
382
621
299
254
338
620
283
254
706
256
296
602
346
523
285
680
290
398
283
809
412
940
441
331
712
255
533
1253
310
258
370
254
295
771
284
390
278
739
297
629
287
255
918
360
290
305
852
253
365
646
387
652
283
273
1043
335
286
255
771
300
333
632
298
281
787
257
465
3071
295
308
283
265
2059
259
749
289
285
609
1868
260
549
2687
320
252
306
252
282
681
288
253
1706
256
360
1377
2097
399
354
1539
1163
257
280
435
326
257
865
433
449
859
287
399
356
568
286
882
286
317
282
256
658
281
282
663
286
270
622
309
624
273
282
861
293
394
847
332
293
711
334
325
773
299
374
942
286
254
297
253
730
257
343
794
298
313
753
256
356
740
369
258
281
656
284
345
758
255
631
315
283
673
286
291
676
257
338
661
393
390
971
330
814
259
280
677
335
332
678
273
282
621
284
255
809
323
333
254
763
464
872
255
282
689
732
1288
284
282
281
252
279
323
656
303
633
333
281
874
350
309
282
903
466
253
712
277
523
252
866
256
282
354
714
273
281
253
653
256
339
681
359
697
361
298
798
257
283
723
286
270
628
315
280
663
353
945
286
328
282
257
800
254
332
254
832
343
998
273
373
252
1242
689
382
735
319
681
301
254
621
459
794
993
436
352
506
681
406
527
705
327
283
703
284
253
800
257
328
3843
431
256
521
259
367
275
283
255
335
255
284
423
286
255
380
255
284
336
297
255
432
256
284
255
1086
278
283
2002
390
257
283
492
690
572
299
348
305
2758
308
2138
477
823
330
262
479
1657
349
1763
352
1155
400
308
314
337
282
1885
826
264
357
6202
385
1847
414
2066
652
1053
2574
341
283
253
403
686
421
255
740
349
675
256
279
706
282
266
1896
257
282
699
283
254
1037
353
390
4219
294
255
404
256
760
256
280
732
308
375
720
441
319
884
351
434
326
482
941
649
2907
277
750
278
291
261
724
265
306
530
343
835
308
291
289
645
292
294
685
277
2491
257
386
255
798
260
423
270
831
255
683
1356
2012
1496
612
1409
792
795
825
3024
394
258
293
776
291
275
288
640
294
285
390
752
451
791
362
264
685
298
801
265
306
626
306
261
661
255
725
255
381
304
679
322
282
717
285
723
323
255
956
317
283
254
730
257
295
563
285
919
366
256
285
789
293
403
379
638
3291
529
741
415
280
276
283
269
287
300
291
262
322
265
288
272
419
264
303
1916
479
264
323
265
406
371
292
264
319
266
292
450
3003
263
310
636
2713
262
307
370
712
311
436
1636
287
255
1575
351
1425
296
522
293
295
490
324
2326
1408
272
1348
265
984
300
1053
278
290
262
385
659
320
295
712
268
289
682
293
261
782
410
554
274
778
276
320
252
743
290
370
697
574
341
665
255
295
609
335
629
413
256
672
255
281
690
284
254
699
255
824
355
280
880
305
287
343
879
463
1485
287
253
311
262
288
288
297
698
361
262
289
640
294
665
295
277
516
1003
309
263
314
262
678
264
324
536
307
716
332
270
632
256
282
727
442
524
1063
260
509
336
835
318
338
253
741
292
1048
267
434
267
879
308
357
263
1016
272
306
379
1142
433
349
468
847
515
1009
265
408
1082
295
304
373
276
315
469
659
312
328
760
393
317
734
365
343
776
291
275
645
265
336
629
294
289
799
368
292
606
287
811
348
291
702
256
1108
298
349
253
281
907
339
255
281
726
284
254
462
722
285
730
288
254
372
831
325
261
754
322
1411
455
281
348
298
261
777
264
347
648
306
263
2269
284
377
349
344
297
291
271
290
262
302
261
290
264
328
3348
285
350
284
253
415
305
282
386
344
253
366
255
280
371
284
253
329
254
281
253
467
253
3903
401
515
484
546
3628
338
282
282
790
285
398
1474
294
1544
256
318
2182
333
784
285
255
337
1238
333
369
1305
255
783
257
835
1361
284
254
281
269
282
254
305
754
373
256
280
721
284
271
280
702
316
800
353
817
313
323
311
905
327
462
1397
265
290
261
370
272
289
791
312
261
665
268
314
483
618
282
667
386
437
670
307
260
662
265
684
263
337
851
373
272
281
253
809
256
412
254
800
295
318
846
362
630
309
256
722
259
343
603
352
256
707
255
683
258
281
717
283
271
623
278
340
873
322
606
349
1036
284
273
305
343
1494
308
345
274
290
262
815
320
290
304
753
264
336
636
443
263
739
302
295
709
291
323
642
282
299
648
283
288
640
257
296
701
464
834
342
1016
372
347
294
649
283
255
641
259
282
663
286
658
285
307
619
334
717
364
586
366
958
271
307
279
680
517
1337
413
290
261
958
359
293
765
291
261
307
625
350
637
307
259
435
868
304
264
291
642
293
259
681
264
391
621
350
253
639
255
670
273
281
650
320
744
321
397
707
429
886
260
282
823
324
341
649
333
363
720
284
254
670
256
337
858
304
4498
328
276
308
264
289
260
341
261
287
328
289
281
419
334
305
354
292
298
304
301
327
332
396
487
291
257
287
272
288
2540
286
254
279
315
280
252
327
267
400
251
486
252
433
377
454
3316
327
387
381
253
298
255
2826
263
321
952
369
261
547
2582
372
1489
296
1874
365
260
313
1249
408
1657
300
1122
316
685
347
253
877
254
281
309
573
343
738
400
282
696
286
257
703
291
355
612
359
254
636
257
645
256
282
464
286
606
284
585
505
931
638
353
1030
276
296
325
1664
259
281
267
343
254
276
671
286
735
284
306
387
708
282
341
634
348
958
256
283
255
331
711
301
255
754
359
355
665
1391
258
290
300
325
272
399
254
372
444
389
253
307
254
288
266
290
253
290
272
290
281
368
301
288
265
351
253
288
264
287
252
394
296
326
343
291
254
504
262
343
327
300
261
311
316
407
603
580
299
290
252
369
254
306
283
299
260
436
263
300
324
301
263
343
295
299
262
360
280
300
350
412
377
375
261
387
262
299
278
299
281
299
308
300
260
320
254
288
254
400
252
291
308
289
253
303
365
429
383
334
335
361
299
412
295
289
309
464
315
329
254
288
267
290
252
288
264
288
252
310
250
288
251
322
254
287
343
290
251
299
331
403
409
337
320
383
262
296
365
513
717
646
290
295
298
332
355
376
259
298
273
296
260
296
324
296
261
390
262
297
319
299
260
339
284
370
283
296
259
295
296
299
261
308
259
295
259
307
261
304
340
287
252
332
253
287
251
394
253
286
362
288
253
406
288
288
389
453
430
314
372
422
254
291
265
291
252
431
257
292
250
345
251
289
264
286
252
8419
282
649
364
1448
1514
1229
356
1205
259
729
784
336
270
582
1389
296
253
289
270
289
273
356
254
287
253
390
254
323
444
358
312
287
271
287
385
291
253
298
253
285
342
304
364
474
255
316
375
368
254
407
360
3001
397
291
274
472
449
583
583
417
255
287
303
288
252
334
253
288
267
289
269
289
374
288
254
370
290
322
317
332
305
373
357
489
337
288
337
376
296
412
387
359
343
346
349
399
298
312
260
325
267
448
322
353
261
352
333
340
325
417
317
298
258
294
354
353
315
373
278
290
303
291
251
374
265
286
283
287
250
286
409
289
252
441
279
397
306
327
428
367
283
403
285
311
441
591
559
714
321
324
347
307
299
372
277
321
273
296
259
347
260
296
260
385
264
342
287
476
366
454
275
387
331
337
300
404
262
296
354
316
281
439
309
319
322
334
297
450
308
355
314
308
272
436
320
412
315
377
254
289
345
287
312
395
253
795
259
301
5018
379
302
4711
264
311
261
311
261
296
275
296
260
297
355
330
262
382
261
295
377
297
299
366
324
329
312
317
261
298
260
331
262
295
277
2659
267
378
424
473
360
395
339
419
346
363
401
382
253
2801
306
290
254
290
351
291
253
302
254
289
252
290
281
291
353
290
283
316
286
2856
520
371
286
288
353
412
462
289
277
408
271
288
265
1952
268
364
255
3868
283
293
254
5618
4660
98
136
68
94
71
164
138
83
73
70
106
85
76
71
83
72
74
68
87
69
90
69
70
69
70
90
71
69
80
81
92
69
82
69
141
83
203
70
111
72
271
70
440
70
510
74
3352
82
726
811
330
295
514
1765
359
2364
340
289
255
534
1671
318
277
292
341
292
475
654
2206
297
263
292
1369
363
1519
320
571
357
1565
1441
269
332
263
289
322
289
263
787
263
354
261
774
267
390
1016
358
440
283
255
801
301
333
265
719
256
282
730
284
308
614
272
771
314
314
353
961
455
400
618
927
266
474
1480
296
360
293
277
383
276
758
265
291
279
718
347
292
658
360
261
804
266
309
876
296
264
695
267
353
784
18446744073708552062
309
484
833
370
264
351
740
418
307
750
285
381
818
443
263
785
265
399
254
775
259
281
304
666
308
281
611
388
352
815
387
838
368
291
360
1400
675
314
883
320
273
503
686
295
263
830
263
353
260
826
264
366
357
877
266
290
907
308
264
310
263
767
259
382
618
365
645
368
706
304
256
1133
406
344
831
314
520
875
258
283
745
285
327
667
417
284
678
286
256
740
256
332
864
398
825
306
290
301
961
361
314
363
310
960
277
330
279
284
788
388
300
832
256
428
254
2925
261
283
339
282
256
402
265
291
339
385
314
303
261
288
262
341
262
288
1715
315
335
370
402
447
268
323
266
294
1173
347
256
280
353
281
2302
391
256
365
467
352
275
369
277
290
262
358
615
2029
323
303
266
301
265
291
335
292
262
331
293
3445
306
2490
376
294
803
285
257
590
1690
310
1874
320
320
885
265
291
263
354
2287
304
432
299
1615
302
290
2126
271
291
2148
635
265
366
878
297
263
301
648
294
265
512
880
313
268
292
789
467
763
363
325
906
281
293
360
295
787
374
314
683
319
291
705
293
261
347
792
368
296
844
264
308
265
449
712
333
348
666
356
282
748
284
255
719
461
757
380
438
775
295
327
288
1081
1064
792
292
319
659
339
290
719
296
263
743
265
363
268
759
339
481
898
294
262
291
654
321
276
373
790
287
255
804
293
284
894
288
256
815
359
343
774
311
261
812
265
378
684
327
262
711
262
290
741
306
260
653
316
292
700
294
314
995
290
326
266
1032
313
472
1366
287
268
341
313
289
705
295
262
720
357
656
357
345
709
336
695
384
262
732
281
289
696
293
260
739
257
309
824
374
254
769
380
1137
463
495
497
1049
325
440
320
913
405
405
883
355
319
367
920
403
427
822
490
977
343
462
349
1791
292
381
333
343
275
417
3226
374
276
361
313
457
399
291
273
291
263
343
261
289
260
302
300
292
327
282
252
292
2234
296
254
374
325
419
291
344
394
282
465
363
339
290
3638
302
262
355
278
2783
378
1092
716
1146
417
2359
369
408
358
2466
381
1777
370
439
363
486
354
388
385
2479
370
1562
2349
316
263
345
1161
322
413
1213
274
359
289
297
386
979
269
293
262
957
317
338
282
291
956
459
1123
289
256
310
271
289
756
295
329
660
373
304
688
292
259
851
315
1491
271
294
264
309
297
294
327
975
259
282
760
292
272
283
706
298
723
383
308
442
762
286
362
721
256
280
708
285
252
738
297
366
694
295
262
708
265
1134
383
358
330
350
913
295
263
341
714
489
1008
346
342
295
253
777
262
355
343
806
256
280
770
407
268
807
282
281
980
487
272
281
744
443
797
372
255
282
1072
483
317
379
268
1033
338
393
256
442
770
387
270
748
255
280
375
713
374
280
713
287
644
283
276
770
255
890
386
300
1007
305
447
292
261
787
351
402
856
325
260
793
321
292
718
295
263
799
283
444
963
295
263
302
676
369
337
751
319
340
698
336
269
647
255
280
987
519
341
345
1245
292
256
356
255
4273
326
311
263
290
343
291
263
349
328
405
263
325
424
420
355
527
351
438
352
465
654
916
2768
410
467
402
359
330
260
304
263
370
346
304
280
358
293
342
2937
380
2614
324
949
392
271
576
1853
375
444
1770
260
411
2450
431
271
341
357
359
328
1458
697
352
1485
2140
336
1747
374
1642
338
402
308
336
357
366
339
1063
349
283
256
767
255
380
656
351
753
306
837
295
312
332
614
404
500
372
763
286
255
914
262
375
256
874
382
371
255
785
296
973
278
498
282
287
1223
692
413
778
282
292
750
293
279
290
730
295
307
720
267
341
671
411
355
881
267
390
267
807
326
293
726
487
258
682
258
282
828
285
359
281
786
392
852
459
292
280
693
284
255
708
255
357
619
402
254
879
578
1096
391
453
389
1368
391
395
402
433
1041
395
514
478
735
507
333
631
1365
480
396
520
433
1427
487
495
391
1201
459
416
393
1609
522
471
426
376
1257
581
506
430
704
1085
1080
362
386
7803
433
618
351
1037
438
376
327
1415
318
407
263
329
329
5579
372
284
256
571
258
692
370
2990
338
788
315
285
544
1712
366
2430
341
2365
272
352
359
4239
1812
425
332
2308
388
1780
397
512
1432
369
330
419
354
394
328
604
1229
354
263
332
2696
308
343
294
264
861
267
397
334
797
265
356
264
3591
419
375
330
1343
312
288
351
293
261
338
820
294
264
345
856
3359
423
1069
415
380
450
976
265
292
369
718
329
292
688
294
303
797
332
405
1636
2219
1306
1657
813
1156
1100
1750
745
1102
1185
921
453
449
1434
563
392
619
361
427
1586
333
272
332
281
342
270
324
271
903
274
321
271
301
834
344
324
341
846
319
317
761
344
290
665
298
263
816
266
349
263
778
375
319
280
820
521
1118
307
351
283
588
1511
324
410
544
266
291
919
353
276
290
714
295
317
682
379
291
3843
302
278
292
261
288
271
3606
475
352
261
933
384
349
520
359
1724
340
541
363
1839
334
2553
397
271
395
314
296
1828
303
324
2061
280
366
275
300
1229
337
270
1346
291
383
300
388
264
290
793
372
471
1031
269
397
257
849
265
360
262
290
1049
434
267
404
308
1030
268
290
329
289
731
296
265
891
325
552
773
295
371
312
730
294
265
800
356
364
501
786
276
392
967
479
339
291
970
318
318
760
327
307
764
364
288
736
322
368
941
368
392
855
335
364
1218
367
377
430
330
670
925
370
403
365
999
512
402
417
1013
406
348
1325
267
333
313
289
264
828
269
308
264
779
349
298
342
1264
440
396
340
1255
337
376
394
1117
267
293
340
294
708
293
262
1124
267
368
288
871
391
293
263
782
264
351
844
294
264
379
688
355
261
785
329
952
333
474
969
368
402
382
980
488
333
961
337
467
434
1158
429
413
1180
353
325
481
391
707
308
1088
444
469
367
926
271
293
735
294
350
685
329
315
1305
383
281
290
341
292
305
2422
346
438
333
363
400
363
329
413
396
420
332
3056
414
478
346
380
329
467
309
339
321
370
339
478
361
427
264
4495
272
334
311
290
294
565
2616
456
696
295
261
764
1586
333
1808
325
2169
306
303
414
292
321
272
1504
297
302
1511
321
1158
319
1085
348
285
300
271
339
760
318
269
714
273
364
659
302
285
661
314
718
312
393
801
319
334
841
274
299
270
779
274
327
651
317
621
318
274
680
296
301
705
305
299
694
322
775
280
330
271
728
304
686
287
298
660
303
298
560
273
810
299
320
325
810
301
830
349
1057
275
291
262
290
687
315
305
646
374
293
707
294
685
293
283
696
266
821
409
336
734
292
262
851
439
821
265
336
743
293
310
666
315
293
667
292
262
1104
508
742
332
858
297
289
645
293
364
564
308
766
278
289
673
305
309
697
272
338
663
349
262
763
267
381
780
374
714
404
265
292
724
294
312
824
258
281
253
832
341
312
653
339
1228
461
1018
349
378
443
975
454
284
374
773
364
299
1108
481
285
253
871
352
354
253
775
321
375
627
299
256
674
266
678
344
645
283
293
838
320
315
292
756
317
300
996
306
341
262
2416
312
304
274
360
274
300
336
360
260
323
293
353
263
378
3834
299
264
302
261
289
320
308
262
288
350
573
393
290
260
366
259
287
340
289
261
299
279
339
337
1513
324
553
333
433
498
441
3521
426
3013
303
301
331
296
856
309
651
265
2049
342
1997
300
370
288
938
274
298
342
1962
266
290
315
1176
262
1333
1102
296
1209
368
292
325
261
306
261
492
264
739
256
281
818
302
780
417
259
281
1327
354
255
283
380
319
1350
352
291
368
268
282
825
297
323
292
263
705
268
1774
2173
3152
308
299
268
316
316
314
614
1933
559
411
352
357
727
1159
459
433
1336
785
404
373
1153
350
364
304
270
1170
479
386
367
335
1308
491
375
1049
303
382
263
801
310
290
393
742
292
1048
351
425
536
1042
311
353
296
870
333
326
889
534
398
992
291
364
263
306
806
440
350
307
903
391
316
721
325
551
285
694
283
292
669
293
262
820
256
503
698
299
269
1525
320
539
406
529
330
1026
260
394
253
387
920
375
268
306
1279
392
306
378
253
946
402
539
819
285
255
904
582
1208
256
415
254
280
666
284
268
645
404
919
270
279
1048
469
404
354
270
811
255
283
266
690
307
644
369
283
674
297
251
685
256
323
717
398
2850
287
255
281
391
295
253
402
299
298
379
18446744073708551942
292
613
259
443
265
302
2507
689
283
378
287
284
379
690
643
410
1495
294
262
350
261
288
259
314
261
288
2998
458
2762
309
254
913
273
284
422
1573
255
1759
388
404
2112
315
285
287
258
281
396
1122
255
1724
300
1805
473
436
700
307
2086
456
262
368
382
349
284
332
253
279
1021
364
254
370
400
1092
257
283
435
827
256
308
304
758
412
287
789
285
402
292
937
397
388
294
1188
501
255
283
335
281
767
289
253
298
610
299
253
1501
4844
362
3375
544
313
351
962
358
290
308
789
357
260
700
264
2020
702
294
282
290
687
296
617
288
255
751
262
434
3555
504
561
354
292
1050
266
282
355
282
737
285
293
349
696
910
813
465
282
3713
382
372
266
455
307
346
1229
324
314
506
313
301
1799
320
283
308
297
713
281
1700
645
285
271
622
257
294
625
404
318
3064
424
582
285
1071
264
297
432
1288
298
425
276
280
1220
554
348
1444
2227
1985
756
805
847
1108
651
849
2020
329
267
304
262
291
262
355
261
297
324
284
691
427
668
305
2480
537
439
286
253
294
255
282
254
343
253
301
294
408
339
1788
410
298
263
428
289
401
3582
679
3134
300
302
293
262
324
766
391
426
1987
382
2240
360
346
1552
315
254
282
255
358
255
307
370
1631
388
1122
279
584
256
1112
919
975
255
321
254
279
266
794
374
286
256
1350
331
364
301
299
285
1978
763
409
376
282
267
989
293
310
254
320
255
784
277
772
333
383
716
398
314
664
257
396
714
395
398
900
298
300
319
295
946
428
301
352
1324
572
298
281
696
285
256
282
680
285
656
284
316
623
270
280
656
383
624
512
947
396
293
367
845
595
1305
586
273
962
330
535
270
914
258
386
254
876
267
464
388
850
339
330
252
719
254
304
538
284
751
286
343
717
255
374
890
335
282
1024
375
405
947
510
345
296
993
367
263
287
740
311
254
331
725
357
332
665
338
298
689
641
885
375
286
786
451
1489
338
294
277
291
806
306
260
320
641
389
264
743
263
290
746
293
325
702
323
294
651
293
262
662
272
409
673
340
588
439
604
338
254
772
277
318
1178
334
261
354
722
305
298
611
262
1008
269
334
299
364
2427
287
273
456
328
344
406
290
307
336
343
613
664
2392
317
359
310
389
539
563
350
575
494
608
2875
302
349
312
261
289
262
342
261
289
321
290
260
348
261
318
276
290
295
2887
320
2459
332
917
344
286
659
2520
2399
401
537
1125
265
290
328
2230
266
338
277
328
263
306
1205
357
2092
400
1738
308
274
302
549
302
909
350
253
281
333
768
309
966
260
281
269
282
672
299
255
643
300
392
679
307
252
641
255
281
770
348
458
935
400
1048
271
464
1551
828
790
1188
273
280
252
369
1039
284
253
391
319
774
385
779
255
328
708
335
253
303
666
343
1011
414
263
336
287
1027
283
307
1035
376
318
291
847
357
300
342
700
298
275
640
285
296
625
285
296
731
255
280
718
283
370
1019
396
454
266
290
1337
1493
373
290
297
526
1034
461
308
280
781
322
255
797
276
308
690
345
839
285
252
785
253
348
252
748
348
286
752
309
788
492
658
329
320
646
414
922
390
1261
346
353
257
279
757
282
271
280
605
301
270
791
288
772
468
370
731
285
286
846
1551
439
280
409
356
338
618
296
288
1204
269
443
315
297
312
949
1163
691
1113
485
502
1044
264
291
291
1549
320
290
261
289
346
290
260
413
2063
359
286
294
274
346
285
303
291
337
318
462
1050
297
265
304
262
289
1513
407
367
334
264
288
323
289
260
1340
268
290
343
282
254
282
269
3571
4529
318
354
414
352
325
900
295
264
530
2043
562
286
1953
506
320
590
451
1691
345
272
405
285
378
384
320
291
2269
299
370
1994
307
272
342
1457
390
262
1041
1146
334
302
347
343
324
1100
307
277
310
388
778
304
347
1238
289
253
279
346
305
254
477
757
337
700
435
256
280
619
332
291
712
313
709
272
282
816
297
304
809
282
403
260
982
260
348
496
1162
289
417
269
303
1722
644
292
289
272
288
259
287
273
288
1030
298
465
289
718
329
300
307
693
320
350
671
288
325
717
363
872
306
327
372
1739
425
268
457
1272
503
399
281
1028
301
254
306
254
324
628
304
253
635
256
650
257
301
472
286
928
356
816
367
283
1059
460
897
1594
330
405
285
303
298
758
305
254
301
391
719
398
580
321
1059
258
282
326
284
253
744
294
354
603
371
620
307
253
851
268
726
259
285
1013
441
377
327
559
292
877
377
261
334
824
306
271
332
695
284
253
680
255
883
474
320
877
305
385
918
662
1307
280
387
328
3058
281
282
322
330
271
292
287
347
352
380
268
539
273
334
270
282
254
291
2405
286
349
281
254
382
255
282
342
332
313
340
329
359
436
1417
336
282
341
323
270
306
3583
334
299
2698
353
722
1756
345
254
282
254
702
1816
364
2535
1320
300
283
254
294
1370
301
325
313
254
281
340
1476
452
1215
1349
412
258
556
258
906
1186
337
530
286
319
285
994
316
359
494
274
1438
384
456
1060
284
288
638
1359
304
263
289
275
289
656
294
263
742
305
346
625
311
260
779
265
815
373
326
274
1003
305
396
272
299
899
290
270
282
881
524
365
303
651
389
1063
286
255
370
253
678
256
303
709
352
317
280
708
310
668
283
400
1012
332
284
258
1258
347
373
315
412
2068
465
416
367
284
337
255
280
289
845
428
280
936
319
273
415
271
928
346
298
622
300
256
816
302
303
275
756
409
309
986
438
395
1212
395
473
351
280
253
845
435
297
652
282
253
684
257
350
994
286
5690
805
1639
304
303
2861
410
318
1066
356
256
382
297
712
257
804
260
280
272
281
774
859
594
365
761
2466
1338
420
265
305
333
342
276
968
312
283
252
3495
3297
702
658
404
306
399
366
301
290
379
262
348
260
310
434
327
273
448
311
1118
4308
289
254
361
254
3704
283
343
374
3168
272
392
1112
341
524
436
765
291
351
2130
285
2051
522
1799
266
291
672
291
262
856
1389
1409
2297
1747
858
680
2299
655
1831
369
255
282
1086
1126
293
464
518
935
275
303
430
323
1501
446
387
291
303
361
791
337
507
1504
266
288
320
290
260
371
266
842
267
289
908
364
261
717
262
331
1016
514
275
309
982
422
322
433
837
348
256
283
688
286
341
507
814
396
257
319
724
287
255
297
626
394
590
348
255
639
256
281
683
313
302
626
392
804
356
281
982
466
404
287
1139
287
255
282
266
282
728
1339
265
307
259
287
318
281
757
317
611
409
833
320
434
352
646
283
257
403
658
431
717
331
282
748
304
507
883
305
267
1079
389
341
583
1019
314
295
308
830
257
372
339
703
276
283
680
285
254
700
303
305
639
466
297
827
266
940
341
504
540
1598
368
341
326
341
262
291
261
1063
283
288
260
382
763
498
266
736
265
370
820
335
278
328
4076
410
265
302
463
463
396
318
404
464
322
353
252
279
252
383
270
277
266
279
250
278
313
305
253
306
254
279
1361
301
252
279
453
398
2909
3716
282
347
887
330
269
389
616
355
1703
304
1494
314
262
2215
259
295
253
280
364
281
1159
358
253
2185
279
349
255
386
2003
1525
288
457
253
326
354
281
965
323
337
290
261
975
549
1080
288
398
324
289
945
352
263
352
890
357
379
1014
337
557
377
1070
285
290
262
301
261
775
265
303
632
285
256
751
287
299
606
398
588
376
327
763
313
694
254
281
693
287
268
875
267
321
813
289
486
1081
279
8285
2572
330
386
318
410
402
429
696
1729
457
313
363
357
353
373
919
379
289
262
952
372
311
302
1216
332
378
277
290
847
295
312
541
670
301
836
296
262
326
1221
292
539
316
1522
630
405
371
340
1780
630
354
445
355
414
354
318
910
367
352
318
877
432
837
291
751
339
300
800
425
264
339
864
422
1104
302
305
392
313
719
257
1025
365
283
255
283
744
322
374
690
305
319
631
287
256
1473
257
282
338
283
254
425
253
1719
283
290
319
486
414
587
1232
287
270
290
264
290
260
2388
265
291
278
290
260
335
281
331
259
305
303
288
304
290
258
3659
258
532
341
321
310
3677
263
295
253
801
256
500
1613
306
1384
326
377
2952
257
282
298
461
638
1865
18446744073708551881
290
337
291
1445
367
1110
309
534
393
1194
316
264
291
275
290
786
295
311
340
618
309
256
624
339
635
448
380
786
285
385
961
256
283
278
282
878
286
254
294
624
301
586
384
254
409
605
283
700
282
355
618
397
700
438
934
256
279
1389
476
332
281
252
294
253
659
355
282
905
310
380
653
345
298
823
303
313
782
403
297
631
285
255
726
257
383
634
392
253
676
328
281
708
283
351
683
1200
412
254
338
253
698
255
282
972
378
291
281
664
331
271
281
655
346
306
759
944
343
346
296
638
577
1159
339
255
283
363
710
279
290
736
293
633
293
263
707
266
356
634
404
1009
296
260
402
259
720
291
291
313
673
273
282
619
285
255
636
278
281
721
288
751
285
366
713
348
306
518
748
262
283
255
638
252
342
619
369
587
427
733
379
650
351
577
885
403
283
255
1033
688
922
257
391
613
329
621
301
256
713
269
323
3906
304
253
281
252
388
340
334
275
283
254
364
255
385
397
295
253
992
344
403
267
297
372
457
332
297
251
2359
335
306
256
295
251
278
251
297
283
279
304
279
251
296
251
278
3245
321
431
3448
256
354
255
282
824
377
266
438
1901
2824
302
1687
269
294
330
294
312
398
262
1777
294
1231
269
421
1315
300
1292
301
960
1060
260
302
460
793
259
1013
404
397
790
302
255
1460
594
321
292
291
766
844
728
452
281
710
305
775
302
292
280
835
316
311
502
950
1045
352
1048
391
315
836
267
292
325
740
262
342
705
298
1531
302
266
391
263
370
759
303
255
281
628
287
255
693
301
362
609
342
1418
290
367
282
693
914
324
283
886
379
253
306
648
289
914
617
1300
287
433
435
886
337
269
389
641
286
259
780
314
627
414
737
725
544
291
1216
532
399
935
421
256
284
256
865
430
1111
785
518
422
884
265
293
281
864
445
1108
269
400
414
2221
302
292
262
347
413
802
266
326
265
859
352
1022
1497
438
900
365
1302
368
296
412
324
290
685
351
259
1576
406
536
359
1086
270
289
438
422
932
371
265
289
276
1858
406
291
315
373
261
289
452
3662
340
331
417
797
385
363
422
366
268
376
373
307
324
293
320
325
262
384
338
453
2509
351
374
347
354
350
263
290
344
2490
371
293
301
549
389
989
363
308
405
386
307
294
279
3138
953
5642
328
339
5345
811
351
375
613
2005
354
1675
299
335
323
292
2300
1356
1731
946
283
390
265
464
3917
425
300
2664
478
1879
472
2218
357
2276
358
1476
312
331
313
345
327
306
750
348
317
2910
260
429
259
817
260
457
307
850
260
284
1621
312
421
1618
680
338
254
834
255
2670
867
336
257
1500
441
393
259
282
652
285
254
297
958
314
725
2321
277
786
270
794
275
282
254
280
707
282
268
647
346
634
1067
2591
1489
1226
956
934
2030
722
254
507
741
936
572
283
252
1424
260
280
488
720
716
379
264
684
266
378
983
398
260
289
282
1123
1251
916
288
343
259
362
761
308
261
290
653
294
263
708
268
729
264
344
1248
295
288
289
869
296
261
358
642
433
783
284
278
478
821
411
1315
404
1006
469
447
1647
651
691
257
302
318
3646
2802
427
772
300
266
1180
2151
294
254
283
1625
285
945
451
252
280
1313
287
253
367
640
386
1558
309
1085
287
1345
1804
323
305
1786
477
424
311
260
350
260
894
264
289
313
1393
267
307
305
806
347
598
528
755
262
302
281
728
261
738
254
2173
585
958
260
537
326
1172
385
284
255
573
1588
412
260
387
264
337
780
1056
382
480
386
1248
311
292
285
358
1919
475
353
289
258
302
719
312
262
289
719
333
334
695
321
398
1346
376
350
750
266
358
261
748
273
654
255
284
663
287
275
870
875
892
483
383
273
896
278
283
339
769
299
366
622
366
266
1325
344
297
255
981
323
408
894
303
311
661
493
1497
452
835
262
288
361
597
387
1011
263
291
282
292
718
373
711
336
265
1343
266
290
349
890
292
283
252
693
254
299
608
401
253
719
257
701
468
912
860
360
346
283
817
325
273
672
357
338
793
286
255
1700
262
468
298
458
4675
377
262
358
700
291
277
289
263
361
262
289
298
303
259
288
360
382
259
310
302
289
308
290
260
376
261
289
316
689
378
295
298
847
257
399
252
2009
254
374
450
385
252
348
253
508
792
348
3069
3140
483
886
857
371
1020
674
1891
349
320
1605
1880
393
342
354
297
291
272
289
2593
295
3764
6954
435
708
256
1135
2505
336
262
361
1948
381
257
1435
271
293
282
988
269
338
316
291
1788
297
264
959
330
3456
257
1209
259
287
301
321
948
390
410
420
759
284
252
298
617
398
256
879
259
381
265
292
734
1617
279
815
266
335
702
336
347
4877
272
293
281
292
876
294
262
308
261
742
393
968
316
819
279
732
324
291
604
303
637
301
257
781
258
343
256
3518
296
363
259
823
262
284
272
285
698
287
255
535
826
286
258
1169
807
395
698
334
3402
332
1036
857
324
332
1036
422
302
283
292
764
295
317
275
731
258
320
621
302
375
1817
764
289
257
545
260
913
2796
396
682
287
320
521
352
285
253
3316
925
410
415
1410
1594
1812
849
655
650
754
1460
555
938
645
577
425
262
3853
265
440
2933
547
2635
289
266
440
1747
293
349
2043
2175
2112
357
394
810
557
310
311
1792
632
351
2220
269
1730
340
4329
264
2430
267
812
256
280
881
332
271
282
280
738
259
398
734
1288
691
669
472
1907
287
345
869
1639
2142
334
389
331
275
292
841
346
264
922
803
295
1547
873
351
308
276
840
2537
412
954
415
992
809
342
298
257
774
257
687
259
284
717
406
2801
1111
282
376
291
291
934
1051
863
377
884
296
981
345
1389
297
343
3159
761
299
264
1022
289
720
276
313
452
739
310
286
684
311
270
340
960
310
257
1847
265
804
261
3699
559
825
307
1051
831
340
580
940
748
304
258
729
283
350
802
344
256
284
718
287
2184
1394
1198
627
4377
973
714
716
974
461
294
293
402
479
256
287
309
284
256
580
265
435
281
282
340
287
256
282
3426
424
3521
546
513
1497
373
367
482
2506
357
394
263
1818
268
1003
266
303
261
289
273
1620
265
307
666
1060
1334
295
1015
356
955
285
252
282
447
871
258
281
386
914
1401
320
360
322
254
500
1432
339
255
280
295
278
279
282
824
388
254
759
255
414
739
329
377
474
814
316
254
718
379
851
260
612
949
287
386
900
257
334
369
881
287
723
255
283
679
329
254
639
256
362
605
298
254
657
256
717
257
282
654
813
256
704
421
6324
274
293
279
706
336
335
708
293
835
750
267
1147
315
310
2942
916
259
283
257
753
329
334
886
371
255
699
257
297
609
298
254
699
255
310
627
3905
265
844
267
404
254
718
1248
744
407
789
289
328
643
342
266
659
264
289
706
13613
273
362
674
507
275
293
366
290
253
4032
385
305
411
308
260
289
386
474
548
393
1323
293
262
5146
332
644
396
3050
1016
798
1023
1097
817
917
260
319
649
1791
260
1181
1363
1344
836
802
621
767
808
1186
785
579
299
289
253
302
252
342
329
295
255
427
315
378
358
289
252
385
384
445
453
656
267
385
311
292
252
442
252
313
425
292
251
349
252
289
298
287
252
288
298
290
269
454
254
288
308
325
252
377
253
373
352
288
287
339
253
287
251
371
253
287
345
288
251
331
250
285
273
299
277
484
317
288
256
342
253
290
310
576
544
433
508
298
253
384
252
691
379
843
253
331
274
295
260
308
260
295
270
295
261
323
261
325
262
306
261
296
316
296
306
307
261
294
277
354
333
297
333
296
335
382
262
298
318
312
258
18446744073708552043
358
385
256
337
252
519
254
374
267
287
288
409
271
423
381
374
299
288
256
431
253
286
297
287
252
326
302
286
252
369
266
284
261
285
250
284
260
286
251
391
362
286
349
465
418
343
284
340
252
285
294
2840
356
542
287
304
292
289
264
287
252
380
253
287
301
377
252
343
273
487
340
355
251
375
267
286
319
288
251
305
269
318
252
384
250
288
330
288
251
414
277
307
348
472
297
389
258
418
308
289
301
397
260
362
315
288
252
412
252
288
262
288
252
289
263
289
249
349
252
306
312
291
252
283
334
287
252
332
251
410
287
322
369
295
480
325
252
286
429
605
568
497
252
287
252
364
254
287
336
395
251
334
252
306
299
288
299
406
381
323
263
325
326
503
392
313
253
288
254
328
254
286
306
288
252
286
262
286
250
348
252
284
251
310
252
285
325
286
252
376
314
396
379
346
474
391
254
388
255
292
254
390
255
289
303
310
254
422
254
288
336
288
252
398
307
290
350
288
253
493
254
287
312
450
306
381
307
288
334
287
270
561
684
482
253
353
254
287
309
288
251
291
449
461
378
288
253
334
252
287
299
324
274
379
308
462
319
369
252
336
253
289
280
307
252
308
333
289
290
339
253
289
333
298
268
333
252
288
253
537
267
416
291
326
373
308
277
374
252
290
253
463
253
359
254
393
422
310
261
303
254
294
255
392
293
294
299
287
251
297
253
286
252
371
253
485
255
327
373
379
253
375
301
529
683
590
253
287
315
291
254
341
253
287
253
298
252
285
301
289
270
290
333
292
288
335
251
402
383
291
251
354
339
292
329
292
253
301
252
289
252
298
252
290
278
290
5176
520
271
283
300
282
252
281
358
296
253
348
256
313
501
3228
618
340
3001
643
1177
290
352
446
1533
290
1278
1580
259
556
277
283
336
360
253
1871
1404
293
274
1528
284
399
1047
659
435
286
770
288
349
316
666
283
644
367
253
682
255
370
629
368
664
377
252
773
366
826
511
315
732
512
1275
398
256
359
340
683
302
282
629
285
254
791
259
353
253
828
291
809
313
340
625
384
257
693
257
652
255
320
656
334
881
287
400
302
753
380
372
717
512
779
255
281
714
285
303
645
379
284
677
284
253
685
258
334
632
405
298
862
754
322
255
368
888
965
991
355
256
284
689
285
676
288
300
623
301
283
682
285
617
474
483
766
272
284
254
738
277
330
448
287
810
299
253
280
774
303
256
507
724
286
313
478
963
305
255
307
255
828
309
281
669
285
254
710
284
372
614
349
254
692
323
675
300
734
276
900
264
292
489
1367
393
331
255
384
262
734
311
427
680
322
263
742
264
675
263
335
651
317
261
672
264
345
627
311
261
707
254
751
258
323
303
640
307
282
671
284
3661
291
348
384
254
345
3316
431
471
1102
394
681
2920
311
331
1683
309
290
2031
296
325
290
365
1700
271
309
263
291
1383
335
1056
283
1127
321
255
350
253
283
252
821
374
690
416
282
738
910
263
286
323
284
694
298
253
716
321
373
745
346
253
782
361
981
339
355
721
287
1049
359
270
307
254
735
258
363
602
303
253
644
255
717
273
282
740
320
293
808
326
720
294
284
794
345
276
345
745
289
328
882
257
345
251
691
254
282
1495
481
311
282
251
293
254
299
576
286
713
285
256
325
605
371
267
681
254
752
255
313
673
324
374
738
323
292
680
962
1068
294
260
354
260
766
310
352
262
697
264
291
688
294
262
713
359
820
280
291
258
684
264
291
643
293
666
288
359
623
349
870
260
305
589
905
292
321
431
704
254
281
256
842
273
284
603
300
251
647
255
310
457
623
337
629
340
281
614
320
821
333
915
289
347
484
1520
337
307
348
260
290
271
705
341
293
716
328
264
738
314
293
738
295
337
704
308
356
638
401
603
322
253
673
267
699
259
282
3044
560
272
302
301
286
255
339
252
282
266
282
272
280
290
283
252
368
266
280
260
2156
270
392
332
333
298
382
259
292
274
365
458
1334
257
361
352
369
317
291
3135
545
262
2581
266
769
286
476
1471
288
1339
287
2115
302
292
357
266
339
1088
326
1573
293
1104
1238
305
289
254
341
254
805
432
830
459
700
272
458
1431
309
303
335
627
384
255
644
255
282
692
285
254
744
258
419
924
406
305
874
303
283
328
704
255
298
604
309
254
713
256
281
687
282
254
695
254
364
785
407
873
286
254
345
252
660
256
283
615
320
269
622
251
298
957
286
254
820
260
545
886
333
1024
350
257
755
1303
363
467
373
335
1002
269
306
354
1159
265
360
322
389
959
416
310
391
880
376
283
292
388
783
332
315
261
881
313
362
825
296
297
307
710
358
264
872
290
732
265
307
621
373
262
763
255
283
653
286
860
303
367
281
1530
313
314
5342
841
296
264
357
630
4242
839
295
265
289
640
317
282
502
1029
339
253
281
254
971
340
319
254
1052
368
283
254
662
257
354
608
322
253
686
3076
3730
397
547
467
284
356
284
262
366
261
318
299
291
261
289
323
292
2508
391
264
356
298
330
2032
325
299
306
314
283
286
294
256
283
253
1869
270
3379
266
2455
261
286
722
357
444
1386
1724
1824
259
310
255
1857
521
357
698
516
2709
2556
1294
1965
676
599
2243
1087
1738
292
252
368
342
420
390
286
873
289
254
332
254
679
256
282
793
425
286
866
332
340
720
311
290
1235
948
288
316
284
844
301
423
727
310
283
705
287
333
998
473
391
1159
498
256
369
288
285
399
733
309
358
254
747
256
296
632
418
254
687
364
314
702
286
274
723
304
297
608
354
713
338
257
671
255
952
259
287
353
795
362
1496
433
286
255
406
363
1529
256
326
265
281
253
722
256
283
268
639
280
285
764
379
664
359
254
818
313
318
682
370
302
822
256
361
254
790
330
331
631
354
272
695
286
282
729
311
373
972
256
281
253
673
256
332
255
731
257
684
256
281
614
315
254
767
2283
1020
367
367
422
874
318
482
1396
384
272
283
254
390
308
774
255
282
302
766
362
361
485
635
304
282
709
383
1327
606
257
463
426
442
264
1848
296
281
339
283
327
292
254
281
323
284
712
287
253
2498
297
285
303
284
254
299
254
281
253
365
254
526
360
407
340
283
254
4025
287
291
2210
368
264
761
265
1684
306
617
266
1358
2283
290
291
333
254
296
256
396
1240
1467
1040
290
889
290
291
1171
272
285
748
287
304
283
650
286
724
326
867
440
256
767
255
538
1466
282
276
283
251
353
265
899
423
855
257
336
255
814
256
551
899
331
326
696
257
364
579
368
661
387
253
768
256
284
704
285
351
626
402
802
317
811
257
283
278
643
254
909
275
284
255
698
298
922
312
288
255
755
337
284
345
879
291
942
260
283
354
1310
626
301
305
331
634
354
255
729
256
679
255
320
788
342
1064
292
325
329
599
288
265
688
270
283
658
285
256
722
283
411
611
335
252
703
256
856
355
458
706
299
254
687
255
282
268
663
255
671
258
335
666
471
792
291
283
806
339
918
376
346
710
285
316
570
1214
411
254
281
328
641
404
281
688
283
720
286
256
381
658
296
314
966
259
387
252
813
396
444
639
346
256
916
257
329
270
694
274
331
920
355
328
891
258
730
328
335
270
659
269
284
707
300
1550
289
255
282
269
282
253
330
254
317
1484
367
254
297
254
371
2073
312
255
282
305
283
253
281
316
283
254
356
255
687
258
282
2849
287
265
327
255
359
254
280
306
281
253
280
266
281
253
424
489
351
3299
377
2601
292
347
760
362
447
1600
287
254
1577
1448
361
253
337
254
572
560
1736
1051
287
505
286
1112
1045
291
1189
366
330
338
763
255
280
252
761
254
320
611
405
599
304
257
690
256
658
257
282
1004
377
1091
317
972
383
413
284
684
285
251
784
354
588
298
827
450
1192
495
325
704
326
255
1237
675
546
254
655
257
919
948
288
252
339
403
813
283
340
286
858
420
689
254
393
617
301
311
1255
343
295
300
592
256
703
258
798
294
413
274
941
276
283
267
2231
308
561
381
930
324
289
255
284
677
287
805
420
1465
346
256
283
300
965
1518
286
308
286
252
359
316
323
736
288
406
1090
905
386
256
1040
276
284
254
703
279
303
487
291
764
305
1379
288
328
619
314
758
387
787
323
283
677
339
726
294
346
1218
262
284
310
625
925
382
259
297
821
440
378
1158
342
461
408
2189
260
302
324
292
293
304
682
315
262
290
661
299
723
295
397
754
1397
296
295
464
267
292
370
296
7883
5978
110
1644
283
481
419
404
262
541
518
763
866
297
263
386
320
3223
399
358
446
421
252
340
291
373
475
852
255
284
329
282
272
303
259
333
262
3177
273
1677
297
306
355
297
2602
290
815
291
1835
334
2353
304
863
687
1316
392
265
293
1051
315
265
312
264
1862
358
392
1123
371
1431
299
1350
788
276
285
861
288
483
377
705
341
394
596
846
452
320
1047
259
630
256
850
383
287
717
286
640
300
276
668
258
908
308
554
263
1327
672
652
829
287
256
341
255
789
430
743
258
574
1608
327
299
520
437
285
265
992
258
305
268
5440
931
1355
258
324
259
1033
285
536
18446744073708553671
756
313
775
405
291
1212
546
2111
353
647
834
697
295
264
1019
279
292
755
762
326
1106
822
351
262
327
1101
727
264
293
738
286
484
2319
929
380
302
395
696
729
262
286
255
579
256
763
433
290
1843
1076
261
282
882
871
280
319
269
786
858
302
789
535
1299
294
721
297
261
936
349
1892
303
912
308
318
313
692
266
554
825
287
2434
390
270
2396
346
283
299
399
255
281
333
282
252
364
267
2068
1640
2487
943
808
1271
839
455
460
2387
400
485
556
524
290
259
1437
284
375
463
3900
263
3123
333
627
478
4977
265
338
309
585
358
2420
318
3455
280
376
265
692
266
293
1630
733
2731
302
302
303
264
291
285
300
339
3557
259
679
336
1551
1639
428
2004
328
256
904
494
3377
834
315
296
1146
258
416
290
1089
264
310
256
1155
256
369
274
285
344
728
325
368
2031
367
965
284
253
329
255
665
1122
286
670
287
977
292
361
706
372
4839
266
1303
310
285
272
408
269
787
433
998
320
443
327
1217
555
1193
320
291
279
837
265
378
749
295
2794
1074
529
306
263
289
708
294
308
690
341
282
709
301
254
672
274
346
1792
821
308
486
256
928
454
1231
1483
2138
1368
877
1503
1289
302
609
1149
668
494
523
1312
802
1284
299
303
859
321
343
398
1571
901
3970
299
371
1105
352
301
484
284
292
264
1304
275
281
268
284
253
280
300
4677
326
425
265
593
380
595
390
1677
265
327
1036
399
459
305
262
789
263
628
970
294
2928
3191
272
4389
266
283
568
1594
265
309
393
1284
258
2464
507
334
257
410
552
710
259
1735
259
1275
1051
407
1095
3330
307
284
252
293
760
382
263
293
666
342
276
649
279
292
641
296
924
348
440
297
757
295
2779
288
922
580
254
772
255
285
1288
330
304
333
254
285
253
1406
1338
333
650
393
279
896
849
1252
1984
1940
1552
658
630
667
1117
459
721
633
1076
454
462
303
261
473
1003
319
262
332
277
1014
310
417
348
882
258
586
1445
693
321
281
931
432
568
1103
299
298
260
406
1024
301
262
400
516
396
1100
356
410
1081
273
337
395
774
307
290
798
308
789
285
306
327
580
283
836
287
254
360
289
840
300
542
639
511
892
308
298
650
256
684
256
525
745
288
255
322
655
993
583
924
738
286
251
1131
1373
294
262
305
260
311
774
302
280
337
890
298
1014
377
411
330
3622
306
3052
304
263
422
668
370
415
1627
264
1402
597
1302
273
314
258
332
254
283
254
3276
263
286
1267
1120
257
284
1450
1020
267
954
266
388
261
328
932
417
264
292
677
296
870
311
260
290
796
299
329
627
270
666
316
1207
707
319
334
469
254
912
304
295
253
281
646
307
255
650
257
299
838
894
328
902
288
369
960
391
256
285
638
876
1055
287
488
1214
573
295
261
679
266
710
264
294
281
687
278
766
348
328
1144
320
265
312
740
296
398
285
649
287
255
801
257
401
257
770
372
1510
262
294
507
903
272
285
272
806
256
284
254
667
256
326
608
365
1315
529
310
661
1034
298
548
1357
255
328
283
281
252
677
406
1363
969
359
254
1403
256
282
312
469
442
1214
427
872
288
292
675
366
577
969
294
291
286
305
1136
462
358
289
259
780
304
435
755
340
265
358
735
322
263
505
263
737
265
779
267
451
762
379
282
722
352
291
779
303
278
290
694
295
259
945
282
291
259
289
2954
393
319
334
280
289
261
305
261
290
275
288
279
289
294
304
250
330
252
278
2055
418
254
316
341
282
372
427
252
280
262
280
268
459
2540
2499
264
287
898
311
255
801
338
809
255
319
2682
1503
267
1945
267
476
263
294
281
291
1149
334
261
1718
305
1350
319
285
1029
298
332
397
1501
294
405
1220
680
389
254
746
256
286
438
619
276
282
642
350
602
287
256
716
255
976
266
460
254
281
903
767
1002
283
283
282
253
698
256
297
512
286
870
368
255
282
689
401
299
903
349
298
1038
287
255
18191
2601
1001
685
323
1086
1455
1662
2917
3335
1357
260
284
483
2277
1377
292
257
340
527
3671
411
1903
1475
1364
608
688
254
2123
3835
572
341
1312
779
286
325
297
703
287
255
2996
276
283
325
343
290
282
1034
474
682
727
480
2718
1048
1812
909
433
276
2998
301
311
1717
292
263
290
278
292
265
380
264
294
1439
1890
269
293
274
292
263
290
2842
389
2265
1326
758
323
272
1737
307
3125
282
1303
295
580
330
328
330
3829
268
292
295
293
406
1139
283
1321
264
1085
3906
1400
261
284
366
284
256
360
258
402
783
340
253
810
256
284
299
685
379
836
256
283
255
758
257
362
606
4820
292
1145
703
1090
257
283
301
345
675
295
262
291
644
295
837
313
264
665
262
290
646
334
266
745
265
665
265
313
619
331
253
1707
264
823
260
454
312
1699
339
284
850
284
355
281
2060
376
305
824
255
282
268
282
792
290
326
4564
263
350
254
299
262
302
283
528
264
887
262
292
275
291
657
293
263
557
717
299
264
706
266
291
2288
286
255
292
605
393
680
386
253
813
393
3429
264
282
773
287
305
282
734
336
257
676
256
718
258
439
809
340
329
3979
281
302
717
420
335
686
277
292
738
296
263
703
264
293
705
309
263
723
269
292
641
293
261
936
270
1072
1583
1517
1415
725
1523
622
696
966
3661
365
266
379
307
296
315
314
261
384
1282
1640
265
318
846
3942
489
989
269
333
628
292
959
308
271
282
253
3268
255
337
319
301
253
450
254
279
347
282
271
399
2984
442
381
3530
1158
293
254
2853
509
295
1608
297
1438
298
2327
328
261
294
264
424
266
1401
271
1564
297
287
3467
1477
259
355
506
297
847
356
258
283
629
284
375
625
307
663
371
285
759
405
773
296
315
717
4657
841
266
344
265
760
264
294
277
761
340
805
268
292
262
684
265
308
532
306
709
421
876
287
255
655
341
789
292
350
2136
353
267
1957
675
302
256
284
661
288
255
762
257
354
601
1325
897
287
256
401
1964
294
274
305
661
2290
265
754
320
291
754
295
315
758
359
335
660
331
260
648
2620
284
686
285
253
884
385
329
835
396
925
382
269
283
300
641
3859
286
897
438
302
789
263
307
263
1753
315
294
367
328
263
498
1042
300
263
349
261
774
309
295
275
1005
3574
795
273
285
619
300
254
675
258
284
751
324
389
3615
321
285
255
338
259
285
380
285
255
567
1381
1324
1302
931
504
1121
10325
531
540
304
6586
295
254
385
254
283
3662
297
317
284
280
3742
272
339
556
1480
279
475
272
291
312
566
377
2605
263
1856
390
1567
296
946
266
347
321
322
2758
1876
294
1254
1363
293
257
1205
1028
303
303
284
272
651
478
2716
259
282
1013
682
952
286
384
660
339
298
713
1560
360
282
764
325
318
830
316
285
1184
288
306
705
1938
340
742
285
253
783
293
371
254
1018
720
479
253
2665
257
382
609
335
253
672
256
679
257
1005
299
462
255
883
801
1373
1532
18446744073708553082
1717
884
874
1784
684
904
343
331
866
288
253
298
601
353
253
588
256
283
781
423
1254
292
253
323
295
761
259
281
622
284
253
670
255
756
258
350
616
420
254
696
258
916
373
417
726
296
879
352
687
1053
264
332
355
1188
310
386
296
419
259
919
296
429
254
858
258
370
303
666
291
281
770
334
635
283
663
283
255
697
256
709
255
296
693
383
289
888
258
281
317
2396
361
284
255
280
264
282
254
293
254
281
281
564
352
348
252
3384
658
631
255
283
669
293
305
292
295
340
260
289
261
299
262
307
340
3536
320
2542
368
283
732
284
401
1634
258
1774
258
332
956
286
254
291
253
1685
257
392
566
288
1270
1865
337
815
309
1552
1288
317
254
313
261
289
270
843
314
292
261
706
270
304
630
308
260
703
266
317
652
483
722
295
281
689
411
320
727
340
323
665
305
282
687
315
732
298
315
1554
260
434
271
706
255
691
257
284
633
285
254
669
261
334
613
397
257
857
291
305
901
375
256
1447
439
279
309
280
251
749
276
417
653
367
254
772
260
824
257
442
835
417
338
330
629
356
289
720
256
736
258
339
1235
315
256
4963
785
1769
286
299
720
287
253
682
257
284
692
285
1319
876
256
279
302
2129
261
281
745
296
281
654
1967
305
653
309
264
707
286
681
263
338
679
294
316
3108
275
282
306
284
731
622
938
444
650
523
274
718
257
932
678
295
277
3032
268
290
650
295
263
818
278
291
631
312
3704
290
256
294
256
282
254
402
2596
422
351
293
254
281
255
392
270
302
265
283
281
333
301
281
1043
368
1578
290
462
1886
1424
901
827
686
3518
862
4259
748
540
771
265
292
446
1827
338
2269
326
294
553
301
1342
321
263
302
352
284
253
437
1615
1484
307
504
255
1695
256
296
993
286
963
288
376
330
1143
294
310
283
298
403
916
326
265
704
256
332
985
631
940
348
256
282
677
286
355
627
298
279
714
322
711
285
290
690
916
318
467
377
751
289
253
300
473
900
365
320
791
284
254
369
252
469
839
401
293
788
256
281
303
580
341
719
406
297
855
358
354
283
667
286
255
635
255
282
884
417
332
933
259
364
1422
487
294
323
692
293
338
650
339
280
648
284
697
287
253
783
256
422
904
301
280
401
611
390
256
675
257
694
354
643
277
925
258
500
314
907
288
496
413
813
255
366
266
735
254
764
272
284
644
284
268
501
256
815
258
379
255
659
1019
362
255
417
671
504
719
1065
256
346
262
289
708
335
278
928
281
290
259
722
263
325
551
367
902
293
262
291
634
294
325
641
307
298
695
284
672
284
256
369
666
383
727
423
256
872
257
478
460
750
258
390
1449
371
267
282
369
284
253
282
3198
361
377
327
252
281
372
459
621
719
276
283
273
303
295
293
273
2081
299
293
272
292
259
303
261
292
260
353
285
292
292
2751
316
2251
259
736
256
570
1799
288
1633
295
1109
387
338
282
336
284
1743
303
569
344
1284
1567
716
1581
347
283
251
1196
391
283
253
293
252
279
741
409
503
299
643
934
257
283
773
389
319
727
258
283
667
286
254
637
255
819
350
300
723
376
683
367
690
284
254
791
256
477
726
285
782
415
438
408
865
291
273
324
253
915
475
326
724
289
254
1309
669
639
739
309
260
695
265
306
628
330
262
704
263
678
262
290
673
296
261
306
847
339
669
295
263
702
254
314
689
334
594
284
266
619
391
629
270
337
805
673
635
389
274
731
339
697
312
284
724
282
337
622
367
687
285
864
406
331
749
349
262
289
1237
613
320
771
337
280
604
287
254
700
256
638
256
281
814
284
347
884
297
321
300
670
358
652
360
298
774
286
376
767
319
282
685
284
363
746
290
454
891
392
1029
462
256
282
307
743
310
281
687
293
286
496
1169
394
322
295
304
411
925
315
540
1185
307
569
537
4904
362
385
262
336
263
331
272
291
260
313
317
396
271
292
260
289
270
290
261
336
261
337
260
355
291
293
327
389
275
302
2044
353
323
294
263
293
349
292
261
301
260
291
282
291
2895
292
2522
396
294
811
263
625
1024
356
1649
355
1662
344
277
2294
363
465
303
291
331
292
1221
311
1347
288
937
380
918
288
276
387
256
736
306
765
327
381
741
341
342
622
710
300
278
780
283
342
523
374
715
336
254
734
293
386
832
362
344
294
857
781
948
286
255
406
616
303
254
673
256
283
693
326
397
877
401
367
772
286
320
282
548
287
254
838
256
296
254
739
273
281
576
286
662
284
790
337
304
315
981
332
252
281
777
285
303
282
712
299
254
644
1014
290
256
486
917
332
336
297
797
396
289
296
699
433
1248
325
311
321
251
306
710
319
329
556
850
355
264
291
639
294
261
963
327
814
314
374
264
673
266
292
434
795
256
282
657
285
252
835
333
299
767
302
290
912
273
283
319
283
702
290
256
710
258
283
690
287
666
287
300
780
305
283
744
371
453
786
368
934
266
380
1186
392
256
333
276
291
699
294
327
649
278
291
737
296
550
293
899
295
266
307
322
665
267
781
266
290
278
663
431
759
261
283
865
329
320
304
2502
287
254
312
274
281
252
291
253
279
298
299
283
284
262
280
253
343
3012
285
353
429
305
320
312
291
284
392
406
586
443
365
290
301
358
289
1398
312
264
291
273
292
263
290
272
3215
268
2412
274
281
791
284
422
1455
373
2100
264
1410
340
281
254
316
254
281
297
1485
259
1170
1191
285
1541
318
1173
530
445
388
262
894
264
388
317
874
266
289
318
687
331
294
486
297
910
337
344
333
747
295
325
675
261
308
636
312
269
708
256
321
625
284
252
759
257
371
771
285
327
841
257
335
867
325
322
3075
371
5204
475
4022
2019
385
410
926
263
485
888
354
264
721
264
313
650
330
283
628
254
299
605
339
256
735
257
775
314
1001
645
285
259
748
259
3991
1279
433
480
505
4060
4022
383
4812
3072
314
323
301
285
2812
86
107
116
64
64
134
63
95
63
62
62
62
63
95
133
87
148
88
68
132
105
68
67
66
67
66
87
67
154
155
73
69
68
67
130
69
71
87
67
67
67
69
67
100
1458
69
103
69
68
82
68
69
66
68
70
69
67
67
67
81
67
72
91
71
73
159
165
70
70
68
71
68
69
69
70
168
71
69
115
69
69
71
92
70
70
70
71
68
66
87
66
67
66
66
66
67
66
67
66
66
126
72
124
138
68
92
88
68
66
190
145
90
144
69
91
82
67
68
67
67
66
82
66
69
66
87
82
67
66
68
79
69
67
67
66
68
67
68
103
192
83
71
69
262
68
387
68
1490
167
990
153
3068
71
425
308
314
309
261
305
316
338
283
372
372
452
261
342
356
303
2184
333
251
291
251
302
253
292
267
291
252
292
315
292
282
3928
342
334
255
310
255
291
310
342
253
288
308
288
284
303
252
312
252
418
253
286
329
380
405
364
394
1595
487
732
403
288
891
3395
1574
873
737
669
786
812
621
472
252
418
290
288
343
379
413
419
261
367
314
319
358
321
450
297
481
677
355
349
254
307
291
291
251
288
271
288
250
382
347
613
335
2647
475
419
299
304
344
303
251
413
358
596
663
491
262
297
332
297
260
322
260
296
354
301
260
310
260
296
260
361
261
1364
348
349
354
315
335
460
263
298
262
316
304
300
349
349
300
363
256
289
266
289
252
335
374
327
400
290
251
397
288
289
350
377
251
300
251
305
254
315
252
287
263
289
252
288
264
757
340
514
5343
390
320
514
667
879
803
304
261
299
275
2502
383
390
287
382
295
340
327
305
348
311
293
299
276
297
298
3010
346
293
254
413
383
332
348
293
326
321
288
376
489
327
264
290
251
2310
257
290
252
472
254
290
306
290
252
305
254
309
250
416
254
427
3271
495
412
291
361
342
270
316
261
299
280
331
262
298
318
299
258
312
259
334
2247
385
298
299
270
300
260
310
258
315
280
332
263
13074
1064
2816
291
2530
693
792
681
505
519
568
653
3703
367
285
353
283
254
329
254
283
330
285
277
302
293
287
252
374
251
281
374
311
251
4168
331
3748
336
460
1002
416
317
621
1687
2385
311
286
253
282
933
450
375
2654
322
447
254
1612
286
285
253
1484
258
977
331
999
256
305
309
384
803
364
374
709
311
283
678
286
254
758
264
337
270
870
309
723
263
284
1019
328
435
299
385
1122
390
354
255
280
941
670
769
731
315
290
675
295
263
702
286
737
266
387
626
308
308
716
266
791
314
295
275
875
330
363
18446744073708554444
900
257
421
308
821
542
428
1013
331
331
371
1076
316
258
283
254
849
273
283
279
1971
1330
286
253
283
373
1229
593
323
254
312
624
300
256
651
373
287
675
286
256
724
258
764
410
969
257
322
369
347
986
289
884
4825
273
925
1764
331
271
704
257
283
253
694
277
295
538
4306
819
678
1356
289
297
284
266
283
255
724
256
297
611
357
272
743
266
862
290
811
308
316
616
332
259
677
293
753
2121
285
256
719
257
460
1904
341
256
463
254
283
303
1936
259
281
264
3649
269
291
466
408
300
298
1781
670
474
341
254
281
340
354
1933
285
323
284
256
328
2158
393
340
285
2028
372
307
887
259
284
254
332
1236
5312
1403
875
714
885
848
670
3699
482
1576
346
306
298
255
281
544
285
1722
415
2553
325
337
284
1344
348
256
284
309
284
265
319
1499
1206
345
337
1707
290
1076
1105
363
287
301
421
354
871
296
497
408
890
258
461
984
371
271
334
256
838
497
1019
281
283
253
359
626
336
253
691
258
283
618
287
254
755
255
301
943
461
255
396
1009
290
256
298
256
803
273
283
825
357
257
284
621
310
257
706
259
763
260
422
699
285
278
583
260
620
255
282
788
287
306
284
739
286
691
285
254
800
331
428
858
465
985
3621
273
305
771
310
261
292
675
293
328
668
319
335
654
296
313
676
307
666
268
308
605
294
340
1834
270
987
282
428
278
315
890
407
285
724
256
282
269
647
307
284
677
286
253
710
253
280
655
286
342
651
434
859
297
742
282
284
6347
307
266
2830
386
294
898
298
279
292
264
567
266
690
258
283
769
288
421
304
886
4801
263
2877
258
331
256
282
311
281
252
366
288
445
311
339
398
351
263
291
324
678
2376
345
340
322
261
291
356
290
262
1380
274
290
297
296
261
3438
270
2603
258
283
267
282
2321
403
877
300
339
595
260
1952
313
387
1706
291
3343
473
264
300
393
547
2136
300
264
1671
263
1478
933
2728
1573
1808
752
626
752
755
923
281
930
285
340
297
279
331
646
302
256
629
314
853
325
559
279
1120
2363
375
330
441
999
364
575
1247
259
422
268
299
339
1237
258
308
301
322
255
399
763
458
254
710
347
879
302
291
1000
289
388
307
291
908
296
391
837
285
257
375
622
339
259
842
299
281
655
287
270
624
351
606
321
501
254
711
257
724
275
723
423
1237
343
379
263
291
863
523
582
1056
285
283
272
691
291
361
627
346
606
308
262
667
264
288
704
374
762
295
274
651
280
291
630
309
313
944
275
300
263
821
257
785
258
283
368
762
262
871
258
282
269
492
258
985
310
283
255
366
617
401
253
663
256
676
259
283
255
708
548
804
282
293
761
553
1167
284
254
364
272
290
658
295
266
657
266
429
839
304
298
695
306
310
1898
296
261
304
262
292
262
302
275
284
319
312
286
615
257
3423
265
544
430
295
253
293
256
283
264
283
252
280
313
281
258
432
268
279
263
281
252
311
270
3272
270
3479
264
320
1071
334
267
495
1549
327
1479
466
2306
323
273
312
261
403
256
1078
256
1206
257
816
1258
293
352
354
251
292
1073
311
255
338
685
311
255
282
671
311
363
630
344
630
343
704
365
404
1007
414
350
1242
398
473
254
375
757
285
440
1352
257
333
255
423
921
382
262
334
727
394
253
1743
1031
289
254
319
252
284
715
286
254
676
257
334
664
367
289
722
410
815
256
284
267
646
354
672
363
327
875
302
271
285
682
352
255
852
260
423
896
638
969
911
1662
329
1110
555
316
308
262
726
263
289
721
301
346
687
280
319
1297
437
265
293
302
291
856
305
528
927
266
289
274
830
434
309
880
294
311
292
260
769
264
302
627
389
262
661
264
665
263
314
384
661
348
380
933
316
300
295
781
471
1241
710
991
294
263
393
640
348
263
745
264
732
307
710
270
331
738
311
283
878
266
339
276
671
276
290
634
565
721
325
255
692
268
336
624
399
292
701
330
475
631
374
258
2405
274
284
258
281
304
285
256
328
258
283
258
295
276
284
367
3933
566
516
268
283
280
303
264
302
264
310
315
341
267
305
264
291
263
338
264
293
320
329
286
381
2991
331
265
2486
323
282
803
325
525
587
1886
293
287
1491
261
302
1991
305
288
368
270
282
1048
396
1829
306
256
1869
1167
386
387
488
815
339
256
282
680
332
351
628
389
709
322
867
257
281
762
324
394
736
258
727
257
283
580
286
749
289
256
330
601
387
629
434
1060
397
412
286
773
290
254
753
258
745
256
332
607
299
253
684
254
705
435
336
690
390
312
887
561
1206
261
285
282
671
266
309
392
664
301
3431
292
380
890
319
270
319
741
334
275
291
648
293
261
659
263
290
642
299
647
303
280
680
278
1258
714
297
263
741
264
305
860
365
257
384
759
388
317
670
390
944
302
553
639
388
1325
562
270
282
363
642
307
284
1471
349
254
5100
343
815
679
287
1907
365
256
283
675
301
265
1808
287
282
254
767
256
1831
255
709
256
333
609
349
257
777
278
1065
305
3513
294
3573
336
284
333
282
267
365
256
3055
265
345
279
1031
301
404
556
1722
331
371
430
3781
310
2168
261
285
267
284
1151
288
1287
1143
325
682
1368
2335
259
283
266
283
253
281
745
286
316
759
260
285
704
325
2497
286
840
288
306
284
718
315
257
2206
416
1153
305
1133
1394
293
353
887
256
317
285
1228
1178
1529
1546
847
751
2142
624
854
577
536
441
985
265
359
338
292
918
368
326
844
264
291
263
3350
262
355
283
288
250
430
305
343
298
290
292
353
251
334
360
292
254
426
342
491
294
308
353
349
418
486
347
480
275
347
272
297
259
308
258
297
258
306
259
297
308
299
261
465
368
316
270
298
295
357
382
303
490
309
258
440
263
340
259
297
259
309
259
297
267
385
273
326
302
297
360
314
317
396
277
298
307
298
278
376
277
340
261
345
258
294
305
299
258
424
298
288
333
300
281
371
267
288
250
384
252
290
347
414
296
333
326
464
353
288
262
289
251
289
262
288
250
335
251
315
254
573
374
348
253
290
304
291
255
392
250
381
253
290
386
379
287
354
325
289
345
291
270
708
633
531
9751
481
2383
310
749
724
548
424
254
340
253
360
262
1097
255
319
265
289
251
290
261
288
252
322
318
290
251
408
306
375
368
291
282
344
344
587
252
320
485
344
352
432
557
292
251
446
540
568
478
370
269
296
281
296
258
296
300
298
258
308
259
318
287
298
276
296
269
306
259
342
268
296
258
306
279
314
293
298
259
294
269
298
258
305
262
447
372
290
253
423
270
289
346
392
252
385
270
288
331
380
251
464
430
440
253
287
251
336
254
361
261
287
250
311
252
287
252
361
254
2223
367
524
255
392
468
420
302
306
419
417
358
362
602
707
467
291
268
322
279
297
271
299
296
310
262
296
261
310
261
297
316
300
261
325
263
436
370
299
259
308
265
333
261
307
260
297
271
299
263
324
272
288
254
385
253
288
263
288
253
287
263
334
358
388
337
291
419
370
366
358
272
389
252
310
397
295
254
336
254
288
254
337
253
289
350
289
275
354
252
288
298
288
252
287
362
319
274
402
454
508
295
425
264
341
251
508
641
631
370
291
306
422
273
290
299
289
251
290
297
290
252
394
252
315
299
360
251
321
284
358
259
340
336
321
320
287
252
348
253
289
263
286
251
287
377
289
253
335
282
290
351
358
286
348
252
286
331
415
266
411
303
427
268
288
419
408
253
312
254
291
261
404
379
380
278
344
266
289
253
290
261
287
252
360
253
306
252
411
382
453
261
350
299
291
252
400
451
663
580
367
251
288
365
289
251
312
252
308
253
353
253
286
331
316
276
523
315
287
402
302
252
415
469
464
259
288
364
325
255
348
253
286
280
359
355
345
253
287
264
288
251
287
265
289
251
345
313
312
384
327
271
340
308
360
253
287
263
289
272
287
282
290
252
357
282
288
313
405
363
409
255
334
301
296
252
396
309
288
349
291
252
326
437
399
392
507
293
290
314
290
569
739
544
319
267
309
258
298
273
299
259
308
259
294
291
338
301
296
4240
299
262
309
264
288
278
3407
259
397
253
315
2767
288
986
358
777
292
407
7997
1897
339
425
755
501
592
2677
421
415
1757
305
1205
401
393
255
384
255
2342
412
322
305
397
313
1357
256
282
529
314
1450
392
1096
1052
258
396
253
280
326
816
363
923
272
278
890
365
268
442
1509
294
355
290
259
307
327
756
265
289
283
777
283
290
691
292
629
294
261
803
305
305
263
680
264
287
635
282
277
643
296
298
602
350
813
500
382
851
422
323
779
394
264
747
258
3110
261
280
666
484
922
394
340
317
255
688
350
1346
616
383
255
390
774
286
271
282
1703
288
257
691
294
413
930
284
712
285
258
643
257
355
570
284
793
301
254
637
345
281
684
324
258
753
271
394
794
283
370
767
259
770
18446744073708556830
324
1673
912
407
553
1334
321
334
291
3730
379
295
848
407
358
662
322
254
790
258
297
607
297
253
734
256
282
625
322
698
287
309
623
272
390
1861
287
255
667
257
791
256
695
4120
4494
577
296
253
281
347
280
2270
363
254
739
291
508
2322
1769
330
361
2161
287
254
373
254
301
348
280
1223
2411
1438
1821
1251
399
1108
326
254
353
1051
368
398
292
262
2919
380
291
262
723
263
360
654
334
262
663
268
290
1535
1527
1505
1404
751
794
844
1422
807
685
675
296
756
302
253
279
651
284
290
628
358
627
272
281
661
283
274
714
255
1012
372
371
254
1047
478
288
256
1426
527
420
264
312
282
728
379
297
735
292
298
717
304
409
861
296
264
817
302
311
288
677
308
304
634
310
263
638
324
677
380
381
955
326
265
292
262
924
374
289
267
751
265
341
262
680
255
277
617
323
668
284
320
648
344
695
508
353
939
301
254
280
253
695
257
1004
454
582
941
323
262
287
318
777
325
291
698
292
262
880
281
288
260
495
265
846
303
289
277
667
271
281
675
285
302
644
257
280
678
282
486
738
395
914
916
294
321
301
280
663
256
675
257
3220
325
489
343
3605
346
782
319
464
1531
293
1591
297
2661
306
314
375
263
291
301
288
1355
404
1430
343
690
668
653
953
257
280
288
309
659
285
255
280
691
284
270
965
257
279
270
321
649
283
254
713
256
281
268
988
313
583
713
300
254
678
256
281
1159
768
264
303
630
348
264
707
264
291
449
643
387
769
280
448
858
359
339
342
676
294
344
664
282
293
757
292
261
668
296
727
265
325
723
420
267
667
265
290
643
292
279
665
312
646
335
281
616
283
599
537
758
1164
377
597
387
1152
630
1074
325
282
256
856
284
392
256
737
254
280
720
283
357
490
1036
345
276
328
849
337
255
280
274
782
396
688
300
763
343
334
728
288
256
419
751
284
700
284
255
633
308
297
605
283
269
620
270
620
271
283
663
289
255
713
256
279
958
387
283
1100
312
415
1171
649
267
336
764
314
350
699
254
279
660
308
286
779
357
334
721
349
254
825
438
643
273
281
609
330
583
301
255
694
257
279
691
385
826
357
296
282
1537
291
3013
293
412
285
255
2717
256
329
259
447
294
327
287
436
252
326
342
404
415
651
2593
289
360
280
252
334
253
280
252
406
322
337
298
369
381
282
3519
326
252
282
302
2499
376
750
344
281
2009
395
1775
358
2312
290
270
282
254
390
307
279
1584
528
1852
1623
275
363
264
1016
265
305
263
309
357
838
295
325
262
841
298
292
339
718
301
302
634
305
262
650
326
280
651
335
256
639
257
766
256
369
640
464
544
356
664
380
593
295
255
716
257
304
894
303
258
282
750
296
289
299
779
285
254
902
300
396
678
284
274
660
1184
285
270
282
253
281
734
317
257
630
326
631
365
629
387
759
389
507
1131
336
253
329
254
828
256
790
259
282
715
285
407
538
825
302
291
281
844
285
305
283
635
284
635
287
257
638
257
280
689
284
285
655
341
281
651
391
806
529
385
1076
280
282
338
1661
290
303
256
437
276
701
258
280
687
282
268
648
364
283
753
287
336
328
691
339
254
702
270
738
257
281
931
467
359
346
727
450
254
280
723
281
422
857
264
453
684
283
437
707
257
279
667
320
257
636
271
296
602
297
589
375
255
384
742
444
755
285
458
790
559
1443
261
286
326
336
282
1045
311
288
294
340
2762
359
348
299
331
280
255
376
254
279
301
280
379
291
253
279
253
289
253
2658
259
321
354
281
368
430
252
289
251
297
339
294
253
278
262
280
251
3101
271
280
253
2567
414
859
400
2369
460
357
1485
299
2109
322
268
317
339
330
2018
291
1391
338
254
990
590
284
257
1390
347
341
268
364
1041
581
381
317
982
356
368
331
435
1133
266
353
261
287
341
747
364
291
674
364
298
702
281
289
917
703
918
2356
329
290
780
535
758
291
261
313
774
341
262
731
263
738
309
288
652
290
343
625
290
1726
359
546
341
805
328
338
778
283
327
280
333
687
280
399
686
874
349
364
305
850
344
328
255
729
257
316
926
467
328
700
256
2137
4362
539
3929
985
260
280
340
280
816
329
340
637
344
295
746
404
760
333
791
285
462
1439
368
723
336
292
3493
297
708
295
306
306
653
438
647
339
266
706
262
366
691
291
737
304
318
622
331
3564
517
297
630
283
255
635
258
381
774
285
252
760
257
414
271
1546
313
384
3171
283
254
328
254
280
2368
285
327
348
270
279
252
348
253
388
393
341
435
392
1004
2768
259
328
256
1316
1843
1217
793
758
764
562
678
922
256
279
350
280
3549
339
316
435
886
302
255
365
2495
807
253
354
418
1625
2122
371
304
5310
349
292
262
288
269
1388
300
306
2856
301
261
1778
257
293
253
1063
254
1187
364
283
326
363
787
283
255
400
772
454
255
751
282
489
960
300
262
379
255
871
271
280
342
658
492
977
470
375
255
280
1006
696
1031
300
344
290
676
289
261
653
263
358
624
357
763
293
262
288
635
291
276
704
316
291
641
291
261
665
256
280
697
281
316
626
305
625
515
1030
324
461
267
2812
279
462
1067
347
255
393
255
929
289
445
257
451
951
298
254
280
855
580
1320
1374
254
278
272
759
258
809
306
280
254
782
291
304
770
512
1117
337
306
304
255
326
602
330
266
689
256
282
694
283
283
806
346
280
1175
412
255
5423
884
399
332
365
901
1449
818
345
439
1353
825
361
264
303
3014
883
265
290
311
691
279
289
670
293
299
667
262
288
842
305
255
281
794
337
310
2053
334
296
361
862
258
279
808
285
1684
286
660
286
763
398
255
1285
422
320
3588
720
3332
295
263
300
263
290
271
328
262
289
398
290
472
330
261
368
278
321
262
1933
291
298
252
1539
257
281
403
386
383
279
1063
3988
1299
3386
708
844
957
1514
768
890
638
2062
269
1568
340
1324
373
291
264
386
281
326
1474
294
1035
283
1221
286
922
284
1047
404
308
430
878
461
333
1153
1889
399
255
279
935
285
354
307
256
852
414
1019
321
280
345
699
623
1309
377
281
253
356
254
723
256
320
690
480
755
439
339
964
501
284
290
739
255
339
607
349
254
422
606
282
285
634
255
632
254
327
599
1117
293
355
253
345
253
760
255
320
621
285
680
419
741
370
668
396
967
330
340
388
254
825
314
392
386
763
257
280
304
646
306
1065
579
319
743
376
260
662
294
291
689
293
315
644
277
287
878
333
347
737
278
290
263
672
264
288
685
309
265
539
733
294
278
290
675
292
682
399
370
663
264
721
265
305
645
330
262
611
257
281
782
282
268
279
791
367
307
1044
409
371
424
818
254
312
770
280
441
1262
265
352
263
290
463
294
650
292
667
342
299
717
515
300
736
295
661
323
326
659
288
816
260
301
255
826
323
698
257
336
677
378
663
406
1938
339
254
292
253
281
252
292
252
282
283
297
253
280
951
347
254
281
334
3154
378
373
460
604
589
391
253
279
321
281
252
280
332
280
252
360
252
1330
419
351
253
363
324
293
3712
337
2131
289
1007
344
359
535
2134
291
254
1510
256
281
2037
313
258
282
255
419
255
554
1219
369
1453
288
1154
425
3166
300
321
293
959
297
323
292
303
796
467
309
662
294
263
705
292
325
649
305
291
631
271
281
1602
286
764
323
288
293
735
452
784
288
255
532
258
967
256
403
253
278
653
285
365
721
273
282
691
320
859
378
502
298
756
15199
386
952
343
352
344
289
410
341
441
359
269
287
340
328
988
292
333
407
3967
403
371
361
318
383
264
297
298
402
719
678
524
299
309
298
273
301
327
299
260
322
261
644
263
298
3080
448
281
303
277
369
265
302
266
323
284
301
300
306
255
312
255
290
253
303
254
1770
256
289
380
308
288
393
399
291
256
966
329
305
254
302
2759
310
254
290
448
382
253
448
387
485
271
347
400
356
264
382
3034
311
264
317
10457
295
295
1703
1841
1819
967
1389
744
880
672
684
560
438
1368
345
298
414
305
412
382
308
576
642
613
337
368
311
269
18446744073708551950
259
371
274
300
259
356
260
297
259
402
260
335
335
377
403
368
259
361
276
360
346
319
310
315
261
321
300
310
251
288
321
289
251
375
252
289
319
430
517
493
361
430
298
394
254
333
258
447
253
351
254
287
252
301
252
289
263
289
253
286
308
289
267
322
253
296
252
376
252
2405
353
346
270
288
439
632
572
400
252
328
392
464
312
346
276
328
251
287
267
289
251
287
277
287
250
441
291
341
285
312
307
372
365
306
265
288
287
358
250
287
250
303
251
286
324
304
251
321
252
329
253
393
250
288
357
288
251
357
286
321
308
324
486
443
375
305
252
288
252
305
252
292
306
289
271
330
252
286
250
300
251
288
261
287
252
286
264
287
252
358
309
434
487
299
306
403
252
285
301
490
689
660
252
284
253
367
253
285
263
285
250
316
251
287
251
518
353
529
251
286
338
342
250
381
355
495
255
324
252
390
251
285
322
287
252
346
251
286
251
504
253
362
274
318
268
413
251
365
253
327
254
381
288
287
421
503
435
303
275
301
279
291
262
289
252
287
310
439
424
293
254
322
254
332
256
424
253
288
261
287
251
381
397
423
330
473
321
289
252
298
481
440
506
546
267
286
284
368
251
284
334
286
250
334
251
319
252
371
251
310
385
365
264
330
260
340
344
457
406
307
254
453
257
291
267
331
252
287
324
286
252
344
253
286
342
324
252
300
269
286
249
361
250
285
369
324
253
374
348
469
256
285
250
301
252
286
250
966
409
425
442
287
251
355
251
286
305
286
347
479
251
319
301
502
287
326
305
284
408
299
251
589
649
424
250
308
251
286
262
286
250
285
261
284
279
323
267
289
250
397
252
286
359
356
251
378
6510
377
282
282
344
371
295
363
252
3144
308
3078
256
593
288
611
396
1643
2225
292
1603
741
320
324
271
282
252
280
265
2003
256
283
456
1967
4593
2301
262
282
2248
388
1160
1892
270
283
255
283
268
710
311
284
675
285
682
3941
1456
396
337
282
305
283
707
287
255
2050
1044
485
348
292
905
286
307
297
629
285
273
646
257
282
667
1463
256
669
364
320
802
431
255
997
1559
328
254
293
704
302
255
642
257
325
4452
347
272
524
1361
285
273
326
254
280
672
285
346
634
357
1017
259
288
944
443
327
316
743
314
255
1041
338
959
384
1180
1741
1539
816
1540
711
679
556
1008
1128
312
254
323
715
285
256
362
570
788
320
771
406
1239
872
1446
552
469
465
374
530
923
257
282
366
318
875
450
328
1394
325
283
279
282
348
305
258
788
257
379
254
3964
421
299
253
280
3214
292
255
333
741
336
412
1896
493
307
764
424
2723
312
376
284
2102
288
325
281
253
394
254
1378
332
284
1744
1098
1281
378
275
283
322
285
254
386
1071
289
252
328
729
407
336
895
257
377
625
306
255
738
270
424
751
409
284
742
284
868
296
1306
392
369
338
1124
287
664
626
1128
306
289
262
302
658
342
264
659
262
289
644
295
629
317
920
318
311
313
261
731
262
305
625
349
273
701
257
280
718
283
459
833
254
837
269
321
916
416
289
300
810
341
255
279
726
321
255
677
257
405
411
669
254
377
627
397
371
803
407
342
664
579
1293
352
362
369
318
675
330
283
628
285
255
639
279
401
634
406
622
375
680
352
275
568
256
730
253
280
273
637
256
298
623
399
583
442
255
728
258
402
731
489
1047
292
255
359
260
281
874
337
256
280
254
827
272
282
631
286
274
798
311
371
971
337
253
369
646
681
1285
318
254
281
253
360
624
320
289
797
370
469
638
411
255
318
980
369
770
284
256
671
257
279
638
287
395
883
255
281
268
329
1928
284
323
295
252
319
387
282
254
389
364
3373
265
310
255
359
257
279
327
283
253
363
270
317
395
328
315
578
280
289
317
468
3712
290
271
281
2228
384
253
946
390
705
1657
288
1496
286
2017
352
254
280
346
285
253
1522
389
1382
257
1036
311
586
344
863
289
282
714
397
407
460
808
511
313
395
791
283
254
883
1324
344
256
281
316
281
741
284
301
298
602
362
615
380
290
683
998
287
268
281
253
718
256
299
717
484
257
282
781
365
316
280
645
286
279
769
354
680
355
282
635
287
270
744
310
320
3184
523
836
283
252
364
614
418
933
364
294
377
404
1544
436
458
434
352
275
2076
405
381
852
296
286
784
263
355
263
845
312
292
700
293
278
648
335
292
757
347
315
368
823
297
263
874
426
411
707
295
261
1357
4321
990
316
1223
336
2753
1426
467
264
308
263
318
571
296
831
293
265
311
2401
315
265
315
656
295
263
681
264
707
258
300
2846
300
252
793
301
442
826
287
255
424
716
487
255
281
736
286
380
5840
262
284
321
614
430
317
1124
298
253
281
253
295
254
2719
329
281
381
286
307
354
328
282
401
281
253
404
255
280
317
281
253
351
3493
579
292
890
342
2843
2860
313
764
381
1100
1876
1748
1082
2220
823
2998
3156
671
944
424
597
417
2357
562
296
251
2469
321
283
1331
310
255
1105
926
287
373
285
371
893
346
322
424
1137
468
1188
391
374
469
864
381
292
261
1309
4696
291
853
306
4221
341
918
285
254
294
675
454
256
987
258
367
255
733
268
732
257
691
258
697
266
290
311
695
357
575
293
854
3207
1411
256
343
255
279
398
649
307
984
257
281
714
295
542
787
4012
284
777
283
254
295
759
365
851
302
265
383
817
370
255
694
282
311
616
333
255
625
306
281
652
283
597
287
299
4045
484
363
906
440
463
1160
376
291
261
326
745
1832
332
926
311
1208
1595
1889
605
923
1345
540
2600
1470
494
490
462
546
981
359
255
281
2302
284
306
394
263
339
316
289
282
1932
712
377
2790
386
266
376
375
297
262
323
284
294
399
467
351
303
264
324
272
287
3518
290
274
281
764
368
254
7383
857
943
327
3042
605
367
2421
416
278
287
1489
295
264
2147
303
289
318
458
1720
318
279
306
2507
305
254
1166
259
1080
282
1856
259
281
688
282
255
331
640
296
294
709
256
4480
310
295
373
298
746
284
276
601
1186
283
312
281
331
346
2106
344
339
374
884
501
372
315
4071
318
272
297
273
695
279
289
747
330
262
679
265
294
694
308
263
667
299
291
642
292
262
664
258
1884
671
281
253
671
260
957
438
429
982
1448
1481
1689
1119
1393
1164
1062
1268
640
295
280
774
374
254
738
258
280
254
1162
258
286
313
816
325
378
726
288
964
325
254
278
252
720
256
323
616
297
255
673
255
279
659
306
494
285
997
308
341
282
253
940
618
705
850
432
348
926
317
290
262
289
748
307
660
288
354
757
288
1058
271
482
255
692
254
700
258
333
632
282
268
620
258
332
609
334
355
4052
315
281
254
279
264
279
254
288
253
279
253
289
253
306
301
279
252
313
374
278
252
352
448
403
262
517
273
2042
342
296
254
280
271
326
256
281
265
281
3452
498
272
377
2767
352
255
280
799
287
305
451
1647
289
1449
319
1373
416
256
280
299
281
285
381
2065
1962
259
307
1626
360
1256
285
1815
391
312
280
253
281
263
280
664
288
290
713
255
402
660
374
630
354
706
996
258
282
255
346
639
336
254
769
257
282
657
284
303
627
313
295
777
308
755
348
264
780
308
354
725
285
640
285
254
637
257
284
694
308
292
626
961
424
255
900
447
443
364
780
450
1356
255
304
301
335
254
330
639
335
254
685
256
282
737
329
352
761
316
327
747
370
274
631
391
674
1499
288
270
289
280
475
803
382
254
280
844
369
255
780
381
281
735
285
355
629
271
281
675
287
255
669
258
283
269
645
308
646
358
282
899
352
470
808
255
303
1483
331
255
307
254
282
254
664
278
319
612
342
255
710
255
577
255
1065
317
362
274
336
749
283
322
293
2318
4590
324
302
301
300
328
282
320
282
280
475
862
69
559
146
1486
71
519
129
1443
69
566
71
480
74
528
86
3828
69
506
82
370
68
457
164
322
373
255
284
320
350
254
398
271
288
375
339
254
284
500
458
364
995
259
282
403
280
2078
350
254
281
253
325
254
279
357
282
321
367
254
4007
272
320
256
280
255
291
2248
289
336
847
566
1916
2856
306
319
328
308
476
1551
366
262
321
311
289
284
415
274
1706
1080
294
1348
287
254
1003
964
410
270
318
322
869
444
352
674
284
339
663
424
1111
526
1290
357
576
274
902
258
281
364
1455
614
320
270
282
288
1769
613
355
260
302
757
310
260
289
1022
393
263
856
298
472
1405
328
261
459
333
308
1007
322
326
18446744073708552012
894
346
278
748
266
338
262
856
511
777
318
1043
449
419
264
1065
267
303
259
289
1044
315
414
400
551
294
950
466
328
349
262
879
517
570
810
327
264
292
672
294
264
713
264
304
664
352
264
695
263
806
477
882
266
290
281
676
281
1012
387
350
771
331
314
802
387
313
1022
461
347
395
740
285
327
315
359
688
255
349
626
352
588
315
332
464
685
334
921
392
267
1073
458
458
1339
499
658
1013
359
323
845
311
273
297
856
335
311
292
272
718
321
456
841
368
573
295
899
423
370
300
757
319
263
390
1109
356
426
2915
344
412
318
349
357
313
409
478
263
343
267
329
449
323
2815
299
264
316
371
321
285
289
260
491
420
512
264
290
376
390
2038
388
272
290
261
343
261
287
309
385
441
327
315
3851
359
336
2784
508
503
1225
314
422
723
1070
279
292
289
292
1812
2371
339
313
2063
398
346
296
263
403
263
291
358
429
2117
370
309
1878
306
490
1472
313
1773
369
262
290
1148
486
399
379
813
295
273
907
266
461
787
422
561
741
424
302
964
478
1187
421
379
431
1026
404
341
369
1333
446
323
317
262
335
1026
385
1039
329
367
344
275
1006
405
307
264
748
325
293
728
294
262
1199
449
582
334
963
415
455
327
1092
393
414
326
922
426
352
539
836
286
365
838
371
398
1000
321
344
354
915
342
498
274
358
319
974
423
323
1035
481
420
599
999
302
327
348
716
344
263
287
1047
376
272
866
307
422
277
1125
267
310
264
291
827
600
304
899
484
808
297
310
301
1096
294
343
302
333
975
297
371
353
371
1181
364
343
367
1023
340
322
912
345
392
1125
372
330
274
1091
377
459
431
1363
611
382
971
315
263
289
261
897
400
775
318
289
685
307
280
484
612
2812
436
299
310
294
263
289
272
314
332
444
314
334
323
291
364
3657
332
308
492
350
263
290
318
290
261
323
295
493
330
301
263
388
377
543
341
3905
363
318
5088
882
373
422
582
377
1150
507
417
318
2660
341
263
2208
321
291
1011
1000
483
6628
272
292
321
991
345
5458
281
409
514
1627
360
1930
283
292
2066
308
1258
1987
339
289
262
299
3888
326
263
1913
290
428
474
1223
267
315
260
476
1068
427
281
290
342
1846
368
842
418
326
3183
380
499
432
1306
417
291
771
422
959
280
289
263
2377
1821
439
1127
319
265
550
960
400
294
292
313
2654
437
666
316
457
604
1025
269
383
2118
900
846
872
268
326
264
759
282
291
644
360
1702
783
434
731
697
323
330
1723
1273
2132
933
670
1075
1183
778
612
1157
288
283
403
313
748
416
1396
375
342
356
1004
330
1675
533
283
255
303
309
293
263
731
264
307
645
351
307
3704
277
293
303
293
263
375
704
402
256
280
299
282
254
402
435
329
272
282
255
417
262
325
483
3840
262
280
2948
564
596
298
838
383
1200
2704
2811
311
284
345
354
961
318
909
344
682
269
334
1825
324
275
323
1173
905
1530
328
258
1154
303
1309
260
311
290
294
253
281
1508
291
270
285
298
509
258
814
257
284
302
724
487
884
331
392
291
1704
353
283
360
470
266
931
304
293
268
873
266
356
264
694
266
1076
269
968
410
300
263
417
672
295
263
750
258
295
256
478
855
290
521
679
703
372
262
722
294
281
892
372
254
282
864
335
355
282
799
898
257
829
417
536
1280
333
271
397
255
284
1443
586
468
1075
299
395
266
849
271
584
993
328
266
1128
386
372
1242
300
265
318
340
356
699
294
279
650
282
294
628
309
284
717
304
293
768
295
278
707
281
320
593
295
753
299
265
371
609
336
608
457
408
618
259
936
274
569
332
817
327
1106
502
666
881
371
262
288
699
295
263
700
278
634
267
948
324
293
313
345
770
309
291
292
493
793
309
729
265
286
316
709
413
292
638
285
257
722
261
369
646
588
4899
293
364
290
254
298
3494
322
268
940
962
309
266
694
280
497
1703
300
2073
371
1341
388
261
300
262
289
271
1613
1251
841
1800
416
275
611
260
1265
257
748
292
318
1090
833
258
287
393
626
303
878
270
283
710
359
443
974
278
284
356
1145
602
1149
264
284
308
691
360
284
717
285
734
347
378
709
342
281
657
298
352
721
310
388
747
296
255
681
258
644
258
315
754
285
343
283
652
294
290
828
527
778
275
283
677
285
258
340
674
335
593
299
254
624
306
632
340
320
672
332
849
342
323
631
374
948
479
1189
16408
1063
311
284
2379
2488
275
281
417
552
531
1375
2945
1330
823
297
1690
506
1276
3935
276
368
617
695
260
305
858
288
1405
689
359
773
275
282
3080
1670
258
1025
388
326
772
1722
1969
1433
256
340
255
279
317
280
254
936
1709
3502
264
2808
266
856
1715
350
1382
2678
1685
288
254
1439
262
525
258
2120
423
302
1789
2156
287
1682
259
294
726
692
616
840
312
471
3257
290
253
339
252
279
775
285
1141
740
260
449
797
1869
709
335
254
280
640
284
710
323
302
282
3748
665
795
390
255
281
981
591
1015
286
257
358
255
717
256
282
670
286
310
640
351
2324
261
296
254
667
257
281
622
308
257
692
258
1257
257
282
304
1266
259
788
3308
346
914
352
257
381
668
302
255
691
257
281
656
284
267
957
398
316
757
292
419
2997
258
282
389
328
318
945
319
282
254
825
270
344
1856
284
286
295
613
283
315
626
2388
721
257
284
719
310
402
737
367
847
257
285
704
372
1503
940
278
292
703
286
304
281
5455
325
726
286
254
369
619
301
257
788
261
284
2893
374
263
379
369
300
253
325
252
280
253
381
252
324
399
277
252
325
254
278
2154
304
284
317
596
354
765
1525
1357
1030
728
898
370
5053
1250
723
4566
329
268
746
380
562
271
1595
449
2157
264
1031
2242
289
328
410
625
366
528
2586
5034
453
2988
552
805
1658
269
1177
309
293
327
290
276
321
813
443
303
4070
951
314
252
947
357
283
625
370
1308
351
390
282
336
280
448
357
602
296
744
286
255
282
654
287
334
627
3960
860
307
1441
476
287
272
291
304
293
709
293
261
307
2704
335
264
291
316
335
816
336
275
291
3710
285
253
707
293
366
731
576
643
778
338
284
866
284
325
313
276
497
257
787
254
687
2133
1036
292
332
255
878
477
1318
259
283
2007
1017
428
287
255
2255
1160
286
255
344
254
279
282
505
255
939
354
282
3086
288
853
383
310
748
258
283
317
653
432
1001
264
283
272
284
738
326
261
297
641
2827
4374
288
256
417
340
283
264
280
255
282
321
298
255
364
255
323
355
2818
261
284
254
396
257
283
300
282
256
291
255
296
254
3445
9931
434
74
404
187
1943
329
330
508
1050
439
1207
312
302
3685
310
2907
451
868
288
257
589
279
1761
1722
303
314
2273
262
285
266
357
254
282
1196
286
1756
288
1264
944
2251
1450
1453
1164
1159
769
715
1597
701
844
269
490
1485
287
272
283
258
4461
266
1030
258
396
256
280
695
314
333
285
731
285
742
285
254
370
614
373
774
322
287
803
254
423
1275
879
374
2820
802
284
368
282
775
353
908
412
257
282
684
285
255
333
628
295
255
4184
310
732
313
952
259
286
669
331
412
917
366
284
721
286
334
18446744073708551914
621
301
816
301
253
770
392
1693
322
463
1430
1271
267
291
789
309
388
2357
284
296
260
798
265
301
631
309
263
703
2730
341
522
371
696
431
257
689
292
282
911
365
254
718
258
282
800
391
1448
292
810
2320
404
391
321
773
316
291
262
1903
303
296
254
280
2279
293
263
3401
349
289
272
287
260
297
261
285
259
372
280
290
4159
299
253
405
254
285
253
363
255
278
263
1097
257
281
266
282
255
3422
263
282
254
3408
272
477
1435
394
263
1629
2969
1445
2431
1250
706
1729
706
613
297
280
370
320
259
2044
317
1447
258
1435
258
1011
346
1069
265
288
378
328
907
432
407
1071
609
749
888
426
274
289
700
292
363
498
359
833
329
291
264
753
264
377
615
359
897
293
262
301
626
329
265
710
261
282
624
331
419
720
348
428
262
879
372
347
964
285
305
280
321
677
256
297
610
284
271
628
354
430
643
319
252
290
602
455
922
465
372
296
739
374
1334
559
299
421
266
287
736
295
307
291
698
295
649
300
838
338
302
295
776
336
264
712
267
304
633
306
260
666
371
642
262
314
601
285
256
713
257
756
479
1123
261
282
271
283
307
790
260
295
253
706
259
281
621
284
255
637
277
759
288
408
871
308
262
726
750
859
964
285
254
344
687
308
260
856
289
291
1194
334
308
5781
264
294
256
279
656
1390
713
298
354
684
341
703
1183
283
886
285
313
284
2833
289
255
3313
261
491
570
651
287
305
276
303
260
359
3410
377
308
327
425
602
305
311
1748
286
252
361
254
280
371
314
254
281
263
552
303
1389
258
2666
257
280
350
282
254
292
2800
3024
1042
401
285
332
535
294
2678
288
2056
294
340
1702
303
292
1223
328
263
300
263
289
2013
1003
1329
2527
997
818
2156
841
1803
641
699
285
253
279
775
352
448
1162
393
290
260
338
1148
630
860
398
265
776
266
289
693
292
368
412
645
328
323
756
279
290
808
297
329
1132
277
291
264
961
358
279
291
1388
318
359
1051
334
374
415
684
351
256
695
261
282
653
312
375
628
345
630
270
282
663
334
255
697
258
909
286
452
303
312
634
488
1004
353
257
955
346
283
255
398
686
332
252
766
287
776
322
823
465
1093
269
281
253
776
387
311
694
293
263
667
264
303
629
295
762
307
268
719
281
898
289
290
707
306
310
666
278
290
671
285
276
738
257
338
606
299
253
688
254
707
282
700
382
655
256
1242
566
284
281
721
258
362
614
423
783
284
274
281
764
382
255
703
257
721
290
347
665
322
313
628
319
281
701
287
653
283
739
286
694
284
280
819
255
513
871
284
252
292
2491
289
299
283
265
298
254
284
301
283
253
281
458
296
293
295
260
3298
668
441
323
278
253
359
253
280
299
280
270
353
254
280
253
361
345
293
251
3634
277
292
2752
342
255
437
725
286
449
410
1805
289
317
1364
310
2050
255
280
254
377
251
523
1391
300
1822
427
878
780
1514
313
256
450
254
309
270
282
251
956
308
282
273
392
880
287
294
758
254
280
356
810
259
326
775
285
280
283
771
336
719
343
256
353
625
470
730
291
263
446
864
355
261
292
635
283
269
652
370
625
342
771
262
281
625
285
258
799
257
379
1041
345
308
283
254
1139
692
355
692
283
305
625
357
641
369
284
639
285
601
290
290
789
456
300
748
282
253
640
259
283
656
316
301
623
358
674
374
284
740
286
327
944
363
813
288
280
253
715
361
639
353
284
622
284
255
637
258
568
257
282
738
283
254
704
262
955
398
420
727
322
1141
575
278
305
254
718
257
279
667
284
268
623
255
374
554
663
428
1071
317
372
823
332
255
1261
274
394
265
293
816
458
414
854
265
342
262
914
560
1062
289
293
330
805
299
292
288
731
266
290
679
293
276
448
832
318
365
292
878
295
359
289
675
290
310
841
267
302
263
2854
379
297
253
279
251
373
253
305
390
322
262
424
390
424
254
2987
300
333
254
280
298
297
252
278
366
279
252
366
324
337
338
281
259
390
254
279
3071
307
2578
344
256
791
256
486
2109
2163
1609
287
254
282
382
279
253
324
1364
1257
551
1787
344
282
291
1091
257
1043
329
301
255
302
376
802
276
314
740
352
302
801
271
280
923
287
312
280
254
717
350
293
555
315
874
347
367
973
257
293
256
998
522
349
767
289
256
416
1234
287
280
281
255
281
738
284
268
324
620
285
657
290
257
296
640
316
950
414
873
318
253
4402
4842
316
335
284
843
3012
259
281
794
315
292
290
966
511
404
1292
576
651
493
766
255
3817
257
780
279
308
508
331
932
285
256
313
256
648
317
631
308
283
679
401
368
674
365
692
447
342
1479
287
255
391
2713
387
257
765
257
282
267
659
353
658
391
1058
321
405
1988
1179
261
284
280
283
254
737
256
328
616
300
254
2925
297
320
719
289
348
649
308
282
820
285
255
606
3749
1260
1409
871
682
703
621
792
598
606
257
398
254
280
334
340
2306
292
476
547
604
317
254
360
256
318
Exiting