107
37998
39938
39446
39964
39950
39541
39913
18446744073708591496
39462
40000
36357
39376
39880
39534
39920
39952
39890
39529
39921
39995
39510
39890
39521
39983
39932
39467
39932
43965
39521
39729
40595
38748
18446744073708591543
40005
39439
39898
39506
40019
39914
43424
31848
39953
43981
35814
39957
40544
38945
39984
39418
40006
40029
39415
39925
40017
43399
39962
18446744073708599513
45032
38343
39961
39517
40004
39932
39536
39665
36336
39433
40012
39969
39451
40000
39444
43041
36854
39471
43923
36425
39429
39964
39958
39480
18446744073708591629
39899
39486
39972
43857
42741
36675
42078
35758
39997
39522
43866
36389
39396
39926
40010
40111
39209
39926
39449
39883
47785
39372
39902
39973
18446744073708591095
39887
36422
35810
39982
40032
39584
39729
39536
39899
39981
39442
39959
40004
39960
43414
43846
35856
39936
39974
40988
38502
39896
39499
18446744073708594532
36962
39480
39994
39875
43479
36362
43308
37534
39950
39945
39409
40005
39922
39514
43875
45852
35846
39987
43894
39486
39947
39477
39937
39998
18446744073708591042
39984
40039
43382
36429
47827
39925
39436
40049
39420
40015
39916
42413
36997
40004
39431
39928
39983
39503
39933
39474
39978
39949
39519
43374
32307
40907
38495
39981
39482
39916
39869
43493
39993
39966
39491
39982
39934
39448
40045
39381
39955
39953
39306
43951
39934
39447
39929
37121
18446744073708591185
39893
39931
39492
43984
36276
39482
47846
40070
39368
39980
39903
39615
39839
39842
42936
40533
39491
39470
39962
39892
43406
39995
39963
39459
18446744073708595550
39949
39514
39968
39864
42670
36907
39110
39972
39751
39486
43913
39907
35287
36315
39963
39479
39987
39809
39491
43678
28694
39106
40079
39679
18446744073708591172
39934
39546
39904
39954
39409
40004
39890
39429
43878
41448
38007
39961
40074
39241
39973
39421
40011
39914
39984
39437
39965
39514
39928
39972
18446744073708591089
39957
39969
39450
43914
39980
39611
39708
39975
39404
39981
39481
40023
39978
39421
39989
39930
39524
40941
38895
43448
40031
39954
39404
18446744073708591664
39887
39542
39939
39976
39567
39758
51766
35851
39936
39943
39476
39976
39553
39889
39894
39562
39908
40366
35892
39908
39964
39449
36342
45293
18446744073708593343
38989
39840
39817
39412
39970
39936
39494
39986
39892
39580
39891
39924
39545
33402
39441
40054
39801
39527
40172
39649
39639
39639
39963
39408
18446744073708591670
39351
39925
39947
39381
39971
43980
35789
38813
39874
43455
39884
40063
39441
39910
39890
39452
40002
43921
31901
40274
38771
39506
39933
18446744073708591575
39443
39981
39953
39449
43911
40008
45709
37552
39448
39830
39945
39458
39971
36256
39573
39917
39930
39509
39877
40016
39461
39900
40009
39435
18446744073708595457
40036
39446
39973
40116
39290
40002
44440
42826
40018
39519
39995
39825
39942
35912
39867
39646
39733
44036
31850
39965
39967
39520
39960
39781
18446744073708591136
40044
39712
39539
39765
39464
39976
39926
39484
39915
40628
38812
40020
39845
39500
40023
39905
39500
40059
39681
36298
39996
39421
40028
39859
18446744073708591138
39919
39963
39475
39975
39960
39496
39968
39540
39857
39993
35842
39939
39953
39473
39951
39957
43466
37809
39937
39490
39825
40136
35873
39894
18446744073708591643
39440
39877
39572
39960
39597
39832
39723
39999
39452
40142
39722
39498
39962
40037
39428
39971
39854
39513
39997
39464
35707
39960
39381
39931
18446744073708591514
39495
39927
39917
39487
40003
39785
39503
39926
40011
39510
39828
39397
39939
36425
39429
39934
39943
39505
39959
39578
39788
40001
39904
39408
18446744073708591650
39448
40096
39861
39462
39862
45046
38188
39925
42174
45815
39253
39967
39424
40066
50514
45151
37226
42147
37800
43457
43914
43865
39466
18446744073708591608
39930
39506
27011
