142
42939
39522
39957
39025
39991
39195
39946
18446744073708591165
43997
38949
43988
40267
39283
43383
39081
39530
39816
39914
42428
37035
39892
35885
39891
39561
39879
39812
39333
39940
43872
41704
37701
18446744073708591491
39558
39884
40136
41277
37917
40014
39436
40008
39359
39962
39992
39529
43902
39375
39870
39485
39725
40005
39806
39435
39993
39937
39462
39904
18446744073708591080
39959
43729
37195
38296
39954
39492
40004
40221
39039
41643
37960
39368
39607
39407
39632
39862
35836
46564
36495
39493
40451
39339
38673
40009
18446744073708590974
40148
39037
43359
32746
41815
36604
43503
47217
39822
39444
39621
41528
37546
73807
37574
40334
38476
43782
47887
39281
43761
50645
18446744073708570180
39716
43290
38273
36966
43978
39912
39692
39674
39964
43515
42036
39287
36886
39852
42462
36320
40013
39167
39890
39701
39546
43420
39743
38930
18446744073708591647
39623
39434
40208
37241
39085
40002
39095
36152
39650
39486
39563
40017
39123
39943
39630
39627
39446
39971
39131
39895
39775
39437
39658
43467
18446744073708590969
43796
43680
39350
39720
39641
39526
35491
39479
39930
40681
38783
47759
41501
74200
43991
44384
45105
44721
42505
37268
38242
39433
18446744073708593620
37153
39644
39573
39111
39670
39620
39283
39741
42194
41583
38556
39370
39620
39605
39399
43264
39922
38689
39087
39541
39238
39550
39659
42311
41253
38365
43312
42481
41025
43654
39455
39353
42935
39784
39582
50110
36802
44082
39755
39241
39571
39198
39581
39773
39219
39650
43546
18446744073708587863
39246
39717
39262
39667
39534
39453
51003
36459
39946
39456
39895
39444
39924
39572
39467
39979
39983
39556
39835
40031
39383
39967
39992
39433
18446744073708599143
36243
38189
38660
39536
40024
38199
39863
39502
39969
39468
39895
40021
47321
36751
43752
39112
39620
39868
39972
40372
41638
38549
37139
18446744073708591737
41657
37395
42091
36816
39723
39913
41376
37990
39956
39439
40035
39412
39862
39956
39540
39893
39952
39507
39880
39958
39536
41106
45375
36674
18446744073708591336
40044
39307
39927
39971
39447
39975
47901
43453
44941
38793
39524
43838
41844
37618
39950
39903
39308
40265
39397
42925
44242
40065
39389
40012
18446744073708591550
43414
39923
40069
40270
38689
45201
38034
40162
39988
38103
43786
47823
53323
43209
39161
38752
38439
38865
38573
39225
42441
36127
39671
18446744073708591378
39393
39406
39728
39019
39689
39660
39153
43607
42576
38849
37510
42128
42965
39943
39976
39394
39932
39442
39951
39952
39411
39930
39971
18446744073708591135
39813
42664
40066
39863
38258
35973
40094
42561
39541
39408
41052
37961
39701
39028
39778
40594
39512
36752
43522
39060
39739
39623
39776
39215
18446744073708593805
36810
39823
39690
43663
39455
39527
38593
39592
39017
39637
39730
39196
39677
43829
39763
39154
39762
39209
39791
40799
42327
42770
39624
39294
18446744073708595077
43672
43713
45098
39870
39739
40331
42102
39179
37842
39794
39683
39270
43646
39643
39313
39643
39738
39133
39611
39551
39299
43677
39486
18446744073708591184
47683
39621
39221
39579
39685
19227
