91
42574
39910
39556
39340
39642
39591
39549
18446744073708591524
43518
39285
43570
40589
38976
48663
47001
43499
39991
39864
43446
40031
39965
39421
39991
40000
39465
39938
39959
39470
43869
39981
39501
18446744073708591467
40039
39493
39879
39947
39435
39990
39429
39939
39876
39398
39893
39984
39422
37796
38635
39908
39796
39467
39952
40021
43393
39926
39465
39960
18446744073708591614
39421
43945
39732
39537
39910
56303
39532
39352
41217
38262
39084
39908
39089
39913
39575
36411
46216
36806
39158
40757
38783
39080
39658
18446744073708591274
39828
40005
43004
33166
41443
36918
43091
47606
40135
39146
39927
41157
37841
73466
37946
39864
38776
43459
47582
39628
43437
51033
18446744073708569734
39413
43674
43750
41253
39771
38367
39399
40030
39978
40188
41877
39606
36596
40162
41994
36624
39720
39460
39597
39994
39194
43904
39441
39245
18446744073708591296
39930
39143
40559
36838
39385
39581
39473
35810
40025
39124
39853
39696
39415
39613
40000
39157
39738
39635
39466
39603
40117
39025
40052
42942
18446744073708591287
43522
44071
39066
40013
39279
75673
51366
35974
46964
40228
49876
42028
59625
44700
43837
44396
45396
42606
36912
39124
39667
18446744073708593589
36758
39760
39679
39223
39554
39720
39352
39644
42262
41736
38432
39288
39513
39706
39438
43624
39846
39139
38248
39643
39116
39921
39763
42492
37803
41467
43239
42302
41331
43319
39645
39496
43039
39677
39684
56858
37459
39889
40129
39112
39690
39302
39686
39666
39322
39737
43653
18446744073708587978
39345
39821
39399
39584
39424
39362
55591
40045
39906
39585
39860
39888
39471
40002
39690
39844
44030
43011
36302
40045
39806
39573
40212
43090
18446744073708592936
41716
37711
39758
41660
39429
40695
38207
39942
39457
40152
39484
41554
39140
37819
39864
39908
39493
40054
43912
39421
47642
40010
41385
18446744073708593371
39868
41210
38816
38211
39260
39877
42894
36526
39961
39927
39391
39914
39531
39876
39979
39514
39901
39950
39499
39919
47359
36007
39990
39887
18446744073708591031
40073
39852
39524
39926
39933
39524
43870
45691
41007
36432
39964
39574
39619
39936
39491
39949
39476
43839
44066
40673
38664
39936
41166
18446744073708591231
39950
39473
39492
39958
39488
39962
39941
39473
39933
39971
39489
41160
42729
51779
43316
39268
39517
38291
39839
38667
39324
42341
36226
39824
18446744073708591289
39291
39508
39912
39130
39809
39777
39239
43743
42689
38899
37199
42253
43073
38702
37435
39323
40002
39681
39703
39966
39280
39972
39950
18446744073708591059
39956
42100
37229
40024
44948
36078
40135
42317
39419
39521
39908
37864
39841
39129
39868
40694
39250
37281
43610
39170
39641
39762
39365
39574
18446744073708593897
36732
39967
39603
43555
39336
38957
38420
39746
39125
39726
39841
39093
39555
43896
39678
39256
39881
39300
39665
40391
42711
42438
39726
39191
18446744073708595180
43795
43608
45127
39973
39874
40558
41988
39265
37731
39724
39770
39183
43734
39745
39412
39747
39840
39262
39699
39655
39195
43633
39148
18446744073708591490
47725
39516
39096
39681
39824
19087
