95
41035
36983
51119
33890
45057
38731
39054
39648
38686
42004
39887
39112
39358
39577
38971
39495
39601
39051
43592
39426
43019
39527
18446744073708591062
39352
39397
39728
39098
39950
39434
39173
39784
39596
39270
39155
39627
38730
39520
39884
39194
39600
39067
39292
39639
39249
42913
36421
39198
18446744073708591165
39845
43078
40073
39311
38820
38679
39255
39444
39023
39463
43612
39062
36584
39074
39479
39498
39000
39524
39467
38972
39501
39577
39004
18446744073708591134
39407
39037
39374
39419
39121
39597
48575
36455
39937
40013
39427
39822
39450
40031
39933
39349
43924
39977
39427
39963
39987
39505
39888
39999
18446744073708591086
40024
39895
39458
40045
39410
39901
40033
39358
39985
39954
39446
39979
39909
39510
39973
39931
39496
39995
39447
39967
39946
39466
39624
39704
18446744073708591540
39524
39943
39501
39959
39939
39583
43783
39909
39488
39914
39788
39449
40014
40042
39273
39944
37238
39676
38341
40115
39358
43821
39184
18446744073708591037
39485
42956
39531
39464
42879
39520
43421
39481
39538
39649
43209
43511
39597
38845
39597
43588
47900
39051
39543
39253
39580
39781
39129
39658
18446744073708594913
35548
39940
40185
39325
39909
39685
43426
39831
39738
39201
39898
39781
43224
39892
39714
39198
39653
39633
39405
39839
43810
39316
39723
18446744073708590795
39673
39909
39205
39838
39721
41321
37761
39892
39281
39402
43732
39108
39820
39294
39794
39749
39252
39841
39799
39289
39740
40028
43118
39814
18446744073708591376
39272
43698
39513
39258
39759
39718
39386
39780
43558
43166
39753
39770
39334
39739
39657
39121
47412
39932
39286
39765
39698
39327
39820
18446744073708590834
39758
39848
39239
39842
39570
39429
39636
41418
37493
39776
39779
39300
39829
39690
39218
39744
39300
39884
39566
39359
39766
39759
41682
37463
18446744073708591347
39377
43540
40063
42161
36905
39685
39477
39494
40001
39287
39620
39765
39416
39678
39201
39694
39734
43191
39802
39837
39176
39893
39790
43244
18446744073708591430
39655
39586
39117
39500
39115
39559
39555
39135
39354
39470
43170
39619
39336
38884
39320
39192
39438
39445
39640
39175
41505
37054
39388
39372
18446744073708590885
47231
39892
38606
39610
39702
49933
36826
39861
39985
39498
40061
39404
41471
38520
39461
40035
39923
43526
40168
43800
40139
39249
40046
18446744073708591605
39395
40017
40022
39368
39967
39993
33311
39950
39400
39996
40006
39462
39961
39974
39505
39999
39948
39414
39966
40027
39469
39935
39429
18446744073708591617
39992
39517
39951
40619
38787
39966
48815
40141
39364
39890
39765
39392
39688
39335
39747
39738
39260
43869
39654
39338
39653
39863
39197
39774
18446744073708591951
38421
39746
39246
39752
39796
39267
39788
39650
39347
43421
39863
39157
39646
39697
39247
39642
39871
39242
39598
39630
39142
39701
39358
39842
18446744073708591265
39229
39940
43556
39195
40003
39767
39117
40103
43142
39411
39624
39670
39236
39601
39766
39413
39733
39410
39489
39522
39474
43032
36405
18446744073708590805
39930
39789
43196
39567
41398
37111
51406
39510
39105
39642
39644
39087
39669
39576
39109
39453
39523
39235
39345
39296
39051
39684
39803
39229
18446744073708590466
39270
39283
39598
39271
39613
39084
43387
39186
39640
39488
39726
38697
45343
37308
39476
38870
39451
39588
39113
39860
38884
38892
38091
40069
18446744073708593777
36245
45398
40191
36736
39092
42786
39443
39115
43298
39588
38863
39469
39596
38969
43450
39638
38840
39668
39699
39117
39424
39809
39168
18446744073708591218
39109
39646
39696
39045
43334
41287
44008
39482
39613
39593
39134
39576
39281
39519
39459
39483
39140
39649
39660
43093
40686
39480
43110
39706
18446744073708591872
38531
39550
39652
39109
39594
38927
37334
39522
39119
39438
39587
38869
39476
39295
43154
39678
39668
39287
39701
39080
39639
43542
39794
18446744073708590415
39638
39231
39171
39521
38716
39646
39502
41092
39434
43334
39001
39597
25672
