98
41321
37420
50571
33774
44379
38580
38551
39536
38574
41857
39796
38972
39501
39430
39072
39597
39508
39159
43695
39727
43117
39433
18446744073708591231
38990
39688
39820
38784
39413
39540
39066
39406
39487
39399
39052
39733
39051
39399
39296
39090
39486
38892
39195
39570
38664
42644
39988
39451
18446744073708591593
39719
43694
39512
38236
38728
38813
39181
39308
38932
39566
43525
39162
39677
39178
39395
39601
39137
39630
39665
39089
39408
39477
39132
18446744073708591237
39515
39146
39601
39532
39027
39707
45443
38941
39667
39886
38946
39793
39154
43695
43546
38784
39076
39670
39639
39373
39774
39226
39757
39695
18446744073708590805
40708
38649
39214
39579
39875
39046
39782
39795
39008
40460
39672
39229
39651
39761
39124
39710
39350
39913
39567
39219
47172
40393
39152
39800
18446744073708591110
39168
42183
37348
43046
39728
39715
39158
39523
39818
39410
39755
40470
38722
39521
39272
39615
39766
40614
38328
39151
39765
43742
39230
18446744073708591067
39449
42983
39543
39219
42865
39312
43509
39577
39426
39545
42890
43328
39476
38950
39480
43513
46858
35256
39948
39434
39996
39954
39406
39976
18446744073708591544
39481
39964
39980
43404
39743
39553
43246
39910
39654
39287
39802
39874
43152
40008
39786
39116
39553
39783
39060
39754
43454
39229
39622
18446744073708590707
39794
39726
39106
39704
39619
41238
37890
39759
39339
39500
43633
39214
39717
39204
39692
39664
39169
39748
39701
39199
39637
39928
43004
39729
18446744073708591451
39126
43772
39824
39155
39675
39617
39300
39480
43673
43251
39667
39661
39204
39636
39769
39197
47651
39707
39354
39691
39786
39241
39943
18446744073708590754
39840
39766
39142
39771
39701
39327
39712
41147
37391
39694
39865
39180
39866
39617
39308
39655
39403
39793
39657
39268
39852
39677
41740
37323
18446744073708591432
39298
43622
39920
42148
36607
39580
39557
39402
39817
39201
39313
39710
39057
39586
39104
39594
39631
43131
39699
39722
39085
39749
39692
43269
18446744073708591124
39535
39272
39031
39386
39011
39455
39368
38841
39439
39363
43093
39465
39680
38917
39731
38854
39528
39309
39906
38643
41340
36930
39485
39271
18446744073708590806
47122
39697
38896
39515
39621
79649
39530
39492
39937
39942
39555
39828
39958
39569
43964
39692
39110
39943
39604
39621
39567
39533
18446744073708591307
39787
39405
39586
37625
39663
39792
39846
38708
39593
43712
40008
43096
38555
39794
39415
39850
39211
39759
47463
39693
39288
39364
39306
39824
18446744073708591460
38937
39751
39633
39157
39764
49963
40038
39447
40018
39945
39585
39417
39973
39476
40037
39429
39924
39979
39457
39965
39995
39466
39965
18446744073708591632
39462
39965
39556
43967
40103
40023
39300
39855
39831
39470
39965
39469
40022
39923
39468
39996
39992
39487
39890
39956
39552
39902
39976
39551
18446744073708591585
39939
39441
39930
39512
39972
39786
37823
40068
39895
39485
39954
40009
39464
42933
37033
39420
39996
39517
39703
39336
39443
42800
39956
18446744073708591605
39464
39976
39767
39590
41394
36913
51334
39165
38918
39299
39459
38742
39525
39414
38985
39348
39326
38869
39654
39189
39159
39385
39595
38906
18446744073708590376
39134
39207
38982
38945
39188
39374
43062
39081
39525
39380
39697
38763
44322
37177
39574
38775
39316
39472
38721
39864
38913
39364
38195
39973
18446744073708592157
36335
45284
39866
36624
38946
43109
39241
39157
43369
39605
38681
39494
39666
38881
39188
39516
38947
39556
39597
38990
39514
39695
38900
18446744073708591116
38964
39354
39613
38923
43433
41510
43915
39579
39301
39474
38823
39436
39174
39360
39349
39379
38828
39555
39312
42792
40630
39998
42998
39617
18446744073708591527
38430
39437
39547
38774
39699
39028
37440
39376
39019
39320
39688
38753
39365
39196
43049
39571
39565
39169
39409
38968
39499
43430
39706
18446744073708590299
39545
39116
39276
39194
38813
39536
39368
40947
39382
43241
38903
39504
25550
