97
41178
36543
49948
38796
44767
38048
38754
39469
38776
41647
39679
39067
39393
39526
39148
39460
39402
39025
43592
39349
43006
39108
18446744073708591093
39117
39420
39258
38913
39296
39477
39085
39195
39523
38832
39289
39262
39029
39175
39738
39081
39496
38958
39396
39498
38899
42285
36305
39061
18446744073708591530
40088
41231
39139
38363
39451
38922
39081
39398
38874
39466
43416
39031
39543
39070
39289
39498
39033
39494
39558
38953
39664
39568
39016
18446744073708591100
39409
38988
39495
39391
38923
39624
43961
38427
39776
39752
39279
39891
39252
43823
43656
38837
38947
39789
39507
39269
39702
39125
39642
39593
18446744073708590897
40801
38750
39114
39684
39950
39157
39862
39726
39170
40551
39767
39128
39754
39895
39224
39870
39164
39743
39480
39117
47299
40094
39066
39679
18446744073708591208
39076
42285
37169
43348
39825
39840
39236
39620
39726
39196
39833
40391
39400
39225
39172
39712
39651
40810
38468
39259
39859
43834
39484
18446744073708591365
39584
43097
39639
39376
42976
39415
43645
39115
39628
39542
43119
43410
39443
38544
39486
43480
47687
38603
39639
39147
39676
39691
39228
39565
18446744073708594873
39565
39968
39962
43433
40124
51799
39593
39781
39861
39992
39452
39959
39865
39492
39967
39449
40000
39958
43362
39587
45029
38341
39487
18446744073708591585
39463
39957
39928
39494
40001
39703
39622
40003
39984
39642
39916
39969
39426
39973
39988
39485
39914
42364
37069
39944
39485
40650
39198
18446744073708591062
40001
43841
39487
39905
39982
39554
40985
42863
39617
39861
39979
39547
39854
39980
39513
40006
40002
39493
39935
39941
39333
40099
39160
40035
18446744073708591559
39908
39497
40049
39364
39943
39797
39534
39877
39920
39477
39883
39963
39437
40020
39934
39269
39928
40398
39018
39985
39480
39941
39969
39440
18446744073708591540
39975
39470
39990
39949
39422
40046
39954
39342
38573
39529
39932
40018
39498
39916
40061
38892
40130
38397
39447
39994
39947
39439
40006
43409
18446744073708591540
39324
39474
39025
39595
39016
39643
39442
39040
39247
39557
43057
39480
39428
39373
39493
39341
39069
39287
39522
39043
41399
36936
39494
39514
18446744073708590405
47314
39998
38881
39502
39592
49879
36758
39967
36578
39993
39895
39487
39896
39936
39472
40083
39762
39224
39584
39720
39194
39352
39171
18446744073708591193
39856
39321
39678
37774
39261
39704
40142
38627
39690
43616
39903
43193
38635
39711
39057
39721
39086
39673
47365
39791
39179
39476
39205
39695
18446744073708591359
38794
39847
39730
39053
39864
55798
39503
39264
39991
39667
39217
39585
39231
39654
39853
39331
43791
39769
39264
39552
39782
39282
39646
18446744073708591993
38544
39635
39174
39947
39715
39353
39704
39750
39258
43655
39666
39055
39743
39591
39163
39543
39739
39141
39702
39532
39238
39598
39222
39741
18446744073708591193
39129
39823
43655
39144
39670
39685
39180
40481
42833
39317
39525
39771
39145
39704
39665
39321
39635
39276
40028
39439
39344
43130
36517
18446744073708590890
39745
39856
43129
39690
41298
37017
45394
39851
39007
39499
39519
38945
39322
39470
39000
39538
39136
39161
39628
39451
38680
39594
39691
39752
18446744073708590673
39363
39180
39406
39169
39711
39172
43275
39081
39437
39293
39665
38802
45136
37126
39723
38761
39541
39486
38994
39561
39267
39452
38240
39536
18446744073708593708
36467
45520
39661
36653
38700
43132
39350
39235
43204
39692
38775
39570
39779
38786
43350
39551
38746
39572
39595
39015
39715
39792
38664
18446744073708591066
39012
39544
39588
38902
43240
41073
43789
39080
39504
39479
39026
39465
39184
39158
39547
39372
39030
39351
39571
42531
41054
39368
43017
39604
18446744073708591730
38217
39639
39494
39445
39118
39123
37208
39413
39205
39530
39481
38976
39328
39390
42846
39514
39556
39192
39391
38856
39529
43441
39239
18446744073708590509
39527
39142
39259
39403
38956
39553
39388
40785
39879
43136
38997
39400
25717
