100
46428
43650
42375
54871
39934
43133
42703
39442
39134
18446744073708597485
39908
42866
42446
43444
39577
38829
50852
47550
39685
38748
39501
44250
42466
38956
43212
39413
43143
42916
42784
50118
43190
39188
18446744073708590195
46747
39378
50983
45572
42817
43446
44789
39133
42703
39455
44155
38651
39160
40301
37071
39519
39425
42682
43599
38105
42157
39474
18446744073708593791
40214
39027
39586
42722
43482
39485
41705
39281
50879
43328
42767
39381
39363
43059
39132
43371
38816
39366
39387
38671
43182
39426
42777
18446744073708590749
43742
38824
43341
43232
38656
43707
40145
38847
39118
39521
43341
46616
39499
43276
39029
42911
40190
40174
38451
39384
43538
42873
18446744073708591180
43445
42954
43226
45322
41055
43868
42740
39945
37902
39430
43155
42935
39206
43737
47122
50807
39405
38667
46355
38689
46783
18446744073708594838
42918
42910
39214
46706
43562
42658
50514
47685
39227
39609
43105
39152
39158
42398
43055
43219
43248
43132
43145
47130
44377
42901
18446744073708590720
38605
42927
38199
38911
38734
43846
42329
37627
43805
43309
39710
38513
40033
38724
43211
39087
43869
42018
44075
39246
39051
42852
38705
18446744073708589786
38977
42893
42290
39264
43350
38315
38730
40217
39265
42872
42910
38909
43274
42585
39694
38509
43441
39664
50164
39282
42827
39358
18446744073708594564
43399
39364
43673
37838
43052
42011
39858
39435
38857
47176
39234
38367
43545
46989
43569
42495
43309
40178
38724
39346
43167
38582
39614
18446744073708594568
38465
38529
39457
42617
38438
42115
38888
47087
39055
34831
39515
44066
39078
39769
43670
43286
52530
38567
43182
43177
42474
50845
18446744073708591824
43160
43120
46991
43938
42876
43235
47706
39401
39546
39349
38273
42849
39885
38315
39606
46425
42521
43187
38654
39606
42735
47596
18446744073708590954
42713
39430
50589
39405
50875
42521
39281
39080
38753
42626
38894
49876
43185
39348
38876
38763
38822
38470
43037
39129
43071
38953
18446744073708594438
38556
39347
42892
39062
43108
43416
46424
38123
38674
43084
42473
42575
39207
42109
39048
43004
31618
39685
39793
39218
39404
39173
46685
42360
42587
43496
39767
39236
38861
40868
37937
43315
39098
39155
39245
55139
38926
40090
39635
39155
39551
43111
38957
43370
39620
42655
18446744073708595038
42915
42386
43228
47687
40145
43858
43070
43888
39670
39185
39636
43510
43097
39553
39572
43087
39506
39608
39234
39472
39183
39257
18446744073708590360
39228
38157
39266
38079
39216
42819
41561
36359
38872
38350
39315
39104
42766
38869
39060
38358
39369
39260
38937
38680
39229
38745
39073
39241
18446744073708594623
39262
39141
39251
39941
39324
42930
38837
38772
38863
40176
38032
38576
39426
37857
39527
39455
38612
39755
40787
39403
38854
42704
38889
18446744073708589661
39151
38380
38924
39088
38864
38835
41511
36424
39263
38701
39026
39021
39391
38394
38923
38677
39238
39095
38790
39434
39645
38592
38866
39065
18446744073708590181
38928
39144
38499
39230
40056
39098
45433
38395
38768
39410
38777
38294
38456
38758
38810
39499
39228
38413
38903
39004
38703
38814
39107
43523
18446744073708592258
38020
38025
38882
38552
38424
36617
37892
39237
38246
38233
38915
39501
38111
40875
38684
38994
38565
38555
38238
39423
38610
39148
38074
39180
18446744073708590214
38883
43556
38391
43654
38418
41249
41942
42479
45268
37133
43339
51245
43569
38862
39238
39529
38506
39484
39665
45907
40523
37541
39009
18446744073708591390
47057
38960
38627
39138
38746
39726
34792
42315
35857
39354
15187
