99
45082
43884
42050
53803
39717
43227
43422
39548
39322
18446744073708597786
40012
43018
42361
44276
39004
38833
51446
47641
39507
39096
39583
43426
43330
39157
43299
39153
42558
43690
42643
50840
43446
39538
18446744073708590407
47380
39386
51173
45577
43070
43368
44794
39573
42721
38417
44554
38851
39055
38684
36936
38478
38831
42780
43451
38283
41849
39363
18446744073708593010
40326
38915
39426
42608
43378
39126
41577
39156
50992
43236
42858
39277
39255
42954
39233
43071
38715
39266
39483
38572
43084
39332
42868
18446744073708590668
43847
38911
43448
43087
39516
42896
39706
39265
39621
39316
43427
46420
39551
43289
39051
42649
47891
40501
38354
39499
43619
42980
18446744073708591304
43546
42880
43329
45194
41372
43764
42633
40049
37947
39336
43276
42841
39094
43842
47513
50715
38741
39830
45699
39651
46588
18446744073708595171
42893
43224
39356
46783
43340
43026
50351
48015
39441
38983
43318
38644
39675
41943
42914
43000
43246
42489
43252
43149
43299
42652
18446744073708590306
38841
42326
38826
38506
38951
43870
46991
38033
42829
42948
39540
38454
38968
38210
42910
39179
43657
42184
43753
39652
38053
43682
38708
18446744073708594502
39314
44232
42099
39477
43477
43861
38273
39393
38828
43549
42924
38485
43221
43169
39613
38336
43180
39585
50362
38973
42943
39050
18446744073708594514
42895
39461
42690
38618
43190
42154
39393
39353
38509
47625
39227
38344
42800
47105
43355
42839
43122
39437
38811
38887
43041
38908
40000
18446744073708594731
38641
39288
39340
43557
38817
42465
39552
47134
43278
44222
38675
43701
35936
39389
43435
43511
45819
41169
41178
43315
38094
50349
18446744073708591486
42844
39342
43472
39221
42341
42818
41267
39098
39642
39254
39155
42887
39221
38420
39211
46562
42405
43134
38897
39256
42546
46875
18446744073708590867
42383
39326
46744
39455
51573
42786
39470
39293
38949
43523
38903
50736
43188
39621
38350
39394
38249
38922
42835
39874
42717
39218
18446744073708594235
38787
39128
43538
39063
42338
42265
47390
37859
40881
42538
42655
43324
39438
46953
39210
43151
42115
39154
40078
39490
39083
39819
18446744073708591258
42614
39167
43808
41682
39010
39602
40812
37479
42755
38934
39286
39084
55023
38808
39132
39199
38889
38979
42648
38624
43268
39298
42775
18446744073708590791
42328
42784
31923
39854
43622
45075
43402
43163
39545
38600
39526
43393
42974
39644
39412
42963
39306
39489
39098
38811
39303
38837
18446744073708590820
39108
38834
38645
38593
38913
43221
40791
36264
39039
38861
39228
39219
42680
38916
38765
38682
38972
39092
38787
39321
39178
38929
39220
39394
18446744073708594064
39700
39861
38346
43396
38969
43300
39209
39240
39122
39637
37890
39269
39509
38058
39172
39140
38427
40170
40971
39902
38420
43169
39100
18446744073708590106
38552
39288
38564
39300
38223
39476
41949
36573
39098
39425
39185
38714
39308
39044
39163
38761
38897
39304
38723
39138
38767
39008
38807
39262
18446744073708590162
39373
38567
39316
38409
40208
39188
44367
39573
38807
39282
38187
38588
38962
38861
38276
39311
38499
39075
38413
39330
39206
39010
38894
43689
18446744073708590972
38320
37241
38961
38619
38505
35680
39499
38767
38629
37681
39268
39629
38476
38802
39353
38361
38738
38381
39824
38426
38693
38919
38137
38527
18446744073708590939
39103
43790
38559
44307
38560
43785
42072
42350
44895
37195
43336
50749
42993
38769
39124
39447
38892
39315
39196
45614
40625
37206
38457
18446744073708591132
47136
38943
38522
39019
38422
39623
34663
42032
36013
39451
15105
