99
46547
44460
42728
54357
39606
43131
42694
39363
38719
18446744073708597545
39870
42358
42534
44128
38833
38953
51463
46926
39365
39593
39382
44075
43049
39086
43310
39369
39510
43390
42764
50538
43290
39376
18446744073708590311
47309
39478
51083
45678
42953
43486
44678
39419
42810
38909
44669
37810
38753
38903
37416
38306
38964
42680
42940
37628
42158
39239
18446744073708593618
40387
39037
38921
42661
43247
39293
41492
39261
45025
43104
42759
39152
39367
42649
39329
42972
38810
38868
39163
38465
43193
39012
42776
18446744073708590556
43525
38804
43339
42969
39113
42658
31762
43442
45841
37873
39481
43857
40030
39411
43912
43916
39530
43862
40055
43806
39426
40006
18446744073708595013
43870
40016
42410
37295
45011
41668
43126
42289
39788
38515
39130
43409
42141
39367
43414
47213
50769
39072
38983
46424
38485
47294
18446744073708595069
42842
43015
39087
46587
43518
43046
50755
47328
39130
39514
43212
38784
39898
42551
43211
42562
43344
43027
43266
43849
43146
42893
18446744073708589692
39196
42485
39209
38603
38871
43227
46571
38185
43079
43087
39727
38610
39164
37708
43015
39360
43257
42281
44218
39659
37872
43725
38290
18446744073708593434
39150
44359
42199
39397
42949
43468
38476
39785
38711
44100
42393
38592
42908
43266
39323
38639
38967
39442
50066
39099
43021
40260
18446744073708594258
43532
39237
42796
39018
42989
42220
40248
39341
39140
46575
39863
38393
43108
47210
43475
42725
43104
39751
38908
39039
43371
38762
38762
18446744073708594338
38390
38902
38792
43599
38194
43534
39010
47245
39667
43408
38247
43245
44163
39218
39659
36393
45965
39845
42645
43390
41564
50500
18446744073708587651
42592
43030
47094
43815
42769
42852
47589
39304
38938
39497
38418
46525
40010
37733
39509
47187
42577
42645
39535
38952
46424
47605
18446744073708590644
42405
39124
50626
39579
51561
42665
39620
38783
39066
43386
38993
50625
43329
39221
39098
39158
39161
38792
42931
39550
42962
39079
18446744073708594921
38672
39238
43428
39199
42938
43269
47195
38694
39384
42966
42956
43467
38866
46483
39382
43026
42297
39314
39629
39281
39193
39681
18446744073708591369
40102
39060
43129
40359
38889
39256
40104
37032
43310
38598
39372
39049
55140
38713
39558
40077
39048
39751
42430
39092
42852
39734
42560
18446744073708595145
43040
43652
43333
47762
39789
43720
43153
43770
39541
38813
39294
43367
42973
39443
39459
42975
39398
39451
39125
39572
39074
39546
18446744073708590816
38799
38780
39102
38649
39316
43159
41341
36898
38717
38666
39448
39463
42621
39333
38985
38683
39234
39624
38795
39335
39599
38905
39423
39364
18446744073708594000
39470
39993
38105
42979
39679
43496
38620
39342
39036
40225
38216
39656
39376
39279
39024
39466
38306
40297
40840
40048
38299
43518
38581
18446744073708589907
38915
38713
38360
39569
38605
39334
41295
36723
38785
39321
38498
38924
39260
38912
38712
38651
39231
39596
38233
39420
39158
39323
38653
39138
18446744073708589677
39384
38898
39293
38750
38984
39687
45661
39172
38429
39094
38635
38432
38325
38900
38710
39387
39061
38538
38789
39196
38836
38913
39207
43823
18446744073708590659
38495
37871
38848
38584
38531
36532
38092
38887
38800
38101
38747
39997
38272
39149
39433
38819
38301
38877
38413
39105
38804
38775
38181
39005
18446744073708590563
38774
43691
38449
44398
38275
42659
41844
43014
44601
37109
42830
55132
43310
38658
39182
39092
38541
38768
41157
45762
40538
36902
38972
18446744073708590605
47664
38730
39275
38937
38752
39050
42500
39917
39501
39912
3780
