95
47386
44127
43040
55263
39829
42952
43086
39095
39230
18446744073708597571
39884
42913
43192
43562
39690
39005
50528
47244
39242
39495
39026
43529
43408
38563
43399
39264
42464
43596
42523
51007
42622
39638
18446744073708590505
47248
39274
51265
45273
42975
43209
43436
39204
42054
42361
44865
37455
39752
38317
37930
39433
39487
42777
43256
37944
42831
39355
18446744073708593965
40116
39115
39232
42812
43372
39592
41597
39371
50963
43432
42650
39276
39267
42863
38627
43458
38497
39179
38856
38750
43025
39328
42665
18446744073708590860
43195
38955
42754
43356
38748
46824
39816
39284
39526
39431
43503
46521
39637
43384
39131
43013
40314
40598
38528
39349
43513
42767
18446744073708591194
43276
42751
43424
45333
41548
43188
42501
39887
38405
39037
43430
42540
39169
43928
47393
50630
38353
39785
46411
40075
46804
18446744073708594865
42968
43343
39025
46676
43144
43637
50397
48108
38861
39502
42996
38864
39363
42828
42733
42754
43136
42876
43215
42623
43770
42291
18446744073708590481
38748
42699
38913
38804
38857
44021
42758
38937
43689
43178
39816
38667
39520
37898
43125
39214
43837
42599
44598
39389
38509
43506
39620
18446744073708593889
38838
43866
41988
39378
43603
40983
38707
38940
38707
43320
43217
39012
43315
43366
39743
38660
43339
39406
50067
39192
42929
40355
18446744073708594356
43580
38711
43706
38571
43334
42128
40386
38791
39168
46657
39387
38296
43215
47105
43676
42399
43407
40084
38811
39183
43485
39251
38979
18446744073708594220
38514
39403
39439
43459
38133
43132
39697
46763
43193
44299
38527
43713
38897
39536
43560
43512
45606
42926
43393
42237
42231
50515
18446744073708591169
42938
39236
43013
43373
43566
42593
42470
38764
39303
38922
38861
42988
39778
38191
39765
46253
42869
42763
39694
39501
43091
47433
18446744073708590843
43056
39288
50734
39455
51418
42935
39147
39030
38382
43106
38769
50516
42880
39743
38484
39530
38474
39046
42663
39558
42612
36737
18446744073708594083
38683
38748
43217
38528
42852
42105
46949
37734
39142
42672
42806
42733
39548
42965
39731
43403
31757
39770
39709
39327
39964
39229
47111
42501
39493
43909
41545
39110
39242
41008
37207
43425
38962
39048
39167
55245
38830
39452
40176
38513
39698
42906
38813
43160
39648
42861
18446744073708594847
42853
42892
31470
39756
43776
119023
91
43192
39961
39975
43348
43899
39933
43455
42919
40903
43440
38542
39106
38949
38970
18446744073708590956
38926
38702
39003
38754
39478
43551
41463
37039
39139
38965
39356
39567
42795
39431
39154
38780
39134
39237
38897
39440
39503
39026
39122
39474
18446744073708594428
39680
39384
38782
43286
39564
44112
38980
39156
38443
39966
38389
38902
39248
38320
39573
39188
38148
39827
40227
39577
38926
43349
38744
18446744073708589780
39289
38970
38471
39452
38700
39232
41424
36574
39098
39126
39116
39428
39649
38291
39371
38552
39325
39671
39015
39072
39525
38481
39047
38943
18446744073708590073
39531
38994
39089
39105
38879
39840
49267
37813
38431
38834
38938
38104
38638
38139
38944
39160
38966
38668
39006
39374
39040
38872
38953
42904
18446744073708591889
38341
38932
38474
38414
38784
39668
39701
39943
39463
39929
40030
39349
40079
39879
39447
39870
39972
39776
39427
39868
39520
39965
39874
39379
18446744073708591581
39407
41377
38008
44026
38315
43643
41746
42735
44711
37654
43121
55063
43675
38564
39327
39409
38609
39380
41654
45657
40832
37435
39117
18446744073708591236
46934
38796
39180
39008
38839
39617
34910
42201
35961
39491
14981
