110
39787
38161
45734
42621
38722
39135
43339
38614
39321
38648
38779
39064
39098
39326
38993
38761
39092
38642
38828
40671
37968
38668
18446744073708591041
39250
36672
38907
38214
37994
39361
41828
35814
39142
38585
38948
38871
38264
38935
39116
42624
36939
38650
47270
44217
38398
43161
38234
18446744073708590997
38679
38601
38617
39116
38168
39237
38748
37843
38654
41801
40007
38538
39056
38549
39104
38876
39087
40414
37216
39092
38642
39080
38631
38924
18446744073708591672
37265
38112
38616
38770
38907
39050
39168
38529
39073
42548
36525
38932
39468
38673
43316
39066
38315
38955
39073
37893
39207
42440
38889
39121
18446744073708590569
38498
39171
38672
38754
42984
38752
38144
38634
39267
38143
42929
38778
38943
38522
38772
38859
39191
41820
39138
39220
37999
39554
38532
18446744073708589910
39062
38880
38654
38033
38155
38469
38144
43890
39001
39276
41513
35760
39312
38959
39478
39344
38902
39278
39611
38906
39529
39229
38738
39368
18446744073708593763
39022
39577
43351
38843
39409
39287
42858
39208
39359
39222
38605
39485
38761
39474
39048
39466
39384
38876
39878
39041
38894
39364
39435
39048
18446744073708590788
39460
38918
39457
38917
39886
38623
42205
38628
39171
42536
38707
39002
39120
39193
39479
38408
39251
38987
39307
43412
39262
38546
39457
18446744073708590522
39072
39365
43274
38523
47782
38350
38781
39144
39711
42507
39710
39164
42622
39002
43342
38157
39099
38262
38922
38522
38983
38817
38887
38159
18446744073708610823
39253
39061
38082
39136
38461
42299
39452
38500
42740
39276
39347
38446
39788
38481
39653
38048
39024
38162
39098
38068
39409
38781
39040
18446744073708590388
39199
42202
36813
38607
42870
40103
37235
38802
39891
38934
38276
38967
38687
42257
39424
39262
38353
39038
39475
38855
39620
38597
43048
18446744073708591034
38750
39103
39118
38534
39304
38816
38655
42231
36544
39365
38883
39358
39574
38984
39566
38824
39383
40697
37665
39369
35582
43282
38546
42863
18446744073708589759
38754
39182
38788
39426
38241
39273
43146
41861
39213
39228
39033
39147
39339
46034
39242
43137
39637
42622
39535
38568
38545
40141
38658
18446744073708590310
38697
39272
38834
42791
38796
39283
39050
37699
39447
39187
38825
39258
39352
38703
39709
38414
38823
39285
38902
39134
39612
38862
39033
43249
18446744073708590301
38949
38913
38445
43085
39130
38734
38971
39207
38678
38916
42888
39423
38441
38926
38473
39506
39053
41203
36405
39383
38294
39532
38665
39336
18446744073708590607
38800
38808
43365
39628
39827
40008
39435
39967
40390
38222
39317
38344
38591
38906
39126
38272
38790
38728
38670
38960
39139
37994
39214
38088
18446744073708590744
38742
38575
38631
39287
38624
39472
39217
38699
38511
38661
38701
38383
38223
38555
38776
42833
39363
38614
38899
38787
39089
38607
39214
18446744073708590617
38801
39231
39450
37858
39484
38606
38777
38599
38818
39156
43155
38697
39424
38559
38851
38934
39286
38288
39275
39083
38466
38883
38849
48386
18446744073708590239
38673
39635
39164
39426
38584
39454
39224
38401
38997
38424
39171
39066
38612
39046
39095
38707
38799
39120
42593
39202
38952
38595
38917
38058
18446744073708590362
38636
38252
42905
43663
38872
38527
39020
39241
50548
39134
39338
36234
39181
39005
37896
39210
38843
38492
39393
38455
39665
37951
38662
18446744073708590225
39203
38146
39200
38466
38241
39114
40256
36931
39336
38660
38390
38702
37841
38703
39215
37889
39353
38480
38516
38749
39126
38339
38695
42553
18446744073708590115
38769
39123
38557
38916
38641
38782
39093
38573
42680
39011
38482
39044
39175
38314
39251
38929
37897
38744
39138
37961
38626
38662
38880
38781
18446744073708594683
39733
43689
39494
37906
39381
43175
38282
38649
38864
38320
38405
38744
38650
38867
39268
42224
39211
38693
39457
38574
38627
38313
39144
18446744073708589818
39254
38499
38581
38544
39391
38079
50315
44442
43114
39500
39612
39365
39650
39646
39215
39737
39674
39281
39500
39773
39161
39757
39621
39209
18446744073708591284
39731
39211
39711
39602
39300
39670
39295
39550
39770
42834
39791
39169
36825
38800
39227
38426
39339
38929
42510
39854
39042
39136
39344
18446744073708590769
38562
39243
39159
38817
39231
39269
39141
37928
38781
39314
38952
38733
39311
39317
38562
39309
39306
39042
39483
39215
38925
40320
38727
39322
18446744073708590598
38800
39235
39131
39351
39149
38927
49826
36679
39164
38685
42084
37686
38932
39549
38765
39560
39510
38740
39430
39405
40911
36790
39292
38798
18446744073708590695
39120
38685
39127
39261
38908
39206
38650
39350
39305
39026
39194
39337
38559
39137
39305
38133
39091
39045
38935
39307
38678
43752
35825
39373
18446744073708591254
37115
39033
43640
46358
39521
38928
39364
38608
38928
39037
42623
37356
39260
37691
39368
40260
43116
47269
44924
37470
45595
39935
43652
18446744073708590537
39136
39341
38426
39468
39649
46427
39146
41629
39657
39813
40009
39396
43856
37487
39120
39731
39735
39060
39687
39726
43102
41234
38137
18446744073708590658
39719
39278
12844
