96
36473
38954
46400
42513
40046
38988
42350
38697
38681
39155
38259
39203
38729
39229
38914
39330
38228
39163
38001
39657
38213
38582
18446744073708590267
39879
35952
38995
38042
38508
39255
42298
39082
39160
39004
39099
38365
38442
39160
38903
43055
37246
38850
47034
45708
39246
43060
38831
18446744073708590673
38992
38187
39131
39250
38738
38831
39627
38394
38948
41205
40669
37936
39340
37862
38740
38789
39182
39895
37921
38507
39199
38930
38926
38523
18446744073708592184
37269
39105
38277
39072
38792
39358
38764
39045
38686
43120
36553
39234
39419
37566
43308
37942
37962
39031
38467
38507
38152
42746
38565
39490
18446744073708590180
38530
39235
39192
38896
46926
39560
38568
39364
38450
38982
42493
39281
38203
39131
38286
38725
38751
42263
39467
39108
38551
38688
38927
18446744073708589616
39365
38333
38842
37859
38960
37882
38718
35311
39598
39919
41874
37503
39924
39475
39953
43881
39060
39959
40024
39364
39966
39979
43342
39995
18446744073708591579
41964
39651
39695
39040
39693
39320
39735
39506
39147
39560
39845
39093
43604
39278
39251
40291
39189
39220
39768
43594
39180
39576
39828
39284
18446744073708591366
39278
39655
39649
39089
43561
39274
42359
39047
38751
43035
43511
39491
39973
39347
40895
38960
39529
39741
39960
39431
39944
39510
39943
18446744073708591588
39409
39953
39959
39471
44906
37944
38893
39041
39538
41481
39365
39248
42729
39266
43477
37781
38621
38461
38410
38751
39094
38693
39236
38068
18446744073708610665
38534
39020
38186
38784
38070
42141
39255
39163
42883
38988
39254
38047
39561
39242
40074
38153
39364
38523
39381
38616
39321
38682
38942
18446744073708590100
39471
42116
36855
38959
42764
41014
37390
38657
40023
38595
38434
38163
38883
41818
39347
38916
38473
38489
39681
38443
40269
38558
43877
18446744073708590231
38956
38694
39313
38333
39233
38959
38297
42326
36098
39510
39033
39453
39470
38771
39437
38468
39281
40689
37289
39464
35463
43210
38395
43658
18446744073708590089
39258
39087
38892
39326
38658
39169
43252
41762
39735
38609
39170
39687
39234
46442
39090
43046
39378
42095
39667
38659
38644
39988
38023
18446744073708590158
39239
39178
38941
43159
38602
38639
39157
37605
39544
39102
38919
39163
39458
38610
39823
39086
38928
39190
39006
39029
39744
39080
39129
43139
18446744073708590190
38857
39450
38595
43384
39040
39089
38372
39326
38228
39416
42795
39252
38948
39269
38781
39410
39147
41109
36518
39476
39080
39399
38267
39246
18446744073708590709
39092
39235
43227
36192
39163
39507
38511
39098
43214
38652
39347
38331
38675
39119
39372
38703
39026
38945
38706
39158
39123
38486
38733
38520
18446744073708590929
39372
38370
39076
39085
38826
39403
39229
38888
38931
38630
39147
38373
38477
38667
39007
43174
39012
39220
38077
39262
38545
38910
38597
18446744073708588426
38231
39475
38751
38413
39226
39218
38502
38922
38719
39259
42844
38801
39048
39232
38709
39249
39184
38613
39173
39419
38094
39387
38734
47508
18446744073708590690
39266
39279
39268
39327
38453
38771
38843
38325
39140
38119
39287
38664
38716
38940
39264
38282
38670
38753
42327
38873
39075
38490
38730
37998
18446744073708590456
38446
38555
42810
43438
38751
38633
38560
39129
50176
39132
39373
36330
39071
38966
39528
39994
39929
39195
39121
38550
38857
38408
37891
18446744073708590695
39051
38814
39020
39280
38454
39324
40775
37110
38702
38495
38465
39268
38129
39188
38988
38535
38505
39233
38589
39170
38965
38723
39044
42709
18446744073708589668
39431
38720
38797
38653
39309
38746
38913
38387
43412
40010
37687
39157
38767
38215
38874
38669
37594
39280
38713
38914
38238
39184
38741
39441
18446744073708594094
38701
43105
39849
38853
39375
43436
38002
39323
38852
38825
38582
39165
38448
39082
38951
42900
39431
38428
39444
39068
38311
39241
38340
18446744073708590314
38988
39032
38341
38956
39104
38494
39370
47467
39495
39906
39939
39826
39614
40042
39341
39688
39440
39207
39659
39208
39786
39843
39267
43612
18446744073708591572
39114
39665
39477
39254
39710
39737
39033
39747
39522
46581
39975
38348
36612
39296
39276
38996
39372
39338
42306
39735
39137
39025
39218
18446744073708590672
38917
39133
39263
38722
39336
39175
38818
37822
38889
39215
39047
38636
39204
39223
38864
39487
39424
38948
39592
39120
39023
40209
38287
39590
18446744073708591146
38895
39347
39666
38827
39282
39472
41898
37289
38960
38898
41771
37891
38506
39348
38755
39524
38913
38951
39215
39471
40694
36765
39087
39096
18446744073708590241
39301
38479
39349
38851
38911
38675
38901
38941
39509
38774
39196
38904
38755
38934
39509
38142
39297
38834
38520
39089
38886
42889
42245
37552
18446744073708590373
39769
40128
39632
46614
39414
39048
39458
38726
39476
39138
42557
37435
39131
37598
39261
40830
42558
47157
44783
37273
45683
39885
43549
18446744073708589878
39250
39237
38535
39119
39503
46739
39487
41790
35985
39438
39079
39211
39379
39190
38985
39616
39023
39182
39457
43181
39580
39906
37542
18446744073708590972
39612
38801
20323
