97
36583
39108
42892
42725
38624
39009
43444
38489
39154
38737
38680
38740
38945
38890
38610
38873
39215
38737
38409
38874
38435
38154
18446744073708590730
39136
36234
38482
38050
38085
39229
42267
38971
39253
38888
39244
38259
38563
38825
39595
42960
36849
38550
47127
45289
39136
43163
38727
18446744073708590971
38891
38755
39037
39151
38640
38941
39310
38167
38858
41762
40467
38996
39459
37660
38846
38939
38494
40403
37421
39299
39103
39035
39298
39213
18446744073708592293
37361
38997
39109
38983
38897
39250
39275
38938
38993
43030
36239
39145
39605
37473
43482
37826
38071
39167
39209
38419
38994
42658
38873
38878
18446744073708590522
38436
39339
39082
39000
43192
39312
38983
39250
38981
38967
42702
39199
38662
38935
38907
39426
38946
42051
39354
38641
38411
38791
39551
18446744073708589454
39271
38446
39036
37976
39092
38218
38625
43647
38791
39267
42322
40272
42956
44005
39423
39985
39919
39466
39949
39969
39515
39937
43886
39498
18446744073708603504
40074
39578
39143
39783
39217
39631
39609
39260
39663
40000
39023
43382
39782
39340
40206
39412
39133
39866
43702
39275
39665
39919
39191
18446744073708591263
39188
39555
39750
39210
43670
39386
41877
39359
39260
43057
38599
39360
38511
39110
38949
38907
39143
39547
38260
43235
39151
38855
39342
18446744073708590820
38849
39331
43153
38505
47536
38348
38312
38485
39104
42579
38803
37876
42106
38892
42711
38598
39256
38578
38566
39286
39188
38499
38573
38502
18446744073708610188
39351
38626
38693
39227
38779
42148
38182
39190
42541
39148
38641
38658
38691
39102
38613
37816
39053
38823
39076
38763
38744
39227
38588
18446744073708590609
38700
42980
36537
39336
42209
40970
37214
39344
40130
38702
38234
38452
38550
42245
38956
39063
38574
38845
39785
38437
35617
39466
47904
18446744073708590616
38123
39008
38509
38638
39443
38721
38776
42536
36718
38731
38756
39533
39383
38871
39358
38736
39475
40581
37762
39265
35663
43058
39198
42775
18446744073708590084
39053
38966
38239
39348
38128
39407
42636
41731
39100
39034
38866
40161
38632
46534
38586
43464
38986
42609
38780
38973
38075
39993
38457
18446744073708590521
39372
39085
38253
43272
38239
39562
38383
41874
39482
39958
39473
39997
39962
39443
39981
40005
39447
39988
39921
39588
39851
39619
39853
40346
18446744073708589875
39152
38702
38898
42038
39144
38726
39150
39195
38662
39317
43147
38780
39152
38602
38638
38720
39151
41094
36707
38987
38592
39323
38059
39230
18446744073708591434
38438
39426
43212
36199
39420
39270
38289
39013
42681
38647
38844
38770
38670
39145
38700
38943
39177
38946
38228
39163
39120
38219
39173
38699
18446744073708590307
39255
37833
39154
38658
38877
38666
38803
38231
39135
38429
39337
38534
38540
38464
39171
42719
39217
38949
38992
39070
39039
38299
38855
18446744073708591678
39431
39950
40041
39441
39908
39972
43938
34286
40004
39512
39814
39356
39962
40005
39489
39889
39944
39380
40003
39994
39372
39917
43543
40700
18446744073708590580
39416
38977
39160
38896
38418
38785
39192
38223
39235
38222
39381
39055
38827
38583
39336
38421
39004
38915
42420
38993
39229
38166
38914
37503
18446744073708590561
38321
38280
42498
43137
39479
38552
39225
39046
50832
38927
39612
36744
38779
39019
38121
39405
39524
39617
38637
38763
38722
38491
38645
18446744073708590991
38567
39125
38586
39175
38557
39477
40445
37465
39257
39013
38057
39703
38553
39367
38326
38903
39158
39397
38374
39097
38468
38613
39179
43209
18446744073708590006
39344
38516
38926
38527
39425
38228
39613
38042
43483
39522
37583
39077
39065
38521
39118
38545
38488
39170
39019
39082
37852
39354
38186
39551
18446744073708594487
38789
43197
39233
38593
38704
43091
38062
39348
38654
38785
38623
39353
38029
39023
38267
43363
39538
38258
38820
39139
38108
39511
38462
18446744073708590569
37604
39283
37932
39234
38674
38695
38765
44609
43205
39395
39713
39531
39566
39547
39317
39636
39787
39385
39599
39670
39260
39652
39725
39110
18446744073708591381
39632
39314
39818
39708
39201
39776
39195
39646
39673
42944
39680
39276
36708
39180
39389
38898
38564
39244
42759
39965
39421
39054
38996
18446744073708590864
38710
39499
38854
38923
38927
39440
38388
38108
38215
39411
39117
38842
38957
39193
38456
39201
39203
38960
38908
39324
38161
40654
38394
39495
18446744073708591249
39037
39518
38690
38927
39407
39586
42043
36984
39257
38775
42197
37563
39043
39032
38906
38958
39417
38598
39080
39268
41816
36484
39428
38467
18446744073708590800
39023
38775
39223
39349
38810
39294
38744
39441
38979
38930
39541
39213
38434
39226
39399
38237
38780
39148
38626
39203
38573
43372
39387
39233
18446744073708591147
37228
39128
44244
46738
38793
39239
39247
38926
38946
39329
42315
37677
38833
38268
39222
43094
43429
47179
45080
36776
45893
39525
39021
18446744073708590325
39338
38849
38710
38728
39373
46176
39447
41681
36148
39628
39427
39472
39723
39093
39072
39508
39121
39472
39545
42859
39390
39589
37431
18446744073708591149
39427
39112
20653
