102
42200
37258
43718
38533
38487
39081
42472
38806
39080
39319
38585
39307
38438
38810
39039
39216
38033
39057
38098
39450
38827
38460
18446744073708590632
40197
35848
39167
37416
38634
38621
42392
39190
38785
39100
38938
38457
37739
39059
38799
42940
36597
38945
46665
46022
38824
43258
38353
18446744073708590889
38778
38591
38928
39247
38528
38840
39380
37959
38554
41690
39891
38748
39226
38454
39212
39034
39205
40499
37631
39202
38996
39128
39137
38717
18446744073708591981
37285
38231
39010
38638
38811
38941
39251
38235
38895
42926
36981
38564
39356
38223
43408
39167
38544
38407
39293
38314
39135
42293
38784
38756
18446744073708590683
38120
39031
38999
38916
42883
38955
38680
38738
39087
38649
43116
39305
38757
38828
38840
38369
39052
41668
39249
39309
38305
39391
38395
18446744073708589818
39154
38758
38371
38884
38643
38313
38505
43987
38498
39371
41288
35850
39212
39054
39374
39440
38795
39361
39496
39002
39410
39671
38640
39450
18446744073708593639
39136
39480
43452
39104
39548
39655
42988
39672
39459
39289
38706
39662
38863
39378
39172
39565
39488
38781
39971
38946
39011
39267
39533
38944
18446744073708590880
39365
39021
39569
39020
39675
39149
42668
38953
39266
42850
38612
39317
39187
39106
39545
38903
39156
39156
38986
42791
39364
38664
39349
18446744073708591077
38979
39126
43356
38832
47642
38445
38893
38778
39340
41903
39576
37339
42884
38618
43216
38362
38413
38657
38457
38985
38886
38385
39031
38285
18446744073708610728
39359
38815
38262
38831
38918
42511
38696
39087
42187
39386
39001
38506
39261
38523
38216
38037
38968
38728
38991
38811
39069
39133
38394
18446744073708590018
39260
42885
36234
39188
42124
40860
37339
39245
39248
38940
38061
38870
38030
42502
39220
39027
38110
38810
38932
41619
39983
38448
43625
18446744073708590332
38859
38788
39000
38009
39103
39055
38358
42519
39749
39157
39619
39757
39697
39245
39732
39139
39836
39258
39167
39988
39411
39958
39200
43444
18446744073708589877
39077
38543
38699
38672
38625
38664
43334
41086
38772
38958
38459
40260
39002
46092
39483
42664
39261
42400
39337
39202
38548
39284
38505
18446744073708589726
39105
38664
38834
43045
38412
39080
38814
37485
39433
38946
38424
39046
39322
38224
39691
39263
38827
38725
39090
38710
39642
39463
38712
42703
18446744073708590351
38539
39118
38233
42451
38679
38713
38768
39177
38402
39390
42334
39144
39038
39175
38695
38632
39031
40693
36626
39380
38969
39247
39121
39141
18446744073708590806
39008
39333
43122
36297
39068
39614
38395
39196
43109
38743
39188
38677
38276
39230
38617
38634
38515
38597
38598
39266
38820
38117
39271
38594
18446744073708590627
39543
37682
39171
38978
38520
39057
39136
38337
39019
38525
39244
38067
38407
38217
39079
43290
38672
39029
38191
39120
38412
38815
39012
18446744073708590646
38832
39236
39091
38321
39323
39552
38621
38849
38820
39165
42960
38904
39360
39140
38656
39345
39282
38753
39080
39310
38208
39294
38646
47603
18446744073708590537
39129
39742
39060
39289
38480
39562
39097
38115
38692
38519
39077
39163
38248
39136
39001
38831
38689
39215
42488
39292
38871
38707
38271
38202
18446744073708590043
38708
38571
43002
43558
39374
38648
38766
38872
50708
38708
39900
37556
39073
38900
38013
39502
39431
39466
39116
38656
39536
38906
38401
18446744073708590440
39251
38562
39235
39086
37999
39094
40289
37357
39128
38282
38393
39010
37858
38937
39193
38799
39026
39282
38487
38947
39167
38508
38237
42792
18446744073708590391
39190
38898
38790
38870
39069
38771
39207
37654
43170
39127
38356
38747
39016
38012
39550
38633
37501
39066
38942
38086
39027
38980
38768
38709
18446744073708595237
38688
43060
39349
38414
39071
42978
37883
39449
38551
38926
38492
39259
38334
39173
38926
42614
38991
38323
38737
38997
37954
39146
38563
18446744073708590408
38874
39127
38246
39048
38996
38591
38868
36478
39390
40000
40050
39306
39918
43919
39202
39545
39785
39110
39768
39096
39697
39726
39176
43509
18446744073708591470
39215
39821
39579
39139
39625
39639
39134
39648
39622
46439
39371
39195
36473
39400
38837
39135
38367
39304
41964
39385
39058
38500
39022
18446744073708590569
38757
39014
39387
38412
39240
39041
39009
33834
38779
38899
39143
38505
39357
38677
38972
38887
39410
38414
39218
39005
38783
39592
38106
39178
18446744073708591108
38473
39436
38786
39034
39070
39295
41466
37202
39055
38793
41980
37798
38833
39647
38670
39658
39415
38856
39095
39539
40800
36690
39186
38913
18446744073708590606
39211
38580
39220
39155
38768
39099
38747
39255
39402
38906
39545
39244
38650
39032
39414
38028
38983
38940
39043
39458
38784
43590
42148
37456
18446744073708590608
39683
40217
39572
46205
39112
39146
39350
38817
39399
39236
42449
37575
38973
38164
39153
43186
43072
47058
45002
36927
45518
38820
43297
18446744073708590086
39037
39432
38323
39418
38818
46593
38602
42035
36106
39877
38654
39510
39510
39297
38869
39508
38879
39680
39345
43089
39476
40447
37218
18446744073708591078
39464
38908
20172
