96
40141
38560
46762
42399
39027
39246
43030
38702
39185
39225
38688
39363
39009
39267
38628
39090
38440
39343
38736
39675
39215
38773
18446744073708590929
40095
35738
39399
37094
38544
39049
42135
39287
38665
39207
38368
39371
37835
39154
39291
43059
36448
39057
46553
46224
39403
42545
38666
18446744073708590310
39083
38554
39232
38694
38616
38514
39717
38293
39102
41285
40585
38739
39711
38050
39094
38203
38992
39596
37732
38597
39376
38295
38851
39195
18446744073708592285
36963
39214
38166
39020
38265
39056
39076
38742
38995
43226
36015
39065
38748
38891
42705
38239
38562
39125
38994
38388
38055
42887
38206
39129
18446744073708590318
38633
38732
39297
38310
46625
39420
38880
39343
38889
39268
43115
39555
38117
39029
38803
39571
38649
42156
38773
38996
38097
39803
37953
18446744073708590055
38536
38755
38372
38919
38767
38603
38280
43766
39095
39182
41901
35643
39405
38834
39587
39485
39010
39457
39705
38805
39750
38856
38832
39265
18446744073708594835
39428
39768
43557
39003
39716
39075
43116
38990
39554
39115
38800
39553
38958
39279
39063
39053
39377
38952
40074
38844
39123
39161
39417
38850
18446744073708590983
39266
39125
39461
39114
39578
39260
42560
39258
39364
42954
38711
39410
39030
39406
39447
39007
39246
39363
38421
43331
39268
38767
39443
18446744073708591181
38803
38917
43692
38924
47689
38249
38955
38381
39069
42249
39357
39226
42131
38514
42652
38491
38890
38774
38351
39191
38338
38841
38374
38402
18446744073708609999
39523
38458
38599
38922
39035
41960
39168
39257
42750
39479
39092
38648
39432
39141
38904
37273
39269
38627
39286
38720
39163
39230
39017
18446744073708590602
39362
42698
36747
39064
42858
41201
37436
39261
39580
39046
37842
39491
38170
42411
38830
39366
38245
39145
39124
38305
39947
38155
43345
18446744073708590939
38853
39009
39214
38426
39528
38397
38893
42432
40128
39061
39715
39658
39794
39147
39842
39229
40102
39150
39265
39876
39523
39859
38844
43773
18446744073708589976
39363
38992
38994
39227
40152
38551
43355
41648
39650
38506
39345
39014
38947
46220
38697
43321
38652
42716
39345
39313
38446
40335
38338
18446744073708590432
39238
38967
38889
42696
38702
39202
38111
35829
38724
39301
38099
39348
39010
38539
39132
38937
38514
39358
39119
38699
39073
38967
38674
43345
18446744073708590194
39053
39257
38799
42990
39292
38138
39077
38849
38866
38610
43001
39605
38326
39019
38580
39143
38728
41043
40061
39962
39456
39979
39465
39968
18446744073708591566
39493
39996
40406
36087
39256
39156
38735
38427
42995
38548
39642
38470
38981
38764
39476
38597
39519
38839
38795
39062
39443
38114
39273
38414
18446744073708590844
38857
38476
38980
39190
38325
39586
38493
38559
38824
38732
39066
38834
38147
38822
38599
42940
39225
39190
38794
39308
38997
38928
38813
18446744073708590736
38928
39126
39214
38224
39441
39225
39156
38329
38924
39268
43066
38810
39465
39021
38953
39510
39386
38394
39386
39410
38512
39196
38750
47251
18446744073708590125
39036
39842
38741
39382
38381
39390
39015
38033
38793
38639
38748
39293
38145
39294
38656
38926
39417
39069
41998
39058
38539
38844
38418
38320
18446744073708589742
38811
38467
43107
43023
39183
38212
38985
38673
50957
38814
40130
37370
39091
38916
38349
39079
39170
38853
39504
37902
39695
38812
38542
18446744073708589955
39365
38455
39343
39235
38801
38723
40664
37259
39475
38166
38498
39374
38780
38618
39314
38406
39453
38292
38973
38455
39275
38242
38916
42392
18446744073708590494
39091
39033
38218
38975
38949
38924
38427
38217
43231
39231
38293
39057
39270
38778
39431
38755
38701
39175
39222
38770
39370
39089
38836
39252
18446744073708594704
38548
43404
39554
38222
39480
42903
38387
38976
38956
38711
38700
39070
38554
38707
39191
42145
39561
38547
39540
38985
38399
38761
38767
18446744073708589710
39081
38948
38675
38861
39398
38400
39474
32554
39490
39928
39419
39979
39916
39426
40026
39952
39919
39457
39943
39459
39976
39929
39478
39919
18446744073708591581
39481
43928
40152
39130
39971
39955
39477
39774
39454
39949
39808
45108
38287
39871
39596
39457
39880
39469
39941
40224
38917
39983
39986
39468
18446744073708591479
39938
39498
39963
39413
40168
39688
39603
39687
39894
39534
39881
39928
39487
37655
39876
39481
43891
39891
39584
39698
39493
39950
39912
39470
18446744073708591582
39906
39534
39781
39932
39394
39946
40020
39340
40082
39712
39509
39983
39432
40164
39626
39416
39990
39448
39458
39948
39998
39451
39911
39497
18446744073708591527
39984
39501
39869
40011
43373
40038
39846
39492
39682
39890
39611
39983
39925
39412
43942
39961
40229
39639
39422
38591
40506
43633
42068
18446744073708588429
39448
40269
41112
40269
37990
39488
48093
39009
36464
39112
39927
40038
39357
39918
39945
39509
53434
38244
43702
48720
38599
43476
35924
18446744073708591535
39905
39447
40063
39349
40029
42805
36503
43754
39981
39363
40077
39873
39305
42451
37125
39217
39631
39833
38960
39790
39834
43215
40838
37719
18446744073708590788
39816
39371
12945
