18446744073709105030
754
607
674
329
1202
180
178
183
229
179
179
197
184
229
579
187
235
185
658
187
185
325
496
592
200
223
185
3118
193
348
431
426
3868
215
182
219
199
892
304
186
256
118
108
108
107
115
108
196
125
1036
109
108
126
115
141
123
152
144
142
116
109
109
108
121
108
117
121
107
114
107
111
107
147
108
150
194
152
109
211
116
234
116
110
110
114
108
109
115
112
109
116
115
109
110
139
112
255
186
194
110
164
110
107
202
109
108
199
109
117
158
304
108
108
152
107
127
109
121
116
108
107
142
238
178
107
107
109
116
107
114
108
107
106
114
106
106
129
114
111
174
210
113
108
126
115
111
106
198
114
142
117
113
120
131
130
114
119
199
127
120
115
116
112
111
118
136
212
114
137
111
111
111
110
114
108
126
107
108
116
108
108
108
117
1024
230
213
189
115
107
119
108
108
108
108
179
108
108
181
230
153
143
109
107
108
107
177
108
109
108
109
125
109
136
110
136
154
108
108
107
190
107
108
120
106
146
107
173
262
287
253
121
107
107
152
120
177
173
149
111
117
141
143
130
122
113
118
108
107
143
118
109
107
111
161
108
107
125
109
118
129
120
108
323
149
112
252
176
149
114
112
145
144
112
112
137
111
110
112
189
112
171
115
178
111
110
110
139
111
221
110
123
111
121
314
137
179
120
122
111
184
120
111
111
119
163
112
110
120
112
169
116
114
1692
112
112
256
163
301
130
116
122
189
111
111
119
112
112
111
119
112
113
121
113
141
117
124
111
111
135
111
111
179
112
111
132
112
110
116
110
108
127
108
107
115
110
726
112
109
120
110
108
110
109
154
117
203
157
109
108
236
110
108
108
115
109
107
138
117
108
117
109
215
114
107
162
116
155
108
710
165
160
118
114
112
111
137
302
289
141
152
121
134
140
121
115
166
122
111
113
187
146
142
147
121
110
124
123
149
112
144
109
110
111
118
109
111
118
113
125
115
107
581
107
107
125
114
106
191
114
107
150
108
194
173
124
219
118
108
108
109
115
109
107
132
114
148
216
115
108
107
131
107
135
107
118
109
107
108
116
108
111
138
116
127
111
124
148
203
286
119
108
109
108
107
106
107
218
194
135
162
109
107
108
107
161
108
106
150
142
127
107
225
122
107
106
155
107
107
108
108
138
108
108
107
108
116
108
108
140
108
116
108
107
107
107
129
108
109
107
107
107
107
108
108
108
127
108
257
109
132
132
128
108
126
109
108
113
196
109
193
112
223
160
271
123
130
111
135
112
217
113
196
148
112
112
112
122
134
127
120
113
120
123
172
115
108
107
139
108
107
115
108
108
108
116
109
107
112
233
115
109
109
115
109
108
108
114
108
108
116
108
114
192
114
108
209
115
128
114
132
157
116
822
142
117
152
111
121
112
112
337
194
143
113
201
118
113
112
111
176
113
112
176
112
112
132
113
111
171
112
118
154
111
120
162
160
111
111
112
119
111
111
109
145
119
159
115
108
214
116
107
108
127
172
106
113
190
114
143
142
151
193
115
109
318
116
176
116
108
115
109
110
135
115
107
121
115
107
114
107
106
154
115
107
190
114
107
114
170
181
163
141
110
111
112
111
181
211
107
112
107
107
119
111
111
111
118
112
133
120
114
112
117
111
110
125
136
111
111
118
187
110
118
226
119
110
126
118
110
123
117
110
109
162
108
107
115
108
141
114
107
118
108
108
128
107
116
110
134
269
194
115
106
107
114
107
129
116
107
109
182
107
107
181
107
115
193
107
115
125
107
114
124
151
126
110
136
112
109
118
114
198
146
108
108
124
108
107
214
113
112
115
120
124
111
117
124
110
117
123
111
118
112
111
121
112
156
146
111
110
118
114
111
142
112
110
118
118
110
111
108
113
108
107
114
107
107
115
111
107
194
128
171
125
108
108
159
143
108
108
150
119
107
108
107
109
188
108
107
115
109
125
107
108
107
107
157
108
172
114
138
185
155
107
148
112
113
111
121
284
178
314
193
174
128
111
159
111
120
112
111
203
110
111
149
123
148
110
111
114
150
111
136
111
110
120
148
112
132
131
108
202
107
107
108
108
156
108
107
108
109
123
109
285
122
108
118
110
199
131
198
212
108
128
114
111
111
110
122
111
166
164
332
122
111
126
112
111
127
113
122
135
138
111
111
110
112
149
112
112
112
111
115
111
144
125
112
113
122
123
108
108
117
147
111
127
118
235
129
191
107
115
192
116
144
109
115
159
108
115
157
108
114
157
141
115
110
116
109
190
117
109
109
114
107
158
115
239
115
109
233
116
115
130
115
108
110
107
181
274
178
109
160
115
173
110
116
169
114
108
191
118
107
115
108
199
116
141
127
112
151
132
146
118
108
209
108
108
115
108
195
118
136
108
108
119
108
146
116
108
159
116
109
133
110
108
112
202
171
116
121
108
118
109
108
116
109
205
114
108
145
114
109
115
108
108
131
116
108
547
109
108
114
108
107
176
114
128
130
175
166
115
141
247
269
195
116
109
174
165
109
109
114
109
174
115
108
114
109
108
173
120
139
125
149
109
127
108
116
108
109
142
115
108
108
118
108
108
115
107
107
136
108
108
136
131
165
116
124
108
115
131
108
194
122
108
179
108
108
184
108
107
164
108
113
156
107
114
189
107
115
121
107
114
107
163
115
108
261
668
250
115
109
181
290
262
190
108
198
112
111
153
118
112
167
118
111
585
111
111
112
119
161
135
112
156
112
112
112
111
124
107
108
106
159
138
108
113
119
161
152
108
109
128
109
108
108
107
108
108
175
118
1158
110
158
252
117
156
108
119
108
214
245
156
109
108
108
107
115
130
107
655
110
107
109
107
221
147
114
108
108
117
108
107
109
162
127
118
108
115
108
143
114
222
114
108
109
116
108
200
117
109
115
109
108
593
109
107
168
171
126
152
193
118
109
160
113
158
109
116
121
108
115
131
174
153
109
108
116
115
109
150
117
109
109
115
109
108
202
121
213
136
117
109
109
109
293
265
178
118
109
208
109
109
116
109
108
164
109
108
215
109
116
109
107
176
109
179
140
160
168
117
110
109
176
115
111
108
146
128
109
125
115
107
109
108
107
115
140
108
115
110
108
154
110
115
264
161
182
108
115
122
108
119
164
109
115
122
115
109
108
114
108
109
121
115
111
800
108
150
156
228
124
109
241
117
4911
110
107
131
108
167
116
122
139
115
1139
112
112
113
111
111
111
2484
433
122
156
122
121
120
204
121
121
141
168
154
264
175
145
129
129
7018
124
111
111
111
181
109
110
179
110
110
110
111
120
110
109
110
110
119
109
110
110
110
119
111
182
133
237
116
121
121
109
117
175
168
117
116
231
121
155
251
182
217
198
113
154
122
120
119
120
214
121
120
121
207
122
205
124
1183
127
176
120
203
121
123
895
885
962
983
692
498
491
796
359
158
157
195
169
144
175
315
130
124
123
124
141
123
121
122
163
172
124
123
120
169
120
121
119
121
201
121
120
119
141
120
120
119
121
200
122
120
120
178
121
122
120
175
191
301
154
132
124
138
213
120
120
120
121
121
241
194
275
190
120
198
120
121
135
123
126
124
125
124
135
125
123
124
123
142
125
125
125
165
159
354
126
125
124
140
124
126
125
126
215
124
150
124
162
125
128
154
125
126
124
124
124
187
125
125
124
140
126
124
136
153
211
121
120
121
119
150
120
119
120
186
119
120
121
120
170
160
121
120
193
120
120
196
184
236
211
135
135
120
119
121
130
121
121
120
122
167
120
145
120
180
156
147
142
176
130
122
123
122
126
122
122
138
133
136
230
136
250
119
121
119
260
303
120
158
163
122
119
120
243
171
181
166
274
260
317
252
175
121
120
119
120
196
121
119
131
138
129
129
4154
252
115
173
107
107
106
106
113
188
107
107
108
106
153
106
107
151
107
107
106
138
122
107
106
106
186
127
107
107
178
127
145
107
108
107
120
107
107
107
123
107
107
108
110
198
160
167
109
128
107
106
129
239
131
246
153
160
147
141
123
106
107
107
110
171
108
108
108
108
165
109
108
141
108
153
108
107
108
109
136
115
107
183
150
109
192
108
155
108
135
108
107
110
109
108
108
108
108
107
108
181
119
106
120
107
106
206
109
107
106
121
207
127
140
111
224
112
119
108
156
108
107
138
128
107
108
119
108
108
108
150
107
126
108
236
106
106
106
107
172
107
126
227
179
111
177
133
151
106
125
219
117
107
108
107
188
107
110
112
111
121
111
110
111
111
118
110
110
173
110
112
149
111
118
164
110
167
161
127
119
112
135
119
111
170
118
110
110
128
108
106
108
116
107
107
180
128
121
107
108
228
116
210
111
215
107
107
117
108
108
108
115
108
108
107
116
108
108
177
109
187
148
107
114
107
106
203
118
125
134
127
111
195
118
107
108
176
270
265
116
132
120
111
111
110
112
111
110
118
111
110
111
136
119
111
111
117
126
120
110
109
137
110
110
114
117
124
110
118
111
112
119
111
148
116
107
111
115
108
108
116
107
192
115
107
115
110
242
119
217
217
118
108
151
107
119
106
107
164
131
108
108
107
146
107
107
115
108
107
108
116
142
108
116
107
106
201
273
128
129
167
116
108
852
186
125
109
107
114
107
107
107
115
106
108
514
108
107
205
149
182
115
142
204
106
109
205
241
116
174
136
107
118
162
108
117
113
107
108
113
107
107
113
107
128
114
141
106
114
115
107
243
115
206
152
155
107
117
161
107
114
192
115
108
120
182
134
124
108
110
107
162
185
108
231
183
108
112
116
109
108
126
113
166
119
109
116
108
161
143
112
152
109
107
115
110
115
116
117
108
108
115
107
158
145
108
107
108
218
108
109
185
145
107
115
126
109
157
110
117
108
198
117
139
114
107
108
115
108
108
109
223
108
108
108
155
211
110
171
109
108
109
119
109
241
127
108
107
106
207
124
111
113
118
118
111
112
111
118
113
111
117
117
112
111
119
111
111
119
111
111
125
129
119
124
112
120
160
111
165
153
113
108
109
107
117
111
107
186
157
118
225
115
195
115
157
108
107
114
108
109
206
144
181
107
109
194
108
114
165
107
115
195
115
108
156
114
107
190
114
129
168
141
115
161
126
113
110
110
327
242
176
557
108
107
185
116
108
115
107
107
115
108
107
542
109
108
160
113
142
116
144
108
170
108
159
110
114
121
109
114
108
109
113
107
193
115
108
117
107
107
114
108
227
116
108
230
172
193
201
113
117
110
107
108
115
108
109
131
118
115
121
107
108
109
115
108
108
115
109
107
110
114
165
108
202
150
192
188
150
160
117
110
115
1045
212
108
107
151
138
188
108
107
174
109
109
160
108
115
143
126
115
165
116
189
149
110
127
125
108
114
109
109
117
157
107
116
109
108
106
115
107
108
114
108
108
118
108
108
117
109
109
135
109
127
109
110
149
130
108
109
174
116
149
107
115
200
130
113
113
316
302
174
107
123
126
112
122
154
175
120
114
120
116
113
112
182
126
111
120
111
112
110
118
111
121
114
110
108
120
115
109
156
115
109
117
110
109
196
117
193
168
108
109
107
108
114
108
108
108
166
108
119
115
163
107
107
131
108
108
202
108
108
134
108
108
212
108
108
131
147
111
168
114
108
112
116
108
165
131
111
109
181
306
146
112
112
111
120
113
112
119
111
112
118
111
111
115
119
126
164
119
112
112
110
119
112
111
111
123
111
112
154
111
122
118
112
111
118
112
112
121
111
111
120
112
111
119
111
110
118
111
112
122
122
111
119
111
110
125
119
112
124
118
122
157
169
108
115
108
108
195
155
153
114
188
167
113
142
141
113
111
111
214
250
219
116
117
126
124
113
117
162
111
118
160
111
120
110
119
111
125
113
118
113
112
119
114
146
168
111
118
125
113
119
124
112
159
127
126
116
210
109
134
109
110
115
201
115
143
109
151
250
151
177
116
177
128
109
126
108
107
201
108
114
162
108
116
191
115
108
155
115
109
539
108
107
115
107
107
193
138
131
120
159
111
121
166
173
108
109
197
108
108
108
110
176
112
509
113
110
161
120
113
168
119
112
113
120
112
119
112
127
112
128
119
112
112
121
167
107
107
107
108
135
135
134
108
218
110
107
117
117
107
119
125
119
133
108
107
107
116
108
242
145
112
147
137
240
220
109
149
123
113
112
111
111
111
112
113
187
112
112
204
111
203
113
119
111
157
119
122
112
122
166
111
118
124
111
118
125
112
115
177
182
108
191
115
109
114
107
109
114
108
108
127
128
204
109
197
108
107
107
121
115
108
124
117
109
126
116
108
108
108
113
109
108
114
115
107
150
114
108
107
107
115
217
142
128
225
165
108
110
293
246
238
115
108
197
220
184
108
161
206
192
116
108
168
163
229
144
140
126
108
117
109
205
117
288
119
123
112
114
162
121
124
112
202
124
113
120
112
112
111
123
113
119
173
110
118
179
131
111
111
118
112
111
136
155
112
120
108
165
247
243
108
112
159
116
109
108
247
162
112
165
108
1299
121
111
124
111
112
113
110
189
292
120
141
111
142
152
144
124
112
111
133
111
110
112
111
119
112
111
118
174
111
120
118
113
149
118
112
202
119
169
141
112
119
156
161
113
119
126
113
120
124
113
119
164
118
112
127
115
109
108
115
109
109
137
132
688
109
222
145
154
117
122
160
136
108
108
119
140
112
109
110
174
113
151
112
111
111
112
141
111
110
143
152
134
137
109
169
116
107
128
107
108
113
131
145
117
198
202
108
149
109
162
112
134
158
111
110
111
110
137
122
112
112
122
127
178
112
155
135
110
116
118
124
125
119
108
174
114
110
191
116
248
155
246
165
230
213
108
108
110
109
118
109
109
114
110
126
115
109
112
117
109
108
107
114
143
215
120
160
110
1167
119
116
112
112
247
140
198
116
119
165
115
110
108
107
117
109
108
115
108
109
108
157
115
108
178
115
141
116
142
204
148
108
108
127
204
150
119
110
116
108
109
108
109
185
109
108
108
108
108
203
110
125
108
147
107
107
498
140
108
336
113
142
107
108
115
127
211
230
132
111
115
111
112
111
112
118
113
131
119
133
121
174
248
119
135
112
149
111
112
228
126
111
140
185
134
112
112
111
120
111
111
129
108
108
108
112
113
108
121
115
107
193
114
108
116
144
138
149
108
250
115
108
116
109
109
116
110
108
758
130
128
110
109
134
109
109
111
155
108
741
109
193
107
152
124
164
133
110
108
117
127
193
277
109
109
107
148
111
111
199
118
110
112
118
112
150
122
112
222
146
218
137
113
157
112
111
130
111
113
111
112
112
122
112
204
178
125
108
139
108
126
108
144
143
107
110
127
108
146
153
109
108
113
109
153
108
108
108
108
137
110
108
118
108
118
108
107
109
108
116
109
134
127
224
109
109
108
109
136
235
131
108
338
122
110
108
132
119
109
114
118
139
118
115
163
198
127
107
108
108
125
113
107
122
161
110
117
112
164
126
117
108
109
109
149
108
182
117
108
108
117
108
185
109
109
109
115
109
109
110
115
113
109
115
108
108
140
215
178
116
118
142
108
139
189
277
115
108
108
107
110
109
108
117
108
110
115
108
109
108
115
108
107
108
233
159
120
241
116
109
176
116
120
108
107
117
114
109
147
122
108
115
108
108
117
110
108
137
191
108
108
117
150
167
107
238
108
109
188
108
108
128
109
109
116
110
109
115
182
114
109
110
114
119
108
114
107
163
115
108
109
152
278
121
191
116
122
109
108
293
193
178
134
202
115
109
109
114
109
108
136
219
118
210
116
157
108
116
122
109
133
109
171
163
107
107
163
107
114
155
108
115
156
194
141
108
115
125
107
107
173
108
114
211
166
197
143
180
126
107
116
108
108
112
126
192
125
107
165
108
107
106
115
108
107
108
115
132
107
116
108
144
147
110
110
134
124
236
139
165
107
114
139
127
234
268
245
115
169
109
108
115
108
108
189
115
107
142
115
232
189
186
132
143
111
160
114
107
107
136
168
110
192
114
110
182
117
111
117
110
110
119
115
112
112
119
124
112
119
112
116
118
176
110
118
145
111
125
108
110
150
106
106
106
109
109
108
107
107
171
107
109
108
109
109
110
142
107
230
144
127
131
158
108
108
107
108
127
107
107
107
107
111
107
107
107
109
108
109
163
108
192
107
108
108
108
152
108
176
109
248
124
108
108
108
109
108
108
108
109
108
108
107
108
154
109
118
108
108
108
108
120
164
137
168
172
240
107
108
108
107
153
107
108
140
108
182
109
107
108
107
138
108
108
203
151
108
109
136
120
179
195
107
167
107
108
108
130
124
112
121
113
128
114
151
206
115
122
122
112
124
158
133
108
169
109
109
107
108
107
134
108
204
109
107
204
108
107
119
122
130
108
116
109
158
115
108
115
108
108
107
115
107
720
113
176
108
117
193
114
107
203
115
147
207
108
142
191
108
107
108
240
213
266
108
107
106
106
153
114
108
191
113
108
114
112
107
188
115
107
164
106
121
114
108
128
178
109
116
107
107
107
113
106
191
115
107
192
117
107
114
107
107
186
211
108
115
245
120
109
148
186
109
107
107
193
116
121
107
108
241
123
115
157
106
114
155
114
107
155
136
108
152
116
141
108
266
107
111
115
106
106
108
117
321
261
230
211
108
138
107
111
113
107
107
115
107
114
107
107
188
114
108
115
108
143
155
116
108
107
107
107
114
107
109
154
118
106
120
115
109
157
115
108
114
108
109
155
158
109
113
185
107
113
125
180
144
129
135
108
117
107
108
133
115
109
107
108
164
168
149
147
114
142
115
109
162
115
109
225
158
121
112
129
115
109
109
115
109
156
292
159
130
107
108
158
108
108
163
107
106
133
207
156
115
109
108
108
151
107
107
186
108
171
108
108
115
108
108
156
115
108
115
109
109
108
114
108
110
115
108
108
114
108
178
115
109
157
118
108
109
206
219
115
109
114
110
109
114
111
6252
116
114
116
150
116
116
115
116
244
113
148
289
160
163
112
113
178
271
214
192
129
111
112
126
147
111
111
110
109
179
125
108
119
107
107
150
111
160
107
178
121
107
107
107
172
121
106
106
151
112
120
110
108
196
124
117
107
107
106
107
109
119
107
126
107
107
107
107
192
156
153
124
116
107
108
109
107
127
108
2877
251
208
270
333
140
106
108
107
122
111
112
111
111
113
111
112
112
128
111
111
168
113
119
114
111
118
130
135
119
108
108
120
236
132
107
108
145
153
108
239
118
194
122
117
1111
110
192
131
116
175
108
108
118
108
107
108
157
174
178
124
119
113
119
234
288
250
179
115
107
108
115
112
120
108
115
156
107
115
140
161
115
194
152
120
109
186
158
116
156
109
117
122
108
117
224
109
116
156
108
114
174
114
109
191
167
114
129
109
148
154
173
172
108
108
259
108
107
151
107
113
157
107
115
193
136
109
599
109
109
115
107
148
114
108
139
156
127
209
112
151
115
108
109
304
285
139
135
302
116
155
108
115
121
109
116
129
159
108
216
135
108
113
152
109
170
169
162
118
108
117
115
109
157
114
108
156
116
132
114
155
109
114
108
107
213
151
209
116
108
151
111
154
224
144
109
172
109
108
148
149
115
236
114
109
122
116
108
142
115
194
181
110
122
116
108
125
170
149
115
167
112
112
121
217
288
195
108
107
115
118
112
133
119
119
111
112
172
196
119
111
120
111
111
260
120
112
144
136
134
119
112
112
110
175
113
119
199
111
116
108
107
115
109
108
114
158
167
109
194
114
107
114
107
108
174
116
110
110
117
109
184
114
123
108
134
107
107
108
117
171
108
161
116
127
109
116
108
109
114
159
160
153
116
127
124
109
125
192
215
269
124
121
108
108
118
108
191
129
107
131
107
107
120
108
108
107
109
108
107
107
117
194
108
119
112
119
108
116
107
132
109
200
107
114
110
108
112
128
109
108
108
115
118
215
117
110
632
111
263
168
117
116
143
120
812
216
121
4403
115
118
113
143
185
117
147
119
124
112
190
109
109
109
120
111
108
109
119
108
108
118
109
114
110
138
109
108
118
109
107
114
107
107
115
108
109
129
114
158
108
116
108
130
115
132
142
161
171
128
168
149
108
107
116
108
108
108
117
108
109
116
118
109
107
165
174
109
116
108
108
115
108
109
108
115
107
129
163
112
115
109
110
201
108
109
229
117
109
128
123
175
114
117
108
107
545
109
108
108
153
112
112
119
176
139
208
181
148
250
142
108
128
116
108
108
107
130
109
109
108
118
108
152
145
108
200
184
166
115
109
109
115
110
109
113
116
109
110
116
109
157
115
110
115
109
108
556
110
108
115
108
124
168
116
242
175
113
115
115
120
113
110
109
110
125
109
107
107
107
107
107
151
106
107
106
106
185
106
107
107
108
139
187
163
170
108
108
107
122
201
108
107
106
107
108
107
107
106
107
116
175
140
108
149
169
249
153
109
107
107
108
108
116
108
180
109
109
153
108
108
108
108
153
107
109
108
113
108
107
107
107
153
108
107
184
138
144
108
157
108
108
166
108
107
215
127
176
132
159
169
114
337
226
112
111
122
112
122
112
112
121
120
171
112
111
112
112
209
138
176
124
112
163
111
187
112
112
121
112
110
111
115
109
108
108
117
109
108
117
111
108
117
109
107
110
116
108
159
116
220
117
107
109
118
107
121
117
110
178
116
110
157
134
108
114
115
108
120
274
108
107
115
165
108
127
130
169
122
107
166
109
227
276
114
108
108
214
108
119
135
122
133
113
111
159
113
111
179
143
119
115
113
121
148
207
120
111
117
119
112
110
125
157
111
121
111
123
116
173
114
108
116
108
174
114
191
107
114
166
115
108
161
189
127
106
113
194
150
107
107
115
106
117
114
107
189
113
107
194
114
109
114
110
107
115
109
107
109
203
111
200
117
109
108
108
194
156
109
168
127
109
108
115
137
110
570
110
109
193
117
109
115
109
109
137
108
189
139
111
118
118
109
109
108
121
108
133
108
115
116
109
109
116
108
123
116
108
121
211
621
109
108
609
108
153
163
117
157
141
196
108
115
158
108
115
122
109
115
121
113
110
109
161
109
109
116
109
108
114
108
109
218
115
133
203
112
116
108
158
108
283
288
234
155
114
114
158
114
109
122
113
107
138
147
111
193
117
109
116
109
108
133
138
112
136
248
109
109
114
109
127
128
108
108
108
115
160
107
115
108
107
204
115
110
126
135
226
117
157
108
179
109
109
109
107
153
121
109
109
109
152
107
107
108
108
152
112
106
108
109
155
107
108
107
108
190
109
113
135
178
171
315
262
201
109
107
108
108
193
109
109
109
107
119
109
109
109
107
133
148
160
107
187
122
153
230
184
108
110
108
107
172
108
108
110
215
108
108
108
138
108
108
128
108
155
109
107
108
108
109
119
144
108
138
112
108
160
108
162
107
168
110
133
110
108
167
108
114
130
159
247
232
164
109
107
107
109
110
117
131
107
108
111
109
107
107
107
137
145
142
113
117
109
118
109
109
108
108
107
108
107
164
108
119
116
108
138
115
110
160
117
148
168
109
175
203
109
108
107
203
108
108
117
109
109
109
117
115
108
146
116
161
115
150
116
112
205
108
119
120
131
121
180
109
154
120
108
246
278
140
108
112
109
194
108
108
114
115
108
108
150
114
108
186
116
108
165
111
119
180
181
111
116
208
107
117
109
107
126
121
172
180
111
223
109
108
116
109
131
119
109
107
107
116
108
108
225
115
142
116
109
236
115
108
109
116
108
157
116
108
176
115
107
114
167
108
163
115
107
115
108
108
193
227
232
242
155
108
108
108
315
176
109
111
116
107
108
110
121
112
113
119
111
112
123
112
116
119
112
135
111
119
129
117
119
126
112
119
116
112
119
113
113
270
150
135
126
107
199
108
108
164
163
119
109
114
269
295
157
131
120
122
109
120
110
109
108
156
110
111
108
108
123
110
112
123
202
188
112
111
120
110
111
135
117
127
121
153
116
115
124
119
146
112
195
225
173
170
152
114
128
183
113
113
147
133
154
182
152
112
112
127
143
115
118
176
125
158
111
111
118
112
111
112
120
110
119
111
124
108
107
109
115
108
110
109
110
107
117
109
128
108
107
108
108
113
108
108
108
108
155
108
108
108
108
174
109
108
109
108
136
108
108
107
108
152
108
108
107
108
119
250
109
150
113
188
156
144
122
117
109
108
165
4711
109
191
108
108
107
109
248
161
108
108
175
114
123
109
133
110
217
109
110
183
161
130
156
108
107
173
112
243
127
112
111
126
111
160
149
158
181
114
111
123
108
252
148
147
140
111
111
123
112
111
118
120
112
124
122
125
112
158
111
111
112
110
136
112
108
131
107
108
111
117
108
116
107
116
272
179
109
125
108
108
108
108
108
108
133
108
109
108
122
122
115
179
116
108
121
115
108
148
162
109
220
117
140
120
109
205
116
109
113
159
109
115
108
109
110
114
110
108
115
108
129
159
108
118
122
178
116
108
247
118
138
108
119
187
158
116
108
107
108
260
270
160
107
107
108
116
109
109
224
116
138
109
117
108
116
109
109
109
116
122
108
109
138
109
177
118
108
108
114
109
109
172
115
108
108
148
120
182
117
160
108
107
199
108
112
235
107
182
108
146
192
110
110
116
109
108
109
116
109
108
119
107
208
115
109
110
116
109
173
115
547
110
163
111
204
108
108
125
124
108
134
109
109
251
150
108
109
108
161
116
108
161
109
116
231
115
109
143
115
108
164
116
109
165
109
109
151
235
116
109
109
108
115
110
108
118
163
109
108
109
115
109
108
114
107
171
171
107
115
107
106
198
133
107
112
107
164
115
177
114
108
107
107
115
109
106
115
107
106
115
107
111
154
115
107
156
114
107
116
107
107
202
134
161
123
182
187
115
109
167
251
285
121
107
108
114
107
108
117
109
139
115
107
112
114
107
141
114
122
108
114
184
114
108
109
163
108
153
116
108
120
118
108
119
107
108
107
108
155
106
107
107
107
200
108
108
139
109
153
127
114
117
135
108
197
141
107
107
137
122
107
107
107
150
108
108
106
106
135
121
191
141
108
174
106
107
106
107
124
107
198
230
249
197
122
107
107
107
108
151
107
106
145
108
118
108
106
108
106
147
113
107
164
170
135
125
107
161
107
107
108
107
152
108
108
129
107
174
108
107
107
107
2850
224
125
107
108
171
108
108
185
109
115
216
144
246
110
126
119
110
107
108
190
109
108
108
108
181
166
124
228
130
109
165
125
117
108
117
112
109
195
109
109
132
123
163
184
149
172
113
107
154
115
109
122
108
116
223
116
110
126
115
108
507
110
109
117
108
109
177
115
108
159
189
191
176
133
115
109
157
115
109
157
116
109
571
109
109
114
108
108
138
115
159
163
110
175
157
108
108
143
112
148
233
144
114
109
108
285
115
108
168
108
115
135
116
150
109
165
109
107
107
118
108
108
171
145
114
112
108
116
140
145
116
113
113
116
107
143
109
115
108
157
108
115
108
113
130
110
108
194
116
108
206
115
109
115
114
179
182
109
108
115
109
107
183
108
116
122
107
114
178
108
116
231
115
114
146
117
108
115
119
138
212
121
108
119
109
169
115
109
108
117
108
108
108
153
118
298
116
174
109
129
108
110
146
114
109
142
133
108
139
114
109
190
150
143
119
157
296
116
120
120
115
115
122
114
112
111
167
124
128
111
112
121
111
110
111
112
120
111
112
112
112
4124
118
109
107
107
145
109
108
115
177
110
108
176
113
147
131
171
130
115
107
107
107
138
109
107
108
107
108
108
108
108
107
136
109
108
108
108
110
107
108
108
109
117
133
152
112
194
117
148
130
118
112
158
111
145
175
211
133
172
156
121
118
154
111
122
126
112
116
109
110
175
109
107
139
117
108
117
133
146
188
116
108
117
111
261
171
118
129
108
108
118
129
108
109
116
109
111
132
115
109
111
225
130
123
131
111
111
121
112
196
209
109
108
109
152
109
108
174
112
111
131
112
110
130
113
112
119
112
111
132
112
110
208
161
113
112
111
112
120
112
121
112
147
112
111
120
123
181
116
109
142
218
435
115
108
107
107
151
109
192
181
115
163
109
115
108
108
107
116
107
108
114
108
107
115
159
109
115
110
131
119
109
169
109
115
203
278
112
116
170
112
111
110
119
295
304
219
227
120
112
112
141
131
112
111
179
111
112
172
112
111
165
143
120
111
111
128
131
119
111
112
130
114
159
120
111
111
115
110
165
111
116
109
108
115
110
108
122
115
108
181
201
107
116
267
194
116
108
116
109
108
115
111
107
115
109
108
114
108
108
121
114
108
193
115
111
115
108
108
177
211
125
185
125
112
120
239
143
146
132
107
107
169
134
126
112
548
114
112
111
118
111
112
111
118
113
111
117
111
114
155
169
132
120
112
124
120
112
135
120
112
499
113
112
112
114
108
108
115
109
133
186
110
128
116
109
110
152
144
107
113
122
135
115
109
550
108
109
155
115
108
114
108
108
132
107
108
108
108
109
108
108
107
107
115
109
145
145
219
149
116
691
2273
830
199
114
113
112
165
113
113
113
113
158
112
111
113
112
168
113
132
111
197
113
114
175
170
117
132
114
112
111
111
112
112
111
112
112
112
111
112
113
110
112
111
147
112
110
135
112
112
112
111
149
115
222
111
127
111
250
215
265
280
139
149
120
111
151
110
111
163
150
133
112
113
139
126
111
113
154
115
130
112
113
128
111
112
111
110
111
121
109
109
222
124
107
116
109
113
118
109
108
121
109
131
126
137
108
113
132
110
184
107
182
199
110
278
242
293
295
158
108
119
167
111
112
111
120
112
134
112
118
115
110
119
111
111
124
119
187
137
112
116
175
120
112
111
112
137
112
192
112
119
115
172
108
156
116
110
179
115
108
140
205
121
153
154
195
197
110
107
107
162
108
114
151
107
114
108
112
115
156
115
108
108
118
160
207
151
116
108
109
109
223
113
125
132
108
119
110
119
108
115
194
206
199
163
112
111
192
112
111
112
122
112
111
139
118
112
170
118
115
131
149
112
134
112
127
111
119
124
113
118
116
111
111
133
108
109
143
108
107
109
114
131
107
113
114
108
108
114
190
115
144
171
114
108
527
108
109
114
108
107
110
114
110
176
113
109
157
160
109
116
108
108
114
108
110
157
116
108
114
202
118
154
117
108
108
108
234
224
109
107
118
109
107
151
108
108
115
109
108
107
114
107
108
606
109
108
131
149
113
147
115
127
180
115
108
109
107
115
108
110
109
115
169
109
115
156
108
202
108
115
219
115
109
230
121
182
116
162
123
123
115
107
107
114
108
131
202
108
108
197
108
114
109
108
115
122
109
115
572
113
108
189
114
144
142
118
140
132
230
122
114
240
301
232
107
108
121
111
111
122
113
213
152
125
110
157
111
143
110
109
111
111
110
110
111
112
110
145
111
111
129
112
112
111
107
122
109
108
108
110
160
108
108
107
160
108
108
125
148
177
159
109
220
122
108
174
120
108
154
107
107
109
108
152
108
109
109
108
153
108
109
108
109
138
108
107
162
148
110
108
114
111
153
248
296
181
108
108
125
108
108
108
108
109
108
107
108
182
147
107
125
130
109
110
109
116
108
110
115
121
110
116
109
107
132
144
112
245
201
108
109
131
108
117
109
144
110
109
122
109
109
121
109
219
115
107
108
193
108
130
123
107
602
164
195
187
109
175
108
108
190
108
108
128
108
108
163
108
114
159
107
115
117
186
131
216
124
125
115
159
146
116
201
113
192
109
115
230
115
109
125
135
223
148
108
108
109
157
107
107
175
115
133
107
114
109
112
115
108
108
114
108
142
115
107
117
110
107
107
202
243
115
108
117
109
109
250
111
186
169
115
107
108
109
151
239
152
111
116
107
124
107
114
110
108
114
108
107
113
239
114
109
154
115
143
136
133
130
116
230
108
107
115
107
169
116
108
108
163
116
109
745
109
194
114
108
157
114
109
193
115
658
109
108
110
128
108
108
107
109
115
108
108
121
171
109
121
115
108
107
114
108
106
113
109
128
115
111
110
115
108
108
205
117
180
109
115
109
108
109
270
184
108
108
202
115
108
109
115
108
110
115
108
163
115
160
115
108
168
170
144
125
138
109
115
120
109
108
114
110
110
114
114
107
108
114
108
108
108
115
169
132
173
109
171
116
108
109
203
140
108
131
108
108
140
114
109
120
108
115
121
109
114
110
108
115
122
108
113
109
108
115
108
109
107
114
126
108
202
158
141
116
141
269
331
173
206
129
108
107
123
123
113
123
112
112
111
112
166
112
111
111
112
112
112
112
111
113
164
114
167
112
121
111
119
108
123
108
108
107
108
201
109
108
107
108
190
108
108
108
108
113
108
142
195
113
159
186
131
109
108
107
107
107
201
106
111
108
107
172
108
108
108
108
118
108
107
110
107
249
127
109
109
125
169
108
107
118
109
135
117
108
118
133
109
151
179
116
107
154
108
108
106
108
107
137
109
107
117
167
109
117
108
214
189
129
110
108
108
253
141
276
111
218
129
109
116
109
110
235
119
108
115
108
107
176
117
133
151
288
120
122
169
116
109
234
216
257
108
109
108
109
115
109
158
123
115
166
114
109
537
109
108
150
145
108
209
119
141
108
108
114
115
108
109
107
114
175
116
108
109
116
109
533
109
108
157
115
108
115
129
109
670
157
289
245
162
117
180
115
107
125
143
108
112
114
109
176
115
108
208
115
108
205
229
110
115
307
115
127
221
150
112
122
114
109
107
109
291
277
178
116
142
134
149
133
108
109
249
117
109
108
107
114
108
112
109
119
108
202
108
108
153
117
125
176
117
110
112
116
115
109
117
129
108
165
108
107
133
194
158
117
119
185
118
160
110
107
312
5246
116
108
159
114
235
109
212
126
178
114
109
128
108
107
116
127
109
115
126
109
117
183
149
108
121
109
108
129
117
177
145
135
110
138
130
117
109
187
119
109
117
113
143
117
114
151
150
133
164
120
336
115
115
114
112
112
112
110
111
112
112
112
111
113
113
112
112
119
112
125
112
112
111
111
150
112
124
108
108
117
109
108
108
108
110
108
107
107
108
201
108
107
111
109
125
108
107
109
137
214
113
115
118
118
191
111
116
119
156
134
112
125
109
108
182
155
911
122
141
116
109
226
114
119
110
219
124
128
159
276
108
108
155
110
230
135
118
109
118
109
115
109
180
110
109
109
116
108
107
109
116
109
107
115
110
206
181
133
197
160
177
152
150
128
133
109
109
169
112
113
161
113
140
112
145
132
111
181
112
112
119
130
165
123
153
112
119
118
111
168
119
113
147
119
171
120
123
236
119
114
109
109
108
115
108
108
114
108
107
191
189
175
192
109
109
125
116
108
108
107
114
110
108
154
158
107
108
115
107
108
115
125
108
115
115
109
108
116
108
109
110
185
109
267
118
120
114
109
140
116
108
156
115
108
114
129
109
592
174
242
259
108
108
162
108
220
198
224
197
173
110
294
107
133
245
122
111
160
112
112
124
111
178
211
114
112
133
112
111
126
121
251
180
129
110
111
590
114
146
195
113
130
122
112
113
179
147
156
151
127
113
111
167
111
111
152
113
639
182
111
111
120
112
112
165
119
112
160
120
111
154
126
112
110
111
121
111
119
161
112
122
113
119
110
112
111
111
160
127
111
130
119
210
113
133
112
111
118
113
110
111
130
109
136
118
110
109
116
109
109
192
108
108
233
108
304
140
130
123
145
108
168
109
117
108
114
108
163
114
156
115
110
156
115
108
209
117
107
108
108
107
146
127
109
110
108
108
108
107
158
106
107
107
107
188
107
107
107
108
200
107
107
110
108
123
107
108
108
256
116
151
136
111
111
113
111
127
111
207
213
188
168
246
175
108
107
121
112
119
111
121
110
112
115
111
121
112
110
110
122
111
132
111
112
178
126
112
111
111
112
112
112
111
110
111
111
112
122
108
108
198
118
192
110
108
116
107
126
109
108
108
118
108
107
116
121
109
190
109
108
108
179
123
148
1324
288
168
109
108
129
108
211
151
109
108
109
109
109
110
196
179
144
192
142
161
137
109
108
115
107
107
135
107
108
115
109
108
107
115
108
108
108
137
109
108
118
108
108
133
108
158
154
109
109
108
116
112
108
165
117
141
131
117
108
110
118
111
213
162
116
591
109
109
193
114
109
192
141
117
128
149
131
111
118
112
229
239
225
108
108
108
119
112
111
111
118
112
112
118
115
121
111
169
144
176
169
152
120
112
112
119
115
111
112
120
112
111
120
111
111
133
108
108
175
108
108
163
108
115
108
125
115
183
169
144
116
108
184
115
108
157
149
108
114
129
108
527
108
110
116
109
108
161
115
209
117
215
108
107
216
108
108
123
132
117
152
120
111
129
112
201
150
197
107
115
110
107
108
118
113
175
119
112
111
111
119
111
111
117
113
112
120
115
112
146
203
127
120
112
112
119
138
149
122
124
120
127
128
108
201
109
110
163
108
108
165
109
110
115
108
144
114
108
109
108
181
107
166
114
108
148
115
110
110
116
109
235
115
153
116
107
179
114
107
115
109
109
114
166
851
113
195
119
175
111
154
170
294
118
189
155
161
111
111
132
112
111
194
112
111
129
133
112
111
112
185
110
144
112
120
110
111
110
111
165
111
112
124
108
152
109
108
111
108
160
170
170
176
163
162
125
123
107
107
109
107
151
107
108
109
108
159
108
108
108
107
142
108
109
108
117
108
163
107
109
107
107
155
108
108
111
139
110
145
115
115
112
110
128
110
112
131
243
133
113
113
121
112
111
111
111
112
111
112
111
112
147
113
112
195
113
112
111
117
112
131
112
139
108
115
109
107
114
118
108
134
132
128
112
110
247
148
107
108
154
108
108
107
109
107
165
108
119
158
116
108
258
172
108
108
108
108
880
406
119
111
111
111
119
113
132
120
136
112
574
113
112
172
118
166
119
149
174
119
595
126
112
129
119
113
112
112
119
112
112
117
112
109
163
122
113
157
107
114
108
110
135
582
109
143
209
160
109
107
107
211
109
227
108
108
118
110
108
110
116
109
107
194
115
131
182
109
109
116
176
110
118
113
122
108
165
117
107
1168
225
144
107
129
115
110
180
116
108
115
109
108
226
114
142
115
109
174
278
202
177
180
199
108
107
108
116
108
111
117
109
107
190
159
108
107
108
109
115
141
120
109
116
109
198
116
121
143
117
157
108
173
174
116
108
120
113
108
120
119
109
131
107
133
108
164
112
158
109
281
116
166
115
151
160
207
127
224
116
108
107
173
351
237
140
112
131
115
130
189
114
142
126
113
111
257
217
150
111
112
156
139
111
112
140
118
112
113
163
112
112
155
147
127
111
122
109
119
111
126
113
112
176
110
112
170
111
111
157
112
214
112
111
112
119
112
112
118
111
113
119
112
112
115
108
109
109
115
108
107
115
167
108
191
115
108
219
195
118
195
109
117
187
132
109
109
109
108
109
108
173
108
108
129
127
132
189
198
129
204
147
148
153
214
131
242
185
162
108
211
195
108
126
114
153
161
158
129
178
112
112
158
136
113
181
213
149
302
127
112
174
168
117
176
112
112
111
112
173
127
218
112
111
111
110
112
111
111
111
112
207
112
126
127
185
112
113
112
112
186
141
139
113
157
152
129
112
111
111
112
144
113
163
112
143
112
144
112
142
112
188
129
112
189
112
140
112
112
111
121
112
112
121
111
248
189
114
162
128
127
113
113
112
111
111
111
112
112
139
169
128
113
124
131
113
195
231
115
110
112
158
113
112
193
112
111
112
111
216
128
112
112
114
142
130
128
114
110
112
113
112
112
119
113
115
112
114
120
112
112
119
111
114
119
112
113
119
112
160
127
163
124
113
112
112
120
197
113
116
161
114
112
131
112
113
112
129
300
234
140
112
112
112
117
112
112
111
263
206
153
127
179
187
112
144
112
156
158
220
124
112
112
161
118
110
132
112
224
112
112
141
111
111
147
124
144
113
165
145
152
126
120
111
163
111
111
166
112
110
627
114
112
149
203
129
154
140
112
112
110
120
153
176
170
125
112
113
112
112
120
113
167
133
189
163
193
249
194
189
200
235
184
186
186
160
164
157
111
144
203
138
209
131
172
198
112
121
186
121
129
111
155
124
153
1668
176
155
153
167
146
111
111
160
226
231
184
149
119
174
141
169
111
132
112
112
167
227
220
122
221
156
173
169
217
147
111
167
120
201
114
161
111
151
112
218
111
110
113
298
112
148
115
171
155
153
180
118
125
166
113
125
170
144
160
204
163
138
163
184
280
265
133
110
112
112
110
110
147
150
111
170
117
141
156
236
236
127
157
321
129
139
111
161
229
136
111
168
129
187
148
113
144
200
136
198
133
308
139
112
138
168
139
113
113
112
194
146
162
224
250
130
118
181
305
272
162
142
112
112
112
132
133
193
113
141
111
111
171
146
281
126
113
112
163
115
133
148
153
146
213
242
126
230
1604
114
111
132
112
137
191
182
114
112
116
110
111
111
111
154
112
114
160
761
112
117
229
111
122
140
118
164
123
114
135
111
162
111
163
110
111
213
632
112
134
123
163
140
148
158
155
111
111
129
119
145
129
156
122
111
110
159
167
705
136
111
118
113
111
121
112
140
112
122
112
128
111
111
258
111
111
118
111
110
192
847
168
179
172
148
112
112
126
195
283
166
148
174
114
177
126
269
200
157
111
141
113
140
112
160
206
122
137
111
123
155
140
157
780
111
161
110
144
110
111
167
189
112
113
152
111
189
114
110
187
111
111
110
624
112
172
122
115
128
111
110
179
110
121
118
111
148
124
133
121
146
223
120
171
248
156
165
118
120
114
111
165
169
189
110
110
155
109
193
127
224
814
112
122
865
111
125
110
116
117
110
111
112
124
112
110
143
110
202
161
110
111
112
122
289
142
121
112
112
110
119
133
170
214
167
172
168
113
117
171
205
677
174
144
171
150
193
110
111
111
125
110
112
142
110
121
110
205
232
641
208
111
113
111
166
111
156
137
111
110
110
110
154
111
110
111
323
744
148
113
155
141
118
112
112
112
122
111
112
136
111
123
111
112
111
172
147
111
113
111
113
158
124
146
208
113
194
111
2087
129
207
120
118
195
176
199
121
152
164
1499
164
177
177
155
153
112
140
112
246
146
148
131
137
149
264
653
204
144
135
151
111
217
133
164
110
146
111
110
110
110
165
133
139
132
144
203
204
114
121
133
145
222
169
164
238
159
120
111
121
181
176
184
216
250
117
161
121
150
114
137
172
111
1008
134
112
151
111
154
120
157
111
231
143
181
120
153
138
155
111
177
131
141
120
110
111
119
111
131
156
236
173
120
112
125
118
112
151
128
113
110
117
179
124
146
114
113
121
156
113
113
140
114
113
212
113
121
157
113
205
2118
114
178
395
202
112
111
113
112
314
158
320
120
182
174
126
110
112
109
110
118
110
170
135
159
149
155
125
112
110
125
222
128
112
131
158
255
220
113
122
152
147
191
276
112
111
122
111
177
208
131
131
135
119
142
116
120
169
112
149
111
149
134
140
150
131
168
119
173
665
116
309
178
223
144
125
110
238
181
130
149
820
113
111
204
157
189
161
110
111
123
165
134
133
114
171
126
166
114
187
142
172
122
161
195
299
246
167
126
134
167
3625
188
221
111
110
111
162
110
111
111
110
123
109
110
113
112
161
111
110
109
111
160
119
110
186
150
112
112
110
110
110
110
183
112
156
180
259
111
113
124
110
110
111
110
127
110
110
110
111
123
111
117
111
134
111
112
121
110
110
159
111
123
111
111
110
110
121
111
110
113
111
112
109
111
110
120
136
112
110
110
110
3856
168
111
110
109
110
172
112
130
108
108
131
108
107
190
115
128
147
143
111
229
124
108
108
110
108
162
127
123
147
113
116
117
181
149
133
248
154
128
132
113
249
113
124
110
110
113
135
122
160
111
110
110
111
109
109
121
173
124
111
110
124
109
123
276
134
111
116
112
120
212
169
109
208
421
109
129
119
108
108
115
208
179
141
111
112
111
119
167
224
132
142
157
115
137
158
202
129
110
111
111
111
110
159
111
110
232
165
110
121
246
171
120
154
118
139
144
112
121
111
112
109
146
116
123
114
108
109
115
108
108
189
208
108
108
541
109
128
116
268
109
108
130
109
108
115
108
107
116
108
156
107
178
107
127
106
116
155
272
119
141
114
115
155
156
111
142
248
246
135
129
113
114
118
110
110
111
184
121
111
111
585
111
111
113
119
177
112
118
178
119
112
117
110
136
158
119
167
112
131
126
132
134
107
163
106
106
107
115
107
107
152
135
143
112
116
232
115
108
106
107
178
117
123
204
109
108
107
132
109
111
119
114
106
121
108
115
217
115
108
187
215
173
624
206
141
200
140
155
126
194
116
222
137
107
150
114
107
107
107
113
108
192
116
120
107
106
185
259
108
107
107
107
116
162
106
107
117
107
114
107
107
115
131
263
119
120
108
111
150
106
116
107
143
147
115
107
129
107
630
108
108
109
114
107
111
399
108
130
118
107
107
106
114
110
178
122
115
213
248
199
168
183
128
119
110
255
171
124
130
128
111
110
110
109
195
110
110
110
110
113
111
117
174
110
138
112
111
192
111
109
110
110
122
111
110
113
110
111
117
108
108
107
107
120
107
106
107
107
122
108
128
255
113
252
108
108
3092
109
108
107
106
121
106
107
107
107
119
107
107
109
373
286
161
115
107
259
265
108
158
129
226
335
255
236
153
173
146
156
159
205
114
153
151
187
158
111
114
112
112
111
145
130
110
187
121
113
165
227
110
150
150
128
112
112
112
114
112
111
111
132
111
112
111
111
130
111
111
112
111
176
116
160
111
207
321
122
111
112
121
139
113
159
111
111
111
128
161
243
112
844
113
131
132
112
119
166
111
118
175
112
156
150
141
122
108
115
108
116
109
169
108
107
107
116
109
128
152
201
108
116
234
116
110
236
109
117
108
107
254
109
114
110
109
116
180
130
167
108
551
115
108
185
165
109
236
156
220
167
143
263
337
308
142
244
141
151
143
162
135
139
122
131
192
318
143
193
108
108
195
108
148
120
108
126
110
115
123
108
115
157
107
107
115
107
107
108
140
114
252
247
142
227
132
148
184
250
124
123
111
147
125
112
131
111
158
119
199
171
111
122
112
119
113
111
119
146
111
113
120
112
129
119
111
128
138
218
136
112
123
112
163
178
111
119
112
113
133
118
112
117
130
107
115
109
111
115
129
108
124
117
133
109
210
281
294
295
124
112
112
163
112
111
126
131
117
210
123
121
116
112
151
111
175
117
108
107
109
217
170
130
138
221
142
130
194
123
110
190
158
128
112
112
111
111
112
148
112
155
124
111
168
243
158
113
112
129
112
171
113
111
111
128
112
196
187
110
112
111
115
113
113
111
121
110
111
112
112
116
138
150
113
148
133
112
111
121
149
166
147
128
134
136
111
111
120
238
112
111
111
174
111
137
149
110
111
111
148
152
180
122
108
108
245
127
114
144
109
107
108
150
108
127
206
109
109
108
153
127
112
160
111
118
111
125
111
118
111
115
119
208
134
211
152
113
121
127
111
151
113
110
639
113
193
126
118
125
111
114
226
154
195
142
108
117
115
172
192
163
231
216
115
134
598
109
108
109
115
107
165
114
110
116
111
147
111
121
111
121
111
112
111
111
119
111
110
222
179
148
177
112
127
112
120
182
121
112
113
111
116
111
132
111
112
111
118
112
112
166
113
550
112
112
111
118
111
112
127
118
147
121
162
112
121
176
167
119
111
168
120
112
109
116
111
108
216
125
115
153
238
120
108
127
200
198
109
108
110
109
108
116
123
109
115
170
108
114
156
113
109
177
207
130
109
202
108
108
188
109
192
154
175
116
107
108
108
149
291
262
158
303
128
111
125
179
112
159
120
112
151
120
112
121
112
111
137
162
123
146
204
127
167
135
162
112
134
176
112
171
119
112
118
141
155
135
122
206
121
172
120
114
163
113
112
122
113
113
112
111
122
112
111
119
112
112
111
119
112
111
119
162
112
118
111
110
118
111
111
111
120
113
184
171
124
111
152
112
110
111
110
157
111
111
111
110
167
112
155
112
122
113
112
129
112
111
174
127
110
110
112
112
110
112
127
112
112
111
112
112
111
111
110
110
121
111
111
152
126
121
113
110
126
132
133
128
108
108
227
211
108
107
156
170
111
150
107
168
108
108
108
107
156
107
107
107
107
188
108
108
107
108
116
107
107
106
108
204
222
109
108
107
156
201
268
176
109
106
232
107
107
259
154
147
143
144
168
107
117
118
107
107
116
108
107
108
107
107
107
109
130
117
107
109
119
107
120
108
157
110
107
229
297
111
144
168
157
116
109
109
125
108
181
108
109
310
108
121
138
109
127
108
326
288
280
108
110
108
111
123
120
111
124
119
112
124
163
112
198
120
112
155
288
172
149
262
119
112
112
112
111
119
112
112
110
149
111
167
112
111
197
166
119
129
112
157
112
111
111
153
120
147
130
119
129
204
119
111
136
120
111
132
111
112
112
119
199
129
147
113
119
112
181
112
113
137
112
148
111
145
112
162
170
111
113
118
113
113
150
111
113
120
211
111
118
128
111
117
125
119
112
112
119
112
112
171
112
112
134
130
111
111
110
118
112
114
121
170
111
110
120
152
224
114
108
116
108
109
126
162
114
108
108
175
115
143
115
109
108
109
115
108
129
115
109
166
115
157
115
109
192
162
108
128
108
108
109
116
108
124
115
108
153
168
127
127
125
107
107
211
299
285
174
115
158
111
117
147
111
120
161
119
113
152
119
112
172
119
112
112
119
112
174
119
112
115
120
112
113
119
113
111
118
111
124
114
109
188
157
127
108
107
117
108
107
108
146
228
232
111
177
224
122
115
171
109
115
157
117
107
119
107
194
110
122
107
211
182
109
277
116
173
106
139
107
105
108
106
223
130
313
299
258
124
110
123
111
110
111
111
120
111
111
111
112
112
164
123
110
140
144
136
112
120
112
112
120
111
112
111
157
112
113
113
111
125
108
108
109
107
183
110
109
108
109
188
109
190
113
155
127
109
110
152
126
172
108
208
109
107
211
109
108
109
121
164
123
157
126
107
115
129
123
124
211
124
111
222
128
112
111
211
111
164
110
119
125
111
120
111
14195
197
180
217
174
244
140
125
125
202
126
125
233
265
326
229
127
166
180
121
158
120
222
151
120
120
120
163
133
120
119
197
121
120
120
120
154
170
154
287
150
126
196
209
120
120
120
169
140
142
238
334
205
195
139
125
125
170
139
124
125
125
206
170
126
125
135
125
124
126
123
233
124
124
124
183
125
124
161
259
143
253
132
182
178
123
126
124
172
124
164
124
124
124
133
125
124
123
140
191
150
170
149
158
125
124
124
125
168
129
131
270
538
345
125
125
279
210
125
125
139
123
124
126
123
185
124
125
124
127
161
168
126
172
125
124
123
123
186
124
123
125
134
132
124
137
124
125
130
124
160
125
345
138
124
125
124
123
134
123
124
124
123
125
161
125
123
132
123
125
127
127
127
126
125
125
127
151
1281
123
219
120
120
120
120
156
163
122
120
141
120
203
124
652
128
124
126
1210
194
124
123
123
146
149
133
1320
131
127
125
163
125
1201
130
2122
126
120
121
120
174
121
120
120
121
152
120
232
256
476
122
619
188
588
144
193
1790
124
122
122
120
120
123
121
123
121
173
261
1549
122
167
139
122
188
501
137
119
18446744073708560624
160
133
135
110
111
159
111
111
121
112
120
111
129
132
113
110
114
111
119
111
117
112
111
113
109
119
116
109
108
115
109
293
110
220
108
121
117
111
123
119
134
120
117
148
136
529
373
257
158
194
140
112
111
112
118
110
110
167
123
139
111
111
119
122
108
206
115
107
109
114
108
156
118
109
155
114
233
125
108
108
106
107
117
161
132
107
109
106
107
107
152
108
108
187
128
154
215
124
176
114
112
113
112
122
112
119
112
112
120
115
151
119
221
250
118
129
111
136
113
112
117
119
113
111
111
120
112
113
118
108
108
116
108
108
115
108
109
214
115
138
114
118
111
110
117
166
108
107
108
108
239
110
253
118
133
115
108
221
165
111
121
113
244
305
278
2463
112
111
110
118
113
182
191
240
111
110
946
158
111
111
125
122
116
114
122
115
129
152
129
112
120
112
112
254
114
130
123
108
116
109
194
148
123
126
111
112
111
139
114
108
116
114
107
107
164
108
116
127
107
107
114
142
252
155
153
119
107
108
147
178
151
168
131
164
148
155
106
113
119
108
107
107
107
153
107
106
106
107
171
118
127
107
107
126
144
105
141
181
109
135
214
132
110
115
110
109
113
154
113
109
110
111
129
110
110
110
111
127
152
122
112
124
133
111
111
112
171
115
110
111
176
107
106
109
237
162
108
113
183
133
109
168
108
110
107
115
107
117
107
107
106
107
114
162
116
121
245
128
114
161
116
134
288
124
132
117
120
169
116
149
116
179
115
109
157
119
110
109
114
123
195
138
132
116
108
116
108
108
108
107
107
227
141
1369
161
108
343
128
108
109
257
270
125
127
125
114
170
112
111
112
319
158
126
266
274
182
160
111
121
197
111
118
112
111
118
112
111
119
112
111
126
120
112
566
112
112
120
112
112
135
120
126
140
112
112
121
112
112
120
112
168
112
118
125
148
109
717
127
127
108
115
124
109
118
147
108
109
210
238
165
115
107
109
108
293
262
119
110
108
116
110
108
115
109
108
136
226
117
109
124
115
171
179
111
124
117
110
135
132
216
109
116
109
108
107
117
109
111
174
108
121
115
108
165
115
108
147
115
108
127
133
207
112
210
115
108
195
114
108
111
174
123
109
118
158
143
118
109
108
108
157
171
109
115
109
108
282
215
168
148
111
117
192
235
263
192
108
109
207
108
115
113
108
115
132
108
115
157
109
114
213
148
260
212
134
118
214
233
120
160
310
190
117
122
112
745
113
112
126
113
123
417
220
218
115
175
111
120
113
150
111
112
122
128
112
111
112
120
111
111
130
109
109
116
108
108
107
114
109
107
116
108
108
108
143
219
124
149
180
116
158
109
448
319
110
117
109
109
206
108
108
135
108
108
108
108
178
108
155
147
117
149
132
143
107
176
109
118
108
117
109
109
107
107
108
107
152
107
110
108
107
138
108
108
217
166
234
148
108
180
108
108
175
152
109
120
108
109
108
108
109
109
108
108
108
107
110
108
109
108
109
107
152
108
115
119
109
108
149
107
197
133
268
474
124
156
109
109
111
108
145
108
109
110
203
121
190
165
136
174
135
138
135
140
163
135
135
181
135
169
196
126
125
125
128
128
139
128
108
109
109
108
235
110
150
122
107
119
107
117
191
273
137
216
181
269
169
108
108
107
107
108
118
108
164
108
115
202
109
115
238
115
219
154
112
221
108
250
109
153
116
108
198
115
109
116
109
162
167
108
223
128
109
107
108
116
106
108
217
109
118
155
116
126
107
106
127
108
107
129
108
108
115
111
107
114
108
106
210
160
116
120
108
116
129
108
148
117
109
136
116
128
111
109
109
115
109
142
236
117
108
108
108
108
110
116
167
108
114
189
115
107
158
115
110
139
115
135
172
108
192
165
116
107
106
108
160
154
118
107
118
108
116
142
107
108
106
107
115
107
110
206
119
107
118
108
108
108
115
257
118
138
108
203
116
109
157
114
108
226
116
121
114
108
107
112
117
108
108
115
107
109
115
108
144
179
142
109
142
184
109
121
114
200
252
108
108
112
108
157
116
171
114
107
196
117
255
301
107
116
224
170
108
252
151
161
118
116
107
199
211
108
108
221
155
141
153
126
130
124
268
236
221
162
111
112
112
140
111
112
113
119
110
112
111
120
116
112
121
112
112
119
113
112
121
296
194
112
118
172
112
121
151
112
134
113
111
113
121
113
129
112
111
110
111
111
110
110
111
111
185
191
138
138
175
139
137
137
206
138
138
150
154
248
147
150
138
139
137
148
138
139
140
138
151
125
125
124
215
212
225
136
206
113
113
155
110
108
108
270
118
119
108
109
108
109
107
108
110
109
108
108
108
164
108
109
109
107
156
109
107
249
167
112
184
164
124
171
109
108
110
107
109
108
109
108
109
187
227
108
109
130
108
108
108
107
113
184
125
107
116
120
108
108
113
107
108
116
117
158
117
107
120
108
107
107
121
108
153
184
109
108
109
107
161
109
108
121
108
117
109
109
122
108
131
124
180
108
107
113
143
292
204
108
153
108
115
110
109
541
109
107
108
115
106
107
203
107
221
109
115
142
107
218
115
121
107
108
106
116
107
131
108
117
107
106
114
106
106
194
115
108
114
132
107
128
115
141
109
167
126
151
143
107
128
116
108
108
129
108
106
173
237
169
121
116
151
148
116
106
107
118
108
109
107
116
107
856
175
127
152
119
115
108
107
140
287
206
112
116
107
107
156
113
107
119
116
108
132
331
141
114
108
181
115
108
147
107
107
169
107
173
109
110
108
142
169
175
165
233
142
202
118
112
111
109
107
107
174
159
108
175
133
164
115
109
161
116
109
114
110
108
116
116
110
194
119
112
120
112
111
119
138
112
121
161
251
137
112
112
113
120
136
111
120
120
125
111
110
132
112
112
178
113
114
193
108
115
153
107
114
136
108
148
108
116
164
108
114
151
158
108
114
108
108
108
115
108
109
164
109
107
114
108
107
114
108
123
107
107
207
108
107
121
108
109
107
136
115
134
107
116
173
155
117
162
120
131
116
110
171
109
115
194
117
108
110
116
108
110
115
108
227
114
107
136
189
116
170
119
112
112
112
160
112
108
107
107
108
123
112
111
111
171
111
111
112
113
120
112
111
111
112
112
111
111
139
134
113
112
111
111
121
112
112
112
112
121
111
111
144
112
122
156
120
135
248
112
194
176
127
121
108
212
107
109
210
109
109
108
171
109
108
113
109
154
108
108
109
109
186
109
107
109
108
210
121
111
236
109
108
108
139
115
108
257
215
124
296
277
287
133
110
108
170
108
253
124
110
108
150
126
110
116
109
109
115
109
154
109
119
109
192
108
108
107
106
191
107
107
108
201
121
221
179
110
122
136
137
117
108
110
108
108
156
118
157
108
146
758
189
115
125
197
114
111
136
194
278
191
109
194
110
111
111
111
117
112
111
118
115
113
120
143
247
121
141
120
113
112
139
115
119
113
112
126
120
113
127
119
112
125
174
109
155
116
109
109
116
109
114
110
109
197
165
207
137
128
109
116
219
117
206
109
119
139
115
110
195
264
116
110
108
109
117
211
110
111
129
109
108
109
155
113
151
121
208
109
109
295
282
144
116
110
108
115
111
108
117
110
109
813
110
107
4986
110
187
115
126
108
108
163
117
191
114
109
110
116
191
116
108
110
118
115
109
108
129
108
108
182
108
116
124
109
116
109
108
172
141
108
109
108
116
109
108
115
179
1115
123
112
111
111
120
112
112
143
144
112
159
120
112
116
118
112
112
118
111
112
118
113
126
4348
110
109
162
146
108
110
108
115
109
109
109
133
108
108
115
109
107
107
116
5195
434
138
109
108
134
109
170
110
109
109
109
119
109
108
112
112
114
114
187
113
126
113
112
120
112
108
109
109
165
108
140
109
196
212
279
150
109
109
201
139
109
108
110
108
109
109
108
108
119
108
141
109
108
108
108
125
108
108
107
109
148
110
108
108
264
183
175
124
112
111
255
213
274
219
176
133
149
120
114
156
119
122
122
114
123
127
118
110
109
109
108
108
117
109
109
145
120
110
175
108
144
111
118
109
222
117
109
182
108
109
113
116
110
139
225
190
113
114
129
113
121
243
240
110
108
117
110
109
186
174
112
119
113
113
119
112
112
120
112
259
190
148
113
143
196
149
121
113
112
110
119
111
164
119
110
111
115
108
107
107
115
109
106
114
108
111
108
117
108
107
144
143
108
115
179
109
151
107
114
107
108
143
116
108
116
109
107
438
123
109
116
116
108
108
107
117
109
127
110
108
141
112
158
126
112
161
112
236
259
111
113
112
112
112
124
111
121
112
112
125
182
113
537
113
113
118
111
112
113
120
143
111
120
125
112
136
114
112
112
120
113
112
111
120
123
138
172
110
162
115
109
156
116
109
116
109
108
204
141
109
120
110
108
108
108
107
116
110
132
108
116
216
115
109
158
115
109
121
117
110
108
115
108
110
211
199
117
142
109
162
108
107
218
131
324
290
112
118
163
120
124
111
119
125
112
111
169
112
111
168
111
119
114
114
110
145
113
110
110
121
111
112
117
111
116
112
119
241
256
131
117
167
125
119
109
149
115
108
108
108
115
108
182
107
116
112
107
107
116
107
109
108
114
115
120
107
107
107
116
108
143
117
108
107
107
156
128
111
135
116
116
140
115
114
116
3056
222
183
109
144
250
217
162
109
109
109
160
109
109
108
108
219
109
108
109
126
192
133
124
189
119
135
127
109
109
108
108
154
109
108
109
109
153
109
109
110
109
193
109
108
109
109
129
108
108
107
108
123
151
108
108
143
275
265
263
241
111
110
126
109
139
224
326
237
144
112
111
113
132
224
110
112
119
112
111
130
121
113
121
113
120
122
160
113
112
113
112
112
113
212
129
112
127
109
166
120
109
117
125
108
131
199
113
134
117
121
112
111
111
276
274
246
137
118
112
181
119
111
118
112
112
161
121
112
119
205
284
118
128
119
112
112
133
186
112
118
125
111
120
125
112
118
111
113
115
109
111
114
109
121
115
109
158
115
109
140
154
109
117
109
184
115
109
126
107
149
142
115
203
114
122
108
228
132
116
125
108
116
225
145
116
141
115
109
211
156
112
140
129
115
111
107
230
230
111
108
144
108
115
108
158
109
115
109
108
156
115
109
138
115
214
118
212
111
182
113
129
162
126
109
219
115
108
131
202
109
108
108
107
115
108
122
108
118
107
116
107
107
152
114
202
114
109
197
118
110
109
116
109
109
114
108
191
114
109
192
115
107
116
108
107
116
108
108
114
108
107
180
173
165
138
116
120
112
111
112
112
520
167
109
190
120
112
113
119
111
114
119
197
112
119
170
119
112
186
118
221
142
113
111
138
112
119
111
112
125
120
111
124
118
121
237
121
137
133
169
108
109
117
109
108
108
184
109
108
174
126
108
107
108
116
109
108
108
114
112
178
115
109
158
150
108
203
115
108
115
113
108
115
109
108
146
278
110
120
108
297
269
262
269
118
108
109
108
108
108
171
108
109
108
107
189
107
108
108
118
113
111
141
135
131
123
107
189
120
144
106
108
107
157
109
108
109
107
180
126
135
108
107
108
108
192
129
108
155
149
110
108
123
251
108
109
108
108
120
108
148
109
108
110
108
108
108
107
108
109
108
108
108
142
109
110
108
108
159
155
185
125
179
110
109
108
108
125
109
109
116
115
180
145
158
126
109
109
108
117
108
110
109
110
109
109
125
109
109
118
118
138
121
170
194
122
109
160
110
110
114
108
162
115
214
141
165
109
109
221
109
119
108
116
110
191
211
121
141
110
116
108
108
198
284
116
158
109
109
108
118
110
108
110
116
115
108
221
115
108
206
111
116
262
112
204
114
166
116
109
108
115
109
133
108
119
116
161
161
108
116
108
108
128
109
108
236
109
115
177
115
138
180
141
108
136
109
211
116
110
195
115
110
115
108
109
115
128
199
119
108
210
118
161
108
606
196
176
803
178
122
176
108
215
234
117
108
108
130
133
112
114
110
201
121
113
110
254
112
112
153
111
110
113
120
113
160
176
167
121
173
112
109
242
584
112
123
113
162
155
118
112
111
119
113
110
110
121
111
110
117
166
143
119
110
182
133
119
238
111
111
130
108
107
127
108
108
128
108
107
221
120
106
203
192
151
118
108
107
128
108
128
107
166
117
107
108
106
107
169
109
116
116
107
116
108
107
116
128
107
115
176
108
115
161
116
108
129
201
109
107
109
107
115
134
119
108
120
107
116
194
149
108
192
144
108
193
108
262
115
108
107
129
107
162
110
227
107
109
107
173
147
173
107
107
118
107
162
108
108
108
107
188
107
107
110
109
189
107
174
110
188
163
123
108
107
107
240
113
122
108
108
185
107
107
107
108
149
107
106
106
107
194
108
110
108
226
108
107
107
134
120
109
107
108
109
188
121
107
108
109
108
107
107
107
108
154
133
108
108
107
108
109
140
109
107
114
163
170
153
264
108
107
108
108
208
108
108
150
108
122
109
108
119
106
106
108
222
109
108
107
136
199
235
286
117
108
258
246
121
110
119
193
108
1328
148
161
108
108
164
220
2007
108
125
119
108
108
107
108
109
135
108
121
127
127
1026
110
109
108
106
107
117
106
118
131
107
107
112
107
115
108
106
106
163
108
107
219
108
302
153
147
145
107
113
107
234
259
116
125
107
108
114
106
169
114
199
190
139
749
147
896
110
222
107
178
119
183
108
115
108
107
114
107
106
325
118
167
108
116
107
107
114
109
108
140
116
124
115
108
129
108
175
145
203
597
108
108
108
190
108
107
184
117
108
108
107
116
132
107
678
108
107
114
268
802
132
108
131
212
265
274
115
177
118
107
190
114
108
120
114
108
152
214
1401
108
162
133
109
147
115
108
179
237
144
181
130
122
129
112
107
118
116
373
122
142
165
144
108
115
183
136
178
257
128
117
261
202
107
166
107
183
110
119
118
112
123
118
111
212
118
112
192
113
118
113
121
111
121
110
119
205
3775
196
108
141
124
108
107
186
142
107
108
109
170
129
245
147
209
121
108
128
109
120
113
186
175
111
112
111
111
114
121
111
209
121
112
116
122
123
116
112
237
120
125
177
149
121
114
130
127
128
116
121
109
107
108
115
108
107
114
109
109
694
113
128
108
117
108
128
274
250
113
115
159
109
114
111
123
114
115
108
108
162
107
149
109
148
115
110
108
132
190
109
118
202
108
118
107
109
123
115
108
155
116
131
115
157
107
115
106
107
141
106
115
108
107
136
216
221
111
158
108
107
199
124
108
107
162
121
108
109
392
113
124
108
108
109
130
109
116
116
108
107
259
207
112
147
231
115
165
198
151
108
108
131
108
115
153
107
116
175
110
115
196
115
109
159
254
109
158
108
170
112
150
116
108
149
108
108
117
110
182
107
116
108
108
157
116
113
113
115
109
192
116
109
133
261
148
108
195
117
110
108
107
109
150
108
116
108
108
216
259
138
172
173
160
114
115
114
190
142
112
173
162
113
117
120
124
111
179
156
180
148
131
113
114
132
130
114
121
115
115
114
129
141
112
603
112
111
129
119
125
111
119
232
167
112
155
142
156
111
112
125
112
113
119
124
108
107
117
108
108
109
139
109
144
108
263
142
109
108
157
108
108
108
108
152
108
107
109
109
118
107
109
114
123
187
108
107
107
106
286
110
168
107
125
142
131
141
115
116
114
124
157
121
111
200
111
112
117
111
156
111
110
109
181
110
110
110
110
153
112
114
111
111
120
121
111
122
112
130
565
112
112
116
112
113
110
111
112
111
126
217
109
112
132
127
132
233
116
120
108
114
211
108
118
110
164
249
128
147
122
254
163
235
108
107
107
148
108
117
111
198
108
221
117
116
166
153
123
108
112
107
210
109
109
116
145
184
274
108
109
208
107
107
205
108
140
134
108
279
128
275
188
117
200
181
135
108
109
185
109
107
117
108
108
186
107
202
109
118
109
116
109
113
128
619
112
112
111
227
214
221
108
130
108
108
199
157
108
115
124
107
166
109
805
241
115
145
148
131
107
108
107
108
165
109
107
196
109
115
126
108
116
191
117
108
129
108
117
116
238
143
212
109
151
177
116
232
133
172
108
108
110
181
186
1684
121
107
108
169
108
108
166
108
107
137
164
111
161
150
111
126
162
667
131
243
108
107
123
119
113
110
125
112
141
185
119
125
179
172
126
128
122
110
143
112
158
119
111
118
112
158
111
111
119
111
122
115
108
107
118
107
192
116
108
202
115
107
144
116
610
149
186
116
108
121
115
108
128
175
107
114
108
108
108
198
165
108
115
156
107
116
113
107
115
149
108
128
206
171
127
112
122
110
112
306
222
168
108
129
143
112
119
119
112
113
120
112
113
118
112
116
140
111
112
112
123
139
114
192
112
112
108
108
113
109
108
108
109
131
108
107
108
211
109
108
106
107
207
108
107
108
108
145
124
119
109
107
108
107
133
107
109
108
108
152
108
109
108
108
224
125
108
112
157
172
149
153
116
186
114
143
111
203
132
112
112
374
284
195
127
112
112
113
140
113
114
172
112
113
144
113
127
112
112
122
175
132
112
134
113
132
112
113
162
120
176
118
109
287
134
146
109
147
130
120
109
122
111
161
120
110
142
110
110
130
108
157
109
122
111
130
128
201
285
122
157
124
112
179
113
127
121
126
114
113
134
113
112
238
113
123
153
127
127
114
131
121
112
112
113
121
168
114
119
114
112
117
110
109
123
116
110
109
116
110
773
224
112
110
192
170
108
118
110
109
115
109
185
122
108
128
109
109
148
109
118
141
110
116
110
141
115
197
117
109
224
117
125
121
160
157
202
113
113
223
230
227
116
168
192
337
253
197
140
138
150
156
175
223
156
150
125
499
1512
129
224
195
8119
178
150
109
108
108
109
109
109
109
293
242
151
190
108
109
109
109
163
109
167
108
222
138
209
109
120
140
165
116
108
187
116
109
171
109
232
117
110
124
116
158
115
109
108
137
109
226
114
109
148
132
158
109
129
160
108
115
134
109
199
122
108
129
109
108
183
123
228
110
108
108
116
110
109
117
109
108
108
113
137
792
108
219
130
116
109
109
109
202
163
289
117
109
108
109
127
107
107
108
112
132
114
114
266
109
180
110
109
115
121
109
109
133
108
181
145
111
110
109
109
112
130
130
109
109
120
110
109
119
130
110
120
110
111
121
111
110
113
108
110
164
154
118
109
109
109
110
108
108
111
108
119
109
109
110
110
209
109
109
132
109
108
139
122
139
174
128
135
127
109
509
109
108
141
169
109
110
219
211
139
236
181
153
109
108
152
179
124
113
117
113
117
113
122
162
115
123
159
114
122
113
159
323
124
122
174
113
121
165
124
113
112
121
112
113
112
195
136
135
138
115
113
119
117
111
111
109
117
110
201
122
109
785
116
168
291
119
109
109
110
109
116
113
118
119
109
108
129
109
109
294
144
127
115
109
202
118
306
217
108
109
178
117
119
129
108
127
108
108
169
110
108
903
208
112
130
116
161
110
197
110
115
113
115
119
113
114
122
113
135
121
253
154
120
114
111
593
115
112
112
133
108
109
118
109
108
117
109
108
107
175
109
108
222
205
113
108
109
107
140
112
114
171
118
116
136
117
115
112
112
111
113
114
108
172
115
109
109
107
170
195
132
108
110
131
108
108
132
143
210
131
196
161
107
107
124
110
108
147
108
109
125
187
164
157
119
108
108
110
108
127
108
182
108
108
109
108
119
145
119
136
109
108
124
117
110
109
114
15627
112
117
137
108
226
109
186
117
110
109
169
117
109
227
222
141
109
165
116
110
248
116
124
108
108
169
110
115
161
137
196
110
115
118
110
137
109
108
116
124
109
116
122
166
184
109
109
108
223
233
273
131
109
108
108
116
133
110
183
115
109
108
114
109
229
119
110
145
146
108
109
130
146
110
112
118
115
108
156
115
113
111
119
116
127
194
319
113
112
182
113
139
194
131
129
120
273
149
125
109
124
110
300
354
184
173
124
117
154
120
218
144
148
168
140
796
138
141
147
146
263
222
136
142
145
135
136
136
187
132
200
130
115
108
108
107
116
118
111
109
108
148
109
109
241
109
117
123
171
108
1278
209
108
171
109
108
109
130
115
109
109
108
127
118
125
243
117
183
174
109
107
118
108
127
108
211
108
108
107
107
125
107
107
108
155
147
107
107
155
227
153
175
108
223
107
109
163
108
107
107
107
124
177
197
119
160
141
107
108
257
270
2312
112
110
111
110
156
116
110
122
127
142
112
130
110
109
107
182
167
136
249
142
108
1742
109
123
107
134
108
133
108
127
251
122
109
1530
370
109
112
108
148
108
108
107
107
111
116
164
113
157
117
893
197
134
778
108
168
184
108
109
121
108
117
109
110
109
108
138
196
117
108
200
140
157
208
111
196
166
242
322
147
152
126
178
113
118
113
111
123
130
122
113
112
112
119
134
111
135
111
118
121
121
126
195
121
107
108
261
209
146
227
238
151
134
134
143
164
154
140
143
142
136
135
217
124
144
273
139
135
135
1175
287
422
155
169
113
120
139
115
238
143
211
127
143
115
125
107
114
107
108
203
114
108
109
115
108
172
118
107
115
214
114
108
144
116
108
126
201
229
129
107
137
115
123
108
108
116
109
108
107
114
107
107
199
160
128
188
246
127
121
116
116
117
149
127
117
227
142
117
118
119
108
121
114
112
110
153
175
108
108
145
112
252
188
175
175
216
131
110
135
108
198
127
108
107
117
194
132
121
150
109
152
108
109
236
226
123
112
125
112
147
128
111
168
114
139
181
118
121
127
116
128
111
112
148
118
110
109
109
107
108
120
108
108
125
109
137
118
108
120
117
108
114
108
282
158
147
203
194
424
169
112
205
121
145
112
121
130
112
120
112
157
193
109
108
107
109
109
137
149
108
108
117
109
108
135
152
162
132
188
183
115
109
109
115
109
175
115
110
110
142
124
217
108
149
121
160
107
132
181
137
254
284
261
168
108
115
123
108
117
174
116
115
121
115
268
118
109
188
122
112
108
125
116
109
109
115
109
114
129
108
115
150
153
112
192
129
114
112
194
136
115
201
118
141
119
140
168
136
118
278
141
111
148
111
110
110
110
119
110
172
124
111
119
200
111
123
134
134
128
111
111
117
133
120
119
108
109
107
200
108
195
108
254
153
108
120
107
107
123
108
114
108
107
114
108
108
117
203
115
106
127
207
134
180
174
121
107
106
108
109
108
130
111
168
113
119
110
147
121
112
111
112
170
111
149
129
111
110
122
108
109
107
108
118
108
188
108
108
107
107
175
142
143
108
108
143
114
107
127
108
107
108
164
107
109
107
107
139
162
115
114
184
127
110
112
112
111
171
177
1333
111
110
111
111
112
110
111
111
111
152
114
135
182
150
113
124
113
117
109
135
111
169
108
188
107
118
109
107
108
110
107
113
114
142
111
151
115
121
131
208
132
114
117
126
112
112
123
137
113
110
141
113
112
120
186
114
120
112
113
136
113
112
120
111
115
118
113
130
129
109
110
109
118
110
168
162
131
198
117
142
109
128
133
113
109
108
114
178
110
117
109
110
116
108
129
109
109
127
229
108
116
110
108
183
122
116
212
133
285
120
245
115
194
112
203
161
133
283
243
210
119
112
111
112
112
112
135
169
113
151
120
113
124
151
112
166
168
128
169
157
119
112
111
112
118
129
114
118
111
143
124
112
118
111
112
126
118
113
174
120
115
179
112
112
162
120
146
122
114
112
112
120
111
174
112
119
113
111
116
109
108
114
109
108
124
115
109
109
117
109
109
152
180
120
111
206
116
109
111
219
269
116
165
163
136
225
193
108
107
126
117
173
126
186
109
119
119
109
130
200
131
109
163
111
122
124
113
113
134
113
143
150
169
112
120
113
184
112
184
113
119
137
180
210
113
113
135
113
112
119
113
113
111
116
108
109
127
110
148
133
167
116
109
109
171
160
233
122
159
151
113
111
113
161
148
125
111
139
125
113
114
113
2495
114
112
118
112
111
119
147
108
119
110
109
137
108
144
149
203
250
1598
111
1366
110
110
111
134
111
114
107
123
107
170
108
205
157
117
172
112
112
112
158
239
204
108
108
108
109
172
111
177
113
112
113
119
113
114
143
138
112
164
207
135
4150
124
112
112
111
112
121
127
211
116
134
113
113
132
113
155
139
115
108
133
116
122
111
116
196
119
202
173
123
114
132
2563
128
114
113
122
114
112
113
123
113
112
153
112
120
115
111
113
121
113
113
114
178
110
110
155
111
110
135
110
109
222
131
135
292
114
118
110
109
109
212
111
111
111
203
248
117
110
113
116
111
113
146
117
216
183
285
147
177
113
119
112
113
113
120
113
112
144
178
112
177
188
134
119
119
113
530
163
111
267
188
201
109
109
118
169
108
181
108
150
140
108
218
108
122
143
109
164
110
110
121
111
176
146
1385
111
108
109
108
176
235
113
119
109
199
150
154
131
135
157
142
110
633
110
109
108
152
111
160
108
155
113
113
154
171
161
112
112
112
112
120
113
157
111
111
155
113
121
112
111
111
112
120
112
259
112
156
174
138
109
146
110
109
157
110
155
123
175
594
133
234
114
108
123
110
108
122
108
108
109
160
126
108
108
129
108
232
124
109
108
191
122
109
118
194
119
150
110
177
110
109
109
222
149
215
113
190
110
195
119
110
118
127
110
116
123
109
219
150
119
110
119
203
110
150
109
116
110
109
110
317
178
158
127
110
116
110
215
277
278
141
166
109
112
133
112
120
127
111
119
113
120
119
173
113
120
113
145
161
126
194
199
113
122
113
112
113
129
121
113
114
112
227
109
108
129
109
109
184
110
115
200
108
115
252
145
151
123
130
110
108
109
166
109
109
167
110
116
122
109
116
109
110
172
139
166
108
108
120
108
186
143
170
112
162
108
157
108
138
219
269
118
110
110
157
109
109
653
114
109
108
109
116
108
109
162
117
109
151
155
192
274
116
107
118
108
113
108
109
115
107
579
108
108
129
116
131
108
116
166
108
118
108
107
106
117
109
161
114
126
121
112
148
120
112
178
121
112
111
121
112
111
113
186
126
109
192
109
108
108
141
125
109
109
108
109
145
144
1068
170
113
149
109
111
175
167
109
109
109
119
118
111
110
117
179
115
108
167
115
108
566
108
107
251
115
227
115
185
172
108
116
109
109
108
114
108
120
121
107
109
108
709
108
217
107
116
172
154
214
149
117
119
190
171
124
116
110
286
117
588
110
109
157
110
115
156
108
116
120
109
134
109
108
108
108
158
138
108
235
108
108
109
108
239
254
275
123
109
108
108
108
137
108
107
107
108
108
109
108
145
119
158
180
120
145
121
133
141
108
153
196
161
126
108
109
109
108
107
207
149
208
109
107
134
109
107
107
142
117
110
108
109
154
214
108
109
107
108
132
132
113
173
113
110
110
110
157
111
109
111
112
121
111
122
148
111
192
188
124
110
110
109
112
112
258
125
122
119
112
123
121
111
110
109
110
112
111
137
154
2925
127
111
111
155
111
130
253
119
130
160
152
192
111
205
227
110
108
108
108
108
118
1157
176
699
121
109
118
109
120
180
107
108
120
107
109
234
277
196
154
207
123
110
132
120
113
110
159
119
111
111
119
112
132
122
112
111
148
116
256
114
131
140
113
112
124
117
108
107
108
168
116
109
124
116
211
115
108
181
115
109
221
254
706
109
109
108
107
117
108
108
108
115
108
107
116
108
111
107
115
108
108
141
131
261
115
131
164
161
112
208
116
108
109
168
216
267
231
116
107
179
115
146
114
107
166
114
108
107
117
107
157
116
107
192
115
108
160
166
106
107
126
107
107
115
109
109
231
108
109
338
109
118
108
149
183
107
107
135
111
113
118
198
184
115
108
191
115
107
302
239
114
107
193
179
112
111
118
111
110
110
121
155
171
110
111
119
112
150
195
112
118
117
159
110
120
112
111
119
113
111
110
145
108
484
141
107
108
115
108
108
135
109
109
187
144
119
141
194
109
152
108
107
115
109
109
115
108
109
117
107
107
116
108
106
114
109
107
107
136
107
119
191
116
108
107
107
162
118
304
115
237
115
108
109
115
107
167
114
107
179
114
174
183
108
182
116
108
114
108
107
178
114
107
239
178
112
185
123
148
144
162
110
111
110
111
111
112
113
111
111
113
112
112
138
111
110
111
111
111
110
109
112
120
111
112
111
124
111
4197
108
107
108
119
108
107
108
108
108
108
107
108
6368
118
116
116
1591
129
267
248
140
112
160
159
286
300
216
135
113
112
130
113
180
112
112
116
235
143
108
135
231
108
108
257
153
109
118
109
128
113
119
114
112
1331
146
156
112
122
190
112
158
113
112
112
229
153
131
127
202
2402
110
111
155
1078
191
110
122
112
111
243
408
113
113
120
113
112
119
120
149
112
145
174
217
113
151
122
126
120
128
114
150
411
127
111
110
119
108
117
110
265
108
188
109
116
207
188
162
220
165
109
115
131
816
109
160
108
116
109
109
118
158
110
116
109
109
158
161
290
118
109
118
110
345
118
111
255
110
294
217
127
117
171
112
119
116
111
119
113
112
120
114
112
120
150
113
122
112
120
178
159
133
133
111
112
131
112
112
181
113
168
166
111
257
126
134
151
109
166
107
117
126
108
136
116
137
110
116
108
108
530
109
108
108
115
110
108
117
109
108
121
116
109
594
109
109
194
117
110
116
109
140
116
176
234
126
127
266
142
167
228
731
119
121
112
112
114
121
114
123
143
116
174
116
110
584
111
110
145
146
216
135
16013
139
266
126
113
116
160
108
106
136
118
159
140
108
111
151
117
109
114
113
116
135
112
134
110
118
148
108
126
108
108
108
107
109
117
109
120
115
110
110
110
187
222
112
176
126
159
131
112
113
111
130
228
190
112
113
129
140
112
112
122
132
164
118
112
121
113
129
112
123
109
109
337
114
108
113
113
117
129
3170
117
110
126
132
161
110
108
144
149
129
128
196
155
120
175
397
124
153
148
112
111
162
133
122
185
112
112
114
114
205
114
118
124
118
109
121
143
230
119
108
108
109
109
117
109
117
110
109
180
138
150
108
197
170
220
156
113
112
112
113
149
310
239
112
111
112
131
113
113
113
120
112
115
134
156
124
114
145
161
111
119
126
113
120
125
111
165
117
110
132
145
109
108
115
110
179
117
143
115
117
109
110
108
116
110
108
115
114
114
109
116
108
140
108
235
113
149
150
110
109
119
131
233
126
127
108
109
121
112
113
112
122
119
112
113
179
204
112
120
156
112
112
121
111
156
119
111
111
132
109
108
110
115
108
108
116
176
148
213
158
115
108
121
115
109
157
117
108
156
116
109
118
109
109
159
115
108
116
201
271
176
191
129
120
167
232
132
116
116
130
116
168
114
185
172
118
117
108
149
108
107
109
115
160
108
115
180
147
202
137
157
109
107
118
109
155
107
109
142
114
162
127
176
108
107
108
110
270
148
131
113
162
119
112
112
111
111
150
113
111
175
242
111
238
117
112
112
111
113
113
114
137
122
118
111
110
111
122
109
112
107
116
109
157
107
108
107
109
117
106
108
108
108
108
160
108
129
109
207
110
108
111
108
109
155
112
138
129
108
216
125
143
136
161
111
118
122
112
143
112
122
113
112
112
113
109
109
147
113
108
118
108
138
117
170
118
108
118
109
118
166
117
111
110
109
336
111
119
109
109
160
190
134
110
107
116
111
110
141
109
186
109
108
109
223
230
161
109
218
120
117
112
109
214
136
119
109
108
152
117
147
136
119
126
108
123
109
109
109
115
108
108
122
108
116
193
172
132
110
116
109
111
117
158
107
108
209
110
119
283
113
135
112
112
114
113
121
113
112
119
115
111
111
139
113
159
131
112
213
163
175
113
654
120
112
112
113
115
110
109
116
223
126
117
108
215
122
327
180
121
109
109
109
116
109
110
131
109
108
115
132
153
118
109
155
116
109
116
115
110
180
155
136
297
128
115
112
111
223
330
118
144
118
120
157
107
160
116
109
124
119
109
181
108
109
116
113
108
163
160
187
187
131
150
108
126
136
113
232
109
141
112
159
154
108
109
108
108
188
127
191
244
129
108
122
154
118
123
174
113
184
111
111
112
170
110
110
110
112
166
127
113
111
123
122
108
136
108
154
108
109
118
167
219
172
112
203
224
109
125
134
188
126
124
140
235
218
246
159
136
162
126
113
169
145
126
112
169
134
157
369
151
165
209
121
113
120
113
113
125
113
120
112
111
112
112
181
117
111
135
109
110
118
109
107
115
151
111
190
155
159
109
109
108
352
178
108
109
109
114
109
157
129
116
109
109
148
159
114
110
230
259
110
187
127
108
109
108
110
110
117
157
110
109
172
314
131
113
226
135
110
124
153
110
203
172
112
196
119
131
145
126
125
126
112
134
188
133
304
199
126
112
112
176
111
111
186
112
111
151
116
133
125
806
145
115
110
109
133
141
156
118
110
109
179
110
176
161
109
132
119
110
188
108
109
109
115
109
109
207
205
625
113
114
186
152
132
149
110
109
162
218
136
162
169
109
109
109
130
251
286
208
160
134
113
111
112
111
111
114
112
113
122
110
111
119
111
112
111
156
140
112
112
148
112
119
112
126
113
120
113
113
119
113
115
117
159
110
114
178
115
109
160
115
108
258
151
147
180
111
113
122
125
120
112
109
109
109
153
108
107
107
108
117
109
107
108
110
108
113
109
108
108
188
137
108
109
232
147
286
210
108
109
109
110
152
109
110
108
108
203
109
109
109
124
110
109
246
126
107
226
171
128
108
108
118
108
107
107
108
109
147
108
142
108
109
121
160
123
110
139
121
177
110
115
146
118
109
164
126
139
109
110
110
113
120
108
110
180
172
111
133
111
323
119
107
107
107
117
117
108
245
107
107
108
107
180
165
107
175
168
341
195
115
107
123
116
176
114
108
223
113
108
114
116
109
125
115
106
123
115
108
175
123
200
160
123
107
180
114
107
115
142
107
172
107
107
196
107
115
175
108
114
181
115
662
108
155
125
115
108
286
151
135
108
161
116
127
149
298
196
108
167
115
223
114
107
150
113
107
156
114
107
186
115
107
116
115
170
149
140
109
156
196
107
127
107
107
205
204
169
109
109
129
106
109
181
107
117
107
112
114
203
115
190
110
116
109
108
591
108
107
107
115
109
108
115
106
107
107
115
108
107
600
109
107
138
115
179
106
114
192
404
120
185
140
115
107
106
106
258
322
160
116
124
119
111
112
117
110
110
118
111
115
111
117
112
111
120
109
125
110
111
111
110
171
110
132
112
111
129
118
109
119
114
106
108
118
107
135
120
110
110
131
113
126
114
222
118
157
165
114
116
147
114
112
114
135
114
154
127
149
139
119
115
114
113
112
120
113
132
113
112
190
111
111
111
164
111
112
123
120
223
109
109
109
108
126
107
108
109
218
188
116
109
110
117
140
110
109
108
109
150
121
109
119
187
113
215
244
110
109
111
132
109
108
109
109
185
108
109
108
108
120
108
157
126
187
117
190
112
108
107
123
108
110
113
108
108
108
107
125
109
108
108
154
106
106
107
107
111
114
249
187
116
116
113
143
153
136
108
111
161
122
158
111
117
156
112
111
152
165
192
129
111
122
111
110
112
111
174
185
614
109
112
108
126
109
1709
108
144
108
1222
109
186
119
132
111
246
108
109
109
197
119
208
108
109
121
269
216
139
119
203
108
110
109
317
249
115
175
108
109
108
114
109
129
108
114
150
118
109
116
213
119
287
118
170
110
636
110
110
110
116
140
128
118
111
109
629
109
108
132
108
109
141
156
144
145
155
110
144
183
125
109
109
116
146
130
109
116
108
3439
133
108
5517
238
122
137
208
119
113
112
112
113
121
133
113
119
163
118
120
115
111
133
118
112
112
177
112
114
109
108
127
149
168
119
192
108
109
120
108
109
107
107
109
110
115
110
159
109
109
128
109
108
109
116
149
133
163
124
148
154
120
159
216
293
334
177
113
118
112
119
113
111
111
119
113
112
119
116
112
122
193
113
133
111
112
131
111
112
119
109
119
116
109
118
110
