30794
2201
1022
865
838
1068
913
832
953
869
889
2767
6771
950
853
1332
1557
3472
902
889
1045
1403
3929
840
796
884
871
970
885
905
2309
891
1028
815
4864
1645
838
943
833
830
990
876
1254
3769
2622
2665
3780
2382
812
801
2386
1059
922
1566
1630
3508
866
899
1148
1070
831
830
2962
914
871
1181
10252
1766
3549
4544
1025
968
792
827
4853
1080
1184
2520
2026
2323
1649
3044
1827
3550
1959
965
1206
2101
885
1847
2141
983
1948
4199
3116
2290
3172
876
843
2929
1165
905
883
1574
1363
978
1310
1493
1360
1507
1203
1374
1207
1641
1511
1226
1416
2010
1233
1333
1252
1238
1280
1506
1445
1579
1625
884
1352
1329
1478
1184
1227
1130
1175
1229
1299
1383
1561
1722
1904
1231
1252
1181
907
1337
1295
1193
1328
1280
1451
1531
3611
834
799
795
811
824
796
2592
976
925
2618
843
818
826
1497
936
4014
3605
1127
4125
1499
788
2269
2952
1964
2334
899
1771
852
881
1472
1448
1186
1396
1376
1256
1582
1381
1671
1726
1384
1355
1168
1182
1427
1361
1633
1452
1230
1165
1248
1515
1875
3108
10597
1449
1470
1054
1143
980
894
1642
950
879
919
940
883
890
970
880
946
1114
881
894
1001
843
814
877
892
990
1011
1141
834
800
799
871
791
838
868
835
1030
978
942
1779
9326
3407
1245
2768
1515
896
1270
894
817
795
879
847
942
1025
1009
1076
1842
951
843
859
821
861
859
857
822
860
843
852
830
891
830
18446744073708552460
912
1001
942
1004
1085
890
871
837
851
1052
855
883
804
1125
964
834
1620
931
2848
811
870
903
1150
927
841
835
918
968
852
786
885
919
1008
975
800
1101
837
811
933
803
839
793
926
1179
1029
1187
1485
848
885
886
870
885
949
1089
949
876
904
888
810
858
799
795
869
926
1257
978
908
836
883
872
1003
929
1079
938
1029
1006
849
1559
1002
882
849
850
863
855
877
1060
919
948
963
803
1077
795
964
841
914
1050
927
878
895
856
909
911
891
925
909
796
1221
1019
1002
1510
1237
806
870
799
834
851
1053
920
894
918
904
860
805
1019
9030
1258
1083
6212
876
823
1751
1832
2530
816
820
1454
891
1159
1237
1514
1551
1431
1270
1182
1285
1221
1258
1465
1416
2211
1223
1536
1302
1347
1898
7420
918
1668
4258
1427
1248
1640
1340
2000
1384
3609
1836
1580
1170
1259
1903
3684
1390
1175
1282
1286
1349
2543
1532
1650
3182
869
1212
1228
3561
3579
2952
1790
4063
800
2628
1322
1429
4620
2578
867
3195
1567
1622
1142
1647
1459
1468
804
1307
1307
1342
1170
1238
1549
1443
1814
2219
922
1333
828
1317
1232
1326
1244
1208
1216
1133
1261
1833
1751
1318
1251
1342
1184
1196
1419
1436
1426
2161
866
1510
891
1376
1606
1411
1147
1249
1188
1270
1163
1486
1467
1390
1471
1376
1145
1369
1388
1359
1682
1846
843
1248
1224
1393
1503
1251
839
1365
1185
2687
928
939
1072
1252
3142
1082
802
792
943
1222
6484
1397
3643
2116
871
831
3197
2163
2221
834
1203
1283
1195
1318
1478
1338
2176
837
1263
1272
1276
1223
1426
1226
1192
1232
1572
1250
1538
1339
1442
1132
1137
1147
1273
1315
1256
1532
1592
1843
1534
1361
1100
1811
1764
1660
846
1568
1296
1216
1504
1514
1310
1387
1250
1400
1068
1409
1250
1627
1756
859
1570
1277
1270
1185
1343
1170
1235
1175
1222
1131
1337
1288
1454
1243
4150
3176
1547
3482
953
2055
2195
1057
3331
1881
2226
920
1336
1322
1183
1136
1806
1357
1505
1541
2021
1892
1583
1224
1327
1592
1444
1508
1421
1159
1007
1348
1408
1545
1228
1328
1268
1203
1173
1386
1785
1653
1731
1220
804
1360
1217
1486
1513
1366
1297
1365
1370
1578
1498
1375
1181
1185
1142
1142
1147
1242
1575
1157
2235
831
1325
1365
1256
1431
1415
1194
1265
1327
1374
1220
5161
801
839
802
817
798
785
832
1091
1012
877
2252
2070
887
800
6192
1503
3275
1242
2763
1926
2047
1766
1922
1135
2207
987
933
1298
1283
1462
1443
1323
1299
1356
1137
1176
1173
1373
1487
1140
1213
1168
1510
1272
1258
1659
1253
2013
812
1194
1172
1219
1238
1754
1535
1348
1365
1297
1694
1229
1632
1145
1229
1168
1251
1331
1394
1865
1770
1790
812
1306
1205
1329
1505
1374
1144
1314
1264
1368
1387
1494
1443
1302
1218
1324
1259
1147
1253
1430
1649
1859
1172
1183
1205
1226
2923
895
822
861
870
4301
1091
908
841
793
871
838
782
795
3803
4412
1627
1007
3114
11779
992
1673
1861
3230
855
2202
939
787
1225
2891
1331
1589
4239
1652
1374
1457
1234
1291
1235
4246
1824
995
2152
819
842
1366
2679
1267
1221
1791
4800
2962
2600
968
1139
1305
1236
1595
1417
1871
1327
1517
1215
928
1415
1516
1045
1343
1136
1690
1616
912
1591
1304
2139
920
848
1646
1000
2892
1265
1945
3470
3082
1401
2372
14342
1561
3524
2159
2188
2732
1377
1208
1279
1230
1248
1323
1493
1969
1430
1412
1203
1282
1342
1471
1598
2121
948
1178
1177
1496
1332
1258
1273
1210
1182
1476
1066
1464
1506
953
1243
1224
1456
1305
1485
1464
1360
2133
1222
1228
1295
1230
1188
1481
1255
1219
1457
1155
1172
1234
1654
1143
1141
1187
1292
1185
18446744073708552836
1543
1569
1495
1730
1297
1313
4052
888
3105
1554
2597
2564
2526
840
1881
1995
3246
1515
840
1276
1213
1210
1261
1452
1384
1224
1193
1220
1218
1229
1456
1456
1206
1303
1204
1283
1314
1432
1497
1803
1856
1099
1347
1375
1308
1282
1188
1213
1345
1192
1130
1313
1353
1392
1770
1595
1612
1510
1569
2013
1959
2174
1259
1248
1341
1321
1360
1211
1182
1331
1248
1223
1301
1575
1152
1264
1171
1514
1470
1215
1667
1416
4199
865
850
818
890
888
852
907
1875
847
838
2030
787
887
6151
2103
2470
3838
2945
2326
976
1666
1305
1201
1266
1435
1215
1572
1282
1140
1152
1288
1434
1137
1400
1569
1422
1964
886
1275
1324
1259
1463
1361
1212
1245
1181
1259
1175
1404
1433
1638
1162
1152
1207
1312
1260
1443
1451
1926
1597
1422
1285
1319
1423
1469
1407
1233
1351
1251
1173
1466
1420
1411
1263
1410
1205
1144
1237
1614
1383
2048
1285
1306
1206
1305
1268
4995
804
920
844
920
797
902
1149
817
796
4639
940
848
4461
1549
3192
2907
2350
2251
1759
1934
1059
1318
1301
1477
1225
1393
1146
2027
1261
1964
999
1215
1301
1221
1431
1355
1272
1358
1504
1248
1430
1279
1731
1494
1195
1249
1182
1331
1309
1605
1519
1965
1222
1138
1435
1733
2046
1494
1456
1432
1680
1636
1743
1262
806
1276
1175
1190
1333
1210
1581
1254
2176
1491
886
1313
1403
1322
2142
6010
3950
1315
898
1293
1196
1315
5317
3637
1169
1257
1358
938
836
2135
834
3726
3489
3169
1587
2958
3058
1536
3850
2488
1931
3423
1409
1809
1150
2082
4279
4010
2912
2190
1008
1360
1495
1659
1353
1415
2063
822
1580
872
1272
1090
1384
1204
1217
1285
1580
1449
2642
1410
1189
1182
1301
1355
1234
1229
1303
1177
1175
1606
1565
1855
1278
892
1416
1428
1296
1562
1320
1958
1664
1205
1203
1266
1174
1481
1292
1177
2053
918
3669
883
992
982
858
836
981
1775
889
5512
859
842
3667
2931
1171
3926
811
955
2169
2751
1454
1533
989
1981
1367
2179
1302
1275
1213
1178
1254
1734
1294
1268
1316
1194
1231
1394
1388
1317
1500
1423
1156
1248
1538
1495
2036
1536
1467
1204
1220
1294
1222
1302
1188
1381
1708
1805
1655
1907
1565
1695
1598
1593
1511
1296
2298
1762
852
1344
1389
1380
1603
1158
1145
1293
1290
1177
1477
1437
1506
1354
1238
1484
1982
911
2674
1348
1018
931
2960
839
851
869
851
5087
1149
1373
3973
831
2861
837
1816
2281
3405
902
1236
1372
1193
1765
1315
1199
1427
1267
1356
1528
1398
1176
1392
1360
1281
1667
1442
1431
2107
1038
1361
1298
1257
1303
1484
1587
833
1355
1231
1224
1357
1227
1418
1250
1143
1221
1451
1201
1455
1782
1798
1692
1593
844
1272
1218
1239
1353
1226
1174
1485
1370
1299
1299
1565
1523
1117
1572
1445
1629
1891
1880
2112
884
4708
910
788
969
815
1041
835
873
798
863
4882
811
3251
1492
2532
2741
2064
888
850
2792
2812
1918
1024
1173
1235
1423
1351
1498
1303
1226
1251
1314
1492
1404
1379
1882
1255
1374
1200
1558
1597
1241
1291
1126
1137
1344
1324
1322
1783
1282
1253
1592
1323
1402
1660
1409
2079
1410
870
1252
1357
1211
1475
1761
1461
1211
1181
1236
1225
1288
1225
1138
1200
1329
1279
7036
5946
1363
2448
827
4151
959
936
1184
905
853
797
787
1293
2033
932
7774
967
1393
2849
1768
2385
1547
2374
2294
1270
1941
833
1446
1702
1482
2378
1441
1377
1222
1197
1271
1336
1678
1389
8361
1356
825
1308
1308
1322
1601
3905
1284
18446744073708552900
1515
1386
1538
5219
1228
1388
1345
1272
1247
1425
1382
1752
4482
2146
847
833
1458
1380
1424
2685
1358
1561
4943
2635
5560
1284
815
1038
1565
832
965
904
4629
3523
1932
1095
2491
2124
1523
898
2844
2734
2246
2373
845
1260
1361
1433
1292
1214
1283
1575
1170
1486
1639
1605
1270
1163
1152
1272
1239
1271
1840
922
1091
1423
966
975
802
891
903
934
989
990
822
888
872
837
865
804
865
855
975
940
1109
812
858
837
820
828
853
841
864
1052
1037
979
1451
1145
808
900
802
804
1022
989
975
876
926
849
894
819
815
838
884
891
935
1032
992
881
845
799
1106
932
813
838
838
1218
861
927
1496
851
12164
1634
1068
2173
883
808
822
855
942
909
809
1066
990
1187
1174
1054
1537
814
868
1094
787
917
936
2675
942
893
1048
862
916
1049
952
1042
1017
917
856
850
848
840
850
873
833
851
1192
912
1003
1782
793
816
798
800
881
913
1129
1394
1138
1014
1013
1055
1023
1055
1330
1169
1417
826
898
839
804
849
799
851
885
825
1140
1096
979
1563
977
946
880
826
862
840
945
872
863
831
828
843
928
847
835
931
921
966
1039
1102
912
869
1022
847
803
791
824
856
986
884
1081
1714
860
848
947
790
952
1006
866
1262
861
802
881
834
798
874
873
830
807
958
987
927
6912
4919
1183
2169
2723
869
2571
882
1631
1843
2221
1783
902
1298
1232
1159
1326
1443
1647
1059
2006
1479
1333
1203
1179
1280
1508
1321
1180
1422
1417
1247
1304
1384
1173
1300
1373
1332
1239
1377
1609
1653
2144
1287
1393
1186
1245
1347
1438
1213
1212
1143
1276
1323
1413
1683
1327
1307
1258
1373
1381
1472
1565
1509
1932
1569
1244
1228
1309
1481
1390
1186
1170
1161
1250
1185
1253
4456
926
1166
896
885
842
1014
1077
5112
1016
1020
1078
1384
832
807
908
3640
1055
3277
1626
4631
923
1071
4216
882
1874
1913
1574
1079
1643
843
1386
1207
1140
1141
1413
1336
1216
1307
1337
1210
1681
1717
1614
1978
1596
1076
1362
1172
1258
1420
1230
1209
1410
1327
1358
1406
1468
1563
1183
1149
1359
1334
1409
1419
1328
1922
1704
1188
1222
1214
1279
1388
1306
1172
1167
1366
1167
1458
1763
1362
1145
1195
1229
1138
1376
2740
894
786
2421
868
1321
2396
898
865
1496
8797
907
2718
891
823
887
888
7798
970
1487
5022
3780
925
1969
1828
1511
3447
903
1869
950
4393
1301
1255
1244
1431
1556
848
1296
1180
2705
1261
1722
2038
4149
3011
3444
1275
786
1424
1294
1610
1322
1158
1298
1836
809
1394
1269
1966
1410
1209
1189
1155
1280
1392
1726
1802
2504
820
849
1455
940
1370
1213
1332
1253
1174
1131
1795
1579
1616
1241
1188
1191
1145
3716
929
1049
1516
1034
2280
865
867
906
3858
2763
1349
3597
2918
892
795
2724
2858
2138
835
1255
1411
1523
1406
1394
1320
1338
1325
1301
1266
1258
1570
1266
1243
1482
1276
1251
1184
1507
1392
1972
1360
1258
1196
1249
1488
1643
1255
1193
1188
1260
1170
1185
1407
1256
1136
1321
1362
1169
1879
1880
1391
2224
789
1277
1308
887
1406
1355
1334
1238
1560
1262
1386
1341
1517
1287
1188
1319
1300
1139
1285
1357
1588
1170
1643
833
2802
891
879
1053
867
2887
904
841
821
1188
6832
1290
2695
2922
1689
3077
1829
2649
846
1304
1417
848
1305
1272
1425
1752
1232
1271
1260
1448
1298
1304
1542
1337
1926
1229
805
1207
1892
1675
1416
1177
12202
2102
2250
1006
2354
1738
1213
1236
1309
1377
1594
1587
1436
1232
1480
1229
1289
1484
1234
1254
1198
1191
1550
1257
1459
1967
1492
1215
1308
1446
1455
1506
4767
916
880
824
866
857
823
820
819
856
1142
3611
4765
1233
2343
3887
928
1868
1866
18446744073708553254
1606
1980
1009
1428
802
1283
1146
1171
1371
1757
1411
2070
1421
1216
1323
1268
1477
1256
1198
1175
1368
1158
1247
1464
1652
1351
1495
1291
1226
1508
1729
1348
2384
1232
1277
1283
1453
1406
1256
1478
1201
1291
1221
1379
1465
1424
1233
1231
1579
1303
1206
1372
1661
1291
2143
1055
1420
1286
1259
1609
1373
1366
1146
1133
1197
1133
5722
841
919
840
941
1108
1224
928
985
1618
2673
821
810
842
862
4514
1077
956
944
974
872
1033
1045
2228
925
907
890
3959
4306
816
794
823
832
901
902
1041
1219
1329
4911
871
932
1013
1241
1795
873
832
2948
994
3162
3412
827
3011
1299
1253
1635
8568
1401
803
1295
1201
1332
1625
1274
2745
1227
1330
4990
1310
1205
1239
1179
1322
1397
1374
1198
1833
4090
1580
1529
889
1623
1991
3014
1127
1705
1279
1589
1812
1828
4525
2898
2243
1505
1714
881
2161
901
3947
822
997
837
1009
891
884
1486
946
4590
837
2890
1456
2182
3523
1636
3225
1829
2190
943
1316
1206
1232
1262
1860
1864
1378
1371
1169
1340
1157
1323
1813
1241
1228
1797
1291
1212
1233
1271
1520
1319
1404
1175
1246
1216
1417
1348
1617
1199
1350
1190
1173
1212
1362
1561
1995
1513
1229
1375
1356
1303
1267
1221
1232
1214
1355
1388
1245
1440
1370
1233
1241
1725
1341
1212
1510
1262
1973
1317
1301
1286
1348
1226
2277
845
3328
800
797
831
969
994
831
2657
807
833
795
840
4990
4257
2371
2465
2127
1532
2375
2000
1474
1340
1190
1139
1275
1177
1333
1534
1529
1960
1495
1185
1751
1194
1180
1420
1601
1299
1591
1506
1997
1089
1399
1292
1222
1178
1213
1484
1444
1342
1692
1712
1437
1331
1293
1438
1369
1199
1228
1242
1189
1259
1406
1933
1470
1220
1255
1222
1281
1212
1855
1185
2339
1341
1170
1709
1447
1798
843
1352
1271
1186
1317
1452
1472
3642
950
805
832
921
874
2880
1115
1504
934
848
4541
3453
872
1339
3304
2006
920
2711
1805
2963
1155
1500
1845
831
1405
1315
1379
1497
1285
1449
1489
1613
1255
1410
1303
805
1196
1314
1317
1276
1501
1181
2148
2022
1722
866
1249
1342
1428
1468
1192
1351
1293
1277
1617
1560
1729
1230
1229
1201
1219
1207
1621
1392
1979
1969
1198
1207
1352
1301
1661
928
1210
1174
1405
1295
1228
1785
1509
1269
1492
1193
1165
1347
1713
2563
3004
826
1140
922
2877
916
873
1107
882
3581
3365
1339
2734
2114
1776
3567
841
1601
2595
1852
1424
1552
1269
1253
1296
1254
1285
1389
1278
1083
1353
1172
1568
1637
1156
1815
1872
834
1238
1406
1298
1296
1363
1216
1732
1330
1583
912
1537
1347
1161
1139
1402
1234
1281
1383
2112
2093
1627
1301
1184
1348
1392
1482
1330
1180
1182
1104
1555
1474
1534
1253
1179
1325
1140
1190
1158
1659
1326
2181
1598
857
1200
1189
1380
1307
3642
5118
2950
937
928
1275
2900
1495
3651
863
797
3843
3457
951
1290
6041
2518
906
3008
876
2275
3622
1609
5636
822
1348
891
1265
1319
1215
1294
1471
2352
1230
2685
5914
2068
2735
1098
1554
1402
1311
1642
950
1398
1453
1383
1325
1243
1353
1287
1324
8798
1462
767
3674
1524
1363
1194
1622
1417
16889
1236
1473
1361
1208
959
1023
884
979
1677
895
784
1194
1089
903
896
1071
871
969
2673
916
1102
1196
4613
1240
828
906
914
909
899
3451
2978
1408
1177
3498
1902
1090
830
3782
3021
1824
1883
1032
1881
919
1400
1931
901
1238
1379
1365
1221
1286
1370
1169
18446744073708553035
1526
1634
1676
1404
1186
1277
1181
1316
1485
1435
1318
1503
1663
1385
1338
1602
1385
1459
1302
1349
1352
1379
1555
1306
1610
1048
1444
1204
1406
1282
1257
1500
1242
1194
1213
1083
1504
1464
1370
1196
1217
1472
1163
1214
1269
1539
2463
2277
1121
4373
1181
1065
1024
1043
1167
1737
852
934
2626
893
803
798
884
4581
899
4147
872
1814
3872
849
2604
850
1633
3281
818
1365
1479
1697
1435
1253
1592
1426
2336
1896
1596
1587
2014
1202
2197
1715
1060
1277
1721
1333
1191
1193
1334
1362
1771
1587
1320
2012
1337
1186
1219
1352
1404
1417
1185
1275
1841
1386
1298
1458
1499
1164
1292
1176
1321
1254
1609
1708
2371
1402
1390
1593
1808
1634
1527
1530
2001
1822
1981
1492
1185
2698
796
837
869
5616
1052
1003
836
871
874
925
898
1059
891
820
818
2328
859
895
857
6201
1451
3684
1702
3355
865
962
1987
2220
1782
1586
1189
1154
1370
1224
1542
934
1612
1384
1423
2167
1614
1473
2060
829
1196
1281
1817
1755
1713
1245
1239
1284
1229
1389
1205
1367
1205
1276
1190
1140
1516
1519
1809
2448
920
1318
1260
1217
1315
1404
1264
1285
1324
1555
1223
1350
1673
1293
1670
984
1431
1231
1455
1820
1510
1435
1214
1319
1360
1367
1436
1995
823
2615
906
1021
956
1635
3241
844
912
946
863
905
6840
1523
973
4137
1948
2647
7370
2495
1835
1338
2017
3902
1791
1996
1582
5319
1528
1312
1370
1192
1337
1160
1335
1473
1265
3516
2149
817
1316
4393
1736
1945
1356
1163
1243
1969
5096
3144
3206
2103
1748
1258
1278
1425
1297
1291
1549
1714
1675
1136
1742
1480
1326
1272
1204
1177
1227
1375
1484
1850
2573
863
1400
5185
5300
2135
3200
874
2670
2633
3142
1468
2393
2041
2480
982
1350
853
1233
2006
1434
1888
1990
1462
960
1290
1149
1233
1435
1392
2512
1011
1263
1593
855
1368
1392
1333
1166
1196
1175
1309
1352
1511
1290
1246
1599
1365
1388
1256
1406
1536
1711
1465
1185
1255
1229
1319
1623
1611
1214
844
1427
1196
1348
1428
1263
1187
1275
1161
1272
1552
1544
1712
2163
1065
1250
1183
1316
1226
4744
871
805
827
939
853
1021
989
991
1811
831
3771
3857
2144
1068
3210
2991
965
1962
1983
2504
1414
1334
809
1410
1425
1177
1309
1682
1444
1664
1951
1381
1244
1177
1218
1157
1498
1210
1254
1257
1186
1227
1400
1424
945
1597
1280
1370
1194
1231
1657
1285
2118
1292
1289
1736
1304
1523
1261
1194
1211
1236
1138
1340
1341
1397
1228
1266
1435
1457
1572
922
1500
1398
2225
902
1262
1198
1236
1242
1449
1214
1197
1379
1192
1214
1340
3306
838
883
871
912
850
3056
1142
889
1069
1701
3728
858
3860
1264
3519
1259
1554
2112
2729
1566
1544
1582
1480
2184
814
1373
1267
3459
1839
1864
6737
8417
939
862
843
840
949
1531
844
1574
1651
1842
877
1401
1223
1172
1317
1218
1361
1396
1288
1241
1178
1210
1161
1596
1524
1528
2059
932
1007
1482
1369
1566
1355
1204
1210
1392
1135
1259
1275
1529
1395
1421
1366
1472
1197
1253
1604
4659
993
1289
4010
2428
1982
2478
893
2904
1263
10823
4235
1495
1570
852
947
1031
1011
840
936
945
1321
939
895
867
881
836
850
912
885
873
790
1030
1323
1073
1794
1068
862
910
887
931
827
864
1081
1102
919
819
841
901
805
1128
891
918
1038
890
860
873
888
836
792
804
1131
871
1077
948
898
1750
1012
876
938
828
937
867
883
939
906
818
824
866
842
893
1446
5487
874
2881
845
18446744073708564144
1044
1072
2174
1786
834
4197
1076
846
1018
4523
1146
934
1012
1486
1215
878
3967
1019
1059
939
841
934
831
815
2548
3356
2557
1626
939
1228
948
1149
940
832
1719
969
883
816
823
982
867
860
905
1091
882
917
901
847
1036
996
889
838
961
990
790
800
817
819
837
836
789
835
923
1021
1110
891
1328
1425
848
838
874
841
857
892
1107
800
982
839
846
852
908
841
1138
967
1005
961
1170
813
856
802
881
814
801
838
874
919
1177
4957
838
851
6446
1355
3856
2773
808
929
2265
2805
1946
1906
2071
839
1239
1289
1255
931
1343
1203
1261
1261
1337
1199
1350
1605
1359
1198
1321
1184
1287
1135
1514
1401
1907
1318
1386
1280
1234
1481
1838
1017
1229
1211
1278
1249
1326
1404
1255
1143
1202
1282
1130
1547
1357
1644
1513
1911
891
1291
1214
1374
1461
1249
1139
1451
1260
1268
1193
1487
1859
1328
1245
1318
1300
1172
1254
2972
1569
1041
3403
882
953
1004
1028
903
2697
824
1009
846
1009
3641
2713
1354
3839
1823
3143
868
1626
2516
1581
847
1227
1191
1277
1325
1311
1905
1962
1381
1249
1145
1167
1502
1340
2484
1344
1199
1575
1460
1736
1447
1304
1178
1207
1143
1216
1457
1279
1293
1420
1510
1345
1343
1667
1810
1160
1970
845
1234
1199
1280
1515
1367
1634
1587
1544
1570
1956
1662
1477
1494
1478
1305
1450
1578
1708
1732
1365
1145
1264
1455
1473
4806
863
3540
1302
2378
3346
933
839
2594
2697
1980
2462
886
1369
1323
1347
1198
1191
1348
1599
1511
1294
1336
1331
1356
1288
1481
1505
1531
2167
1323
1185
1214
1258
1282
1503
1222
1188
1219
1269
1509
1427
1663
1368
1973
1430
898
1733
1563
1887
1667
1245
1398
1504
1407
1292
1472
1282
878
1357
1176
1613
1358
1355
1464
1485
1325
1274
1508
1421
1408
2103
1246
1279
1236
1364
3684
840
886
868
894
791
882
2404
937
788
884
1198
3695
4067
2353
883
1321
2110
2813
873
2742
956
852
834
832
4864
842
833
854
852
884
868
787
1202
3969
894
837
840
890
872
960
827
2097
827
822
2363
3327
1899
3086
854
827
796
968
881
2502
1042
1426
1712
953
1422
1308
1390
1257
1245
1345
1272
1564
6349
1477
2766
1456
1629
3460
1293
1426
918
1212
2907
1227
1300
4840
1477
1262
1407
1361
1226
1284
1473
907
2980
2874
1299
1298
1465
3888
1191
1249
1145
1286
2559
6858
2706
1787
1564
876
863
1940
869
4678
4324
1442
1934
1494
3115
871
1397
3787
2614
872
1322
1515
1391
1289
1288
1301
1321
1229
1454
1352
2144
1616
1233
1177
1331
1189
1357
1625
1562
2111
1341
1244
1251
1277
1526
1440
1468
1149
1186
1920
1236
1739
1190
1327
1309
1141
1332
1246
1681
1444
1888
1186
1284
1471
1359
1360
1310
1210
1260
1181
1201
1166
1271
1551
1499
1567
1229
1231
1285
1242
1500
1354
2862
796
903
2014
947
1155
2132
903
2468
813
802
875
879
4397
3408
3854
1028
865
1572
1107
1332
3647
1991
940
938
3188
1991
1796
1675
907
1264
1297
1161
1341
1606
1217
2092
815
1241
1223
1187
1387
1392
1415
1392
863
1292
1719
1492
1595
1268
1207
1323
1190
1152
1240
1499
1435
2063
1557
1510
1307
1248
1247
1307
1182
1303
1434
1143
1298
1269
1803
1006
1510
1166
1287
1324
1201
1604
1158
2404
1383
1564
1392
1225
3652
9623
5181
932
2414
1340
5834
1578
3365
2231
2549
1367
1564
893
922
798
883
945
961
958
810
1187
990
846
1475
1185
851
887
868
822
1215
844
917
1023
845
1005
881
939
1035
894
909
891
961
1052
953
805
804
841
869
803
792
822
869
898
1249
961
1279
1373
850
863
870
788
800
975
1054
1277
796
891
957
846
876
18446744073708552652
899
1087
963
1179
838
845
2460
839
800
878
840
1070
979
921
1515
1256
843
888
835
906
823
853
1006
983
857
836
834
902
890
812
795
876
1004
1113
820
1095
795
853
809
965
804
824
894
951
1103
963
1580
1220
795
919
1037
844
893
909
898
945
914
839
925
891
841
793
919
912
971
957
1014
830
1163
849
872
891
893
872
917
1057
963
933
1771
950
797
841
859
887
866
1042
1223
891
811
806
840
844
826
807
1028
1193
1182
1054
1111
1058
1115
1074
1443
1131
1200
1461
1088
1750
983
10115
2615
2385
1821
1560
2617
2047
1682
1569
2149
936
1256
1221
1319
1281
1515
1302
1259
1255
1369
1360
1644
1874
1207
1351
1219
1310
1232
1367
1395
1321
2508
843
1305
1215
1266
1116
1393
1285
1219
1149
1250
1693
6432
1977
3629
1393
2185
1493
1404
1560
5768
1153
1229
1358
1255
1534
1146
1235
1537
1502
1196
1967
3809
1600
6335
927
792
1737
830
1610
853
2356
2993
4006
1473
4187
3981
1526
3614
1866
2368
846
819
817
4080
1359
1823
865
1314
1427
1763
2656
986
1326
1189
1201
1223
1496
1238
1173
1261
1548
1405
1547
1886
875
1197
1170
1158
1188
1302
1494
1451
2167
1701
1191
1322
1409
1482
1494
1219
1189
1373
1232
1366
1768
1398
1224
1305
1235
1220
1280
1719
1398
1953
1554
1339
1444
875
1202
1553
1232
1175
1238
1310
1130
1212
1350
1479
1294
1459
2275
807
829
894
1890
931
1612
4042
894
815
1341
907
906
826
5291
1411
2627
1984
2888
866
1125
5100
1681
829
1240
1257
1362
1384
1619
1522
1222
1204
1168
1360
1429
1317
1177
1211
1361
1219
1269
1830
1385
2175
877
1280
1238
1402
1472
2125
1294
1510
1559
1313
1625
1470
1177
1164
1422
1154
1147
1675
1466
2489
1379
1220
1225
1216
1479
1560
1253
1432
1397
1175
1317
1629
1722
1341
1201
1200
1189
1235
1215
1462
1278
2071
1371
3232
937
887
1249
918
871
3313
797
828
863
951
1019
3928
3691
2819
3147
1185
1896
881
2776
2024
2754
1526
1009
1412
1400
977
1184
1295
1424
1367
1460
1721
1215
2004
945
1272
1220
1289
1342
1568
1728
834
1449
1172
1296
1242
1391
1381
1156
1226
1325
1135
1243
1963
1484
2136
1228
1290
1260
1315
1454
1577
1338
1378
1400
1491
1566
1693
1289
1181
1279
1283
1255
3002
912
933
1676
911
877
823
824
918
906
927
1016
960
830
867
817
879
865
5203
849
795
5761
2982
2544
2588
2476
1875
1744
1163
1063
1071
1083
1124
1400
1913
1665
801
947
877
841
801
882
1146
944
942
1405
839
944
884
802
909
889
1029
1603
900
837
839
839
833
868
875
789
1014
1003
848
882
836
931
869
891
1121
891
850
916
1111
1038
908
1740
934
873
1112
888
896
817
2633
965
945
1016
920
853
840
944
932
1001
865
989
804
790
839
833
843
911
1068
892
1260
841
1117
1607
805
790
798
848
822
872
906
1114
851
841
834
789
856
957
936
855
1042
1029
947
873
850
935
929
910
840
965
903
1053
1017
900
1382
1240
886
889
876
805
911
803
962
949
891
811
877
875
840
838
887
1296
1020
6252
805
4406
846
1616
884
880
1083
873
1039
4469
809
899
807
876
842
804
884
838
11558
1231
2083
2264
2156
4719
917
2520
925
3104
1689
1519
4108
4161
2548
1787
1171
1339
1372
1544
1483
1359
1635
1330
862
1510
1185
1346
1268
1496
1393
1119
1686
1694
2607
931
1060
1416
1213
1183
1501
1229
1184
1248
1529
1633
1414
13399
1271
1242
1386
981
945
924
988
844
897
861
788
973
909
878
827
978
1144
4849
883
6097
1923
3620
2254
1628
2485
833
825
891
825
1120
923
1016
926
1100
1259
1035
1146
1129
1120
1088
1595
1108
1779
1238
1090
906
878
869
983
974
943
907
827
872
915
822
792
886
799
990
1011
838
868
836
832
840
803
1050
18446744073708552443
1045
1156
1015
865
1710
905
862
868
861
825
864
837
850
918
835
948
2652
814
829
881
843
918
1043
880
905
877
886
838
871
900
846
812
1312
1010
843
1447
937
869
805
805
811
909
938
1027
1003
957
830
842
841
935
1121
823
948
1089
919
807
806
854
832
843
843
896
895
922
931
1059
963
1152
1107
859
877
921
826
870
922
829
908
830
864
816
852
833
837
838
874
927
933
1184
1129
921
800
848
818
822
958
889
971
1025
969
866
1633
954
875
965
1039
904
883
900
891
1021
854
845
817
831
880
806
837
872
947
932
913
792
1131
805
1099
11002
2551
1200
3248
1347
1829
810
1913
2295
848
1187
1144
1197
1647
1570
1459
1621
1874
835
1328
1297
1412
1532
1817
1432
1270
1058
1381
1170
1411
1284
1140
1201
1264
1172
1262
1252
1757
1957
1991
917
1430
1348
1371
1443
1331
1333
1261
1319
1270
1342
1269
1645
1325
1193
1175
1182
1156
1579
1476
1577
1612
1221
1182
1311
1380
1468
1366
1258
1179
1263
1240
1357
1668
1558
1261
1194
1178
1160
1282
4678
1657
870
894
999
825
862
900
955
4070
838
799
832
803
856
870
962
1066
3905
3234
3148
3076
2630
908
2186
2498
1820
1673
883
1554
1492
1343
1204
1236
1215
1441
1174
1401
1629
1525
2013
784
1723
1206
1313
1471
1542
1379
1316
1499
1294
1292
1568
924
1405
1141
1163
1226
1275
1564
1858
2364
1231
1175
1302
1317
1327
1384
1280
1228
1197
1393
1213
1560
1412
1188
1319
1194
1328
1158
1329
1499
1424
1993
1199
1246
1225
1324
1404
1369
1304
1259
1477
5417
8534
1638
4043
2770
1129
3864
958
1718
2560
3856
1151
1415
1258
1853
1191
5502
853
823
1245
1533
1713
1678
2710
1387
1583
4584
1374
1249
1499
1389
1528
1711
841
1348
3566
3567
3473
2041
1370
894
1561
1360
1315
1239
1283
1178
1252
1376
2286
1803
2054
847
1247
1215
1275
1591
1241
1342
1331
1595
1609
1853
1084
1341
4066
897
828
1040
979
922
1288
4529
844
3316
1500
2427
2194
2848
980
1181
2490
1752
2854
1941
1470
1718
1442
1492
1298
1455
1469
1170
1185
1155
1252
1187
1208
1395
1524
1500
1249
1380
1328
1225
1673
1378
2093
1423
1185
1176
1330
1317
1449
1197
1234
1334
1345
1176
1481
2205
1402
1193
1451
1263
1599
1488
1469
2217
817
907
1267
1195
1371
1260
1371
1345
1311
1265
1208
1412
1614
1426
1287
1247
1210
1261
1280
2259
957
1044
2977
875
825
846
911
3539
879
833
874
952
1140
812
4001
3008
1481
3720
2086
2736
1670
2504
1744
1276
1249
1265
1214
871
1357
1515
1846
1290
1147
1147
1452
1341
1220
1462
1404
2103
1300
1526
1278
1227
1362
1385
1188
1169
1228
1347
1348
1349
1530
1499
1260
1426
1218
1346
1378
1641
1641
1708
1254
1189
1350
1561
997
1376
803
1403
1311
1134
1388
1326
1553
1154
1284
1229
1396
1295
1567
1972
1802
1047
1226
1154
1188
1276
1214
2094
1038
810
2261
790
986
881
1813
895
2361
830
872
858
7362
1357
1098
3067
1675
2538
873
2588
1700
1693
1834
787
1202
1191
1184
1140
1295
1716
1363
1559
1812
1213
1209
1337
1525
1279
1423
1214
1175
1236
1134
1469
1560
1305
1247
1337
1163
1231
1240
1385
1708
1847
789
1574
1292
1465
1611
1255
1328
1222
1167
1206
1303
1244
1740
1621
1180
1209
1314
1202
1305
1558
1327
2128
918
1280
1206
1608
1503
1303
1325
1172
1185
1157
1173
1379
1268
1354
2374
805
1022
962
2219
974
1065
2014
12199
1071
1294
3053
873
876
951
3680
3621
1463
4315
3426
1001
1459
2459
1364
2437
871
1374
1225
1316
1206
1143
1141
1320
1595
1403
1430
1411
1211
1166
1218
1594
1448
1294
1163
1280
1140
1231
1369
1753
1946
8600
1576
1951
878
1554
18446744073708552783
4422
1392
1321
873
1221
1177
1376
1249
3556
1339
1217
1317
1601
1554
5153
874
1416
1303
1391
1228
1451
1170
1137
1663
3932
798
3809
2790
2626
2138
884
2209
953
977
1047
5296
3240
1717
2701
3007
868
2377
1950
2977
1582
832
1564
1242
1725
1650
1763
1753
1393
2264
1639
1585
1701
1213
790
1308
1459
1376
2313
1301
1240
1246
1299
1370
1328
1193
1386
1338
1299
2362
1033
932
969
908
867
1037
808
795
865
918
1130
1057
914
1753
974
970
937
829
830
873
880
899
899
819
846
857
893
897
880
897
941
939
914
1087
1105
811
906
824
851
809
839
880
1071
952
946
1804
844
837
10677
2542
1645
1390
1899
843
866
1182
852
919
943
1035
983
1068
1680
878
911
901
796
841
950
887
928
916
1119
1011
927
844
850
879
964
888
1001
1111
929
848
835
834
920
807
894
809
1021
3436
1303
957
865
837
819
818
837
978
1074
874
907
848
927
1010
856
926
1011
966
965
953
867
839
839
868
871
809
931
908
1102
1030
944
1554
1263
825
861
827
821
811
840
842
858
824
823
812
845
817
796
833
886
953
962
1012
1164
936
848
911
889
863
946
790
834
1215
969
875
1505
1091
1066
909
896
895
901
888
1133
947
899
833
785
868
860
870
976
996
992
927
983
841
848
883
872
787
801
874
1003
1142
1016
1554
1224
899
882
853
833
1055
939
931
8309
1842
2349
3042
906
1042
3473
2941
2359
1182
1031
1477
1431
1513
1230
1255
1150
1259
1223
1450
1232
1359
1273
1336
1412
1565
1604
2064
1648
1418
1247
1231
1253
1542
1249
1296
1781
1469
1537
1490
1308
1173
1268
1577
1323
1175
1405
1532
1678
2007
865
1405
1297
1378
1639
1282
1141
1207
1309
1286
1493
1471
1830
1521
1311
2029
1505
1521
2352
2428
1645
1495
943
1334
1401
1217
1242
1328
1209
1709
923
1445
1925
935
2787
851
912
1043
4513
880
853
812
874
890
1035
918
964
1371
3619
2864
1652
3144
2920
1013
2297
4050
829
1643
826
1240
1420
1262
1390
1284
1331
1235
1242
1238
1289
1497
1191
1206
1238
1329
1208
1585
1459
1963
1475
1342
1339
1513
1187
1400
1350
1177
1301
1482
1367
1292
1402
1241
1164
1315
1170
1380
1174
1651
1369
1503
1920
807
1239
1175
1407
1482
1265
1275
1234
1206
1182
1574
1647
2150
8265
2987
1600
3594
980
1264
4719
807
2771
963
910
1102
948
3537
4035
4806
3740
1207
2729
862
1677
2760
1616
1477
3702
976
1342
1373
1421
3980
3328
2931
2673
963
1521
1276
872
1284
1303
1172
1173
1257
1274
1172
1234
2200
1451
1950
860
1319
1220
1288
1455
1250
1235
1246
1186
1336
1279
1882
1317
1346
1199
1237
1188
1172
1285
1489
1142
2417
1374
1220
1344
1399
1264
1500
1437
1234
1422
1378
1215
2365
933
863
2072
888
838
2407
1371
1265
4731
1137
1051
1084
1288
1202
3935
2879
1329
3951
1599
2257
886
3791
2238
837
1424
1256
1469
1346
1419
1239
1193
1222
1241
1207
1589
1301
1435
1262
1525
1179
1368
1244
1556
1438
2049
1236
1207
1167
1232
1396
1896
1278
1440
1384
1261
1468
1566
940
1202
1243
1175
1207
1177
1817
1493
2119
1489
1178
1476
1323
1714
1852
1208
1298
1469
1394
1374
1727
802
1306
1255
1338
1138
1365
1447
1565
2493
2343
808
867
924
2055
938
886
2054
886
834
2277
1032
872
3939
2788
1642
2719
3283
2934
908
1902
19151
955
891
2360
856
839
1427
1677
1639
1374
1336
1313
1315
1335
1652
1685
1682
1522
1862
1300
1415
1353
1404
2050
1460
1269
1330
1233
1605
2084
921
1521
1328
1261
1375
1579
1453
1275
1029
1303
1269
1195
1466
1644
1143
2613
841
869
1238
1185
1314
1181
1212
1392
1556
1166
18446744073708553702
963
2403
893
833
787
2356
873
884
5272
934
3555
2307
2324
2698
1696
2407
2245
1725
967
1293
1180
1374
1594
1450
2156
1404
874
1299
1317
1247
1537
1185
1252
1174
1230
1194
1322
1442
1522
1410
1206
1290
1151
1317
1724
1265
2075
1366
1192
1203
1874
1376
1518
1163
1148
1236
1242
1295
1839
1617
1551
1716
1784
1816
1771
1455
2689
1229
1231
1171
1212
1275
1440
1289
1263
1192
1364
1268
1295
1543
1051
1342
3622
1009
1004
1104
944
1104
2480
959
2381
1037
952
1803
834
3904
4174
1024
2805
3064
2880
1136
1217
3308
2089
2334
2418
1807
865
1561
1704
1625
1885
6431
6204
1096
1641
1549
1805
853
1607
1356
5409
1789
899
990
1624
810
1359
1666
2281
4629
1131
1845
1472
1350
842
1847
4380
1650
1612
841
1549
2625
1692
2268
5118
4069
5206
1542
1365
1208
941
824
933
5347
1518
5897
2314
2382
2830
3063
1218
1037
860
2711
2272
2271
2111
2977
1740
1844
1668
1351
1394
1600
2105
914
1759
860
1417
2761
1453
1329
1924
1585
1769
2013
1856
1758
1706
1008
1713
1416
1208
1207
1322
1183
1183
1088
1788
1956
896
1818
854
1245
1192
1851
1524
2206
1517
1517
978
2155
1100
1536
1756
1541
1523
1242
1404
1990
838
1423
4796
1128
1121
1228
1146
1167
1103
2746
1040
1018
995
4612
4196
1595
3036
2867
2455
1296
3204
995
4209
2839
2782
1515
2427
972
1390
847
1197
1327
1218
1709
1476
1366
2186
1401
1286
1223
1264
1412
1374
1188
1205
1228
1171
1145
1747
1888
1284
1145
1195
1246
1284
1207
1510
1357
2175
1459
1385
1243
1372
1441
1468
1312
1231
1383
1338
1172
1343
1223
1381
1322
1201
1466
1194
1599
1512
1782
1762
857
1293
1357
1459
4728
958
854
835
906
989
947
1021
856
833
4352
3672
1538
2204
2146
1976
2885
1190
3062
1712
1621
867
1340
1213
1152
1217
1223
1135
1737
1848
969
2435
1360
1465
1266
1208
1415
1469
1239
1533
1299
1304
1438
1430
1484
1275
1234
1226
1316
1179
1520
1296
2252
1443
1301
1301
1380
1310
1450
1352
1721
894
1278
1363
1457
1448
1208
1137
1304
1222
1321
1307
1517
1535
2324
1325
1195
1326
1232
1524
1290
1391
1303
1197
1355
1425
3538
863
804
847
836
834
3771
1032
820
1631
1014
847
832
4044
3462
1296
2150
3163
886
840
3270
2032
1731
2097
830
2377
1295
1220
1323
1331
1478
1449
1492
1202
1236
1284
1287
1310
1326
1279
1140
1131
1206
1303
1640
1636
2097
1260
1201
1131
1313
1349
1617
1325
1307
1411
1323
1353
1361
1618
1526
1160
1447
1223
1142
1274
1578
1607
2300
875
824
1216
1187
1325
1412
1256
1208
1159
1303
1133
1636
1401
1511
2236
5665
8885
915
921
1118
866
848
886
886
835
2855
2073
1010
893
4756
3692
3324
2475
3148
990
2560
5971
2448
2619
1054
1462
1170
1588
1507
3523
3450
2718
3141
812
1412
803
1295
1465
1345
1176
1291
1596
1204
1461
2192
1538
2281
810
1257
1176
1307
1316
1296
1327
1344
1550
1215
1614
1410
1696
1303
1228
9767
818
2856
1983
1051
1644
1720
902
1420
1195
1398
2199
4425
944
3933
3852
998
2636
2803
836
1785
2554
1849
986
1425
1617
1510
1320
1231
1313
1259
1405
1409
1967
1450
1277
1177
1351
1257
1476
928
1224
1178
1389
1240
1175
1446
1583
1221
1187
1613
1159
18446744073708552996
1318
1443
1443
2244
1221
789
1366
1204
1368
1722
1340
1296
1252
1205
1368
1275
1522
1286
1150
1225
1189
1144
1550
1430
1910
1837
1302
1019
1340
1273
1303
1625
1260
1328
1286
1266
1212
2389
803
866
1501
878
3239
1129
1286
1357
1166
4545
2918
1420
3361
2672
1005
3424
1605
1546
820
1339
1691
1700
2607
1311
1640
1661
1603
1837
1610
1176
1214
1256
1248
1352
1625
1710
1702
1480
1656
1960
1866
2388
1075
1461
1835
1349
1329
1364
1204
1278
1265
1186
1594
1321
1344
1548
1575
1246
1282
1221
1253
1505
1804
868
1274
1196
1264
1415
1449
1616
1418
1207
1099
1361
1258
1322
1371
1140
1266
1358
1145
2686
1116
1021
4724
816
839
966
1069
1013
937
4594
3547
1541
1113
3107
2634
886
2431
3453
1631
854
1451
1580
1412
1265
1182
1268
1210
1538
1463
1398
1158
1305
1262
1184
1140
1177
1720
1388
2101
1616
867
1316
1372
1409
1227
1235
1451
1253
1215
1198
1360
1836
1280
1332
1321
1079
1366
1208
1635
1232
2395
1349
1274
1485
1505
1493
1329
1298
1312
1429
1176
1321
1467
1209
1143
1201
1576
1286
1424
1592
1664
2156
1352
1227
4174
1308
792
927
966
914
829
2129
1209
1181
5430
1813
4237
2201
848
883
2531
3549
2166
1736
930
1427
1364
1278
1175
1134
1296
1137
1246
1265
1699
1581
2244
1402
1032
1436
1262
1395
1314
1197
1365
1294
1192
1620
1381
1492
1252
1486
5752
3593
1258
1475
2837
1027
1664
4735
905
1272
1402
1498
1269
1442
1154
1254
1859
3906
1879
885
1230
1412
2524
1318
2444
1387
2097
913
5715
4524
5067
3395
4812
1505
2556
1299
1964
2764
1671
1290
1391
1464
2042
1004
1701
1854
1222
1300
1219
1311
1192
1312
1312
1499
1388
1837
1499
1579
1340
1349
860
1215
1286
1232
1371
1438
2513
908
1295
1212
1342
1701
1436
1223
1322
1171
1238
1233
1634
2014
834
796
1366
1418
1190
1297
1740
1506
2227
1682
1230
1179
1244
1274
1214
1239
1204
1316
1186
1360
1580
1560
4829
810
833
907
1118
889
1230
1647
905
3615
3292
1339
2145
1961
2791
1962
1959
2828
841
1465
1812
924
2291
840
856
1274
1253
1312
1678
1325
1166
1215
1289
1243
1266
1289
1470
1320
1329
1305
1266
1551
1129
1774
2182
945
1336
1216
1178
1292
1662
1227
1317
1524
907
1525
1416
1584
1197
1177
1448
1420
1210
1312
1591
1464
2293
1150
1414
1173
1217
1258
1324
1252
1409
1180
1511
1510
1384
1552
1245
1233
1215
1292
1332
3294
1132
1487
1117
909
2428
969
852
4254
855
823
2954
1341
4202
2615
1012
4659
2585
1706
2250
1207
1808
1089
1260
1189
1144
1326
1331
1432
1374
1285
1853
1555
1408
1595
1445
2194
952
1258
1217
1207
1212
1701
1196
1408
1223
1231
1226
1217
1229
1327
1176
1191
1393
1143
1365
1374
1401
1561
1119
2121
1485
1225
1400
1595
1156
1351
1541
1247
1506
1393
1530
1214
1305
1177
1296
1327
1368
1404
1615
2329
1383
3817
838
1018
882
846
811
843
821
1420
829
4733
795
1011
2855
2795
2590
2607
1039
904
3274
2251
2220
843
1418
1223
1288
1368
1598
1352
796
1221
1319
1229
1422
1359
2007
1530
1231
1226
1555
1312
1425
1040
1383
1179
1239
1178
1206
1275
1435
1142
1160
1556
1187
1179
1429
1612
1621
12116
1244
1225
2060
1045
2017
965
1350
1330
1356
1516
1494
999
1847
1982
869
1270
1269
1240
1464
1426
1208
3480
790
838
836
940
2628
828
880
786
3592
4942
872
3517
1613
926
2420
1018
2526
2188
2095
1235
1256
1229
1152
1275
1200
1466
1278
1918
1709
1197
18446744073708552759
1493
1304
1522
1246
1248
1148
1330
1238
1330
1682
914
1236
1272
1190
1130
1199
1483
1443
2192
1455
1253
1311
1405
1396
1453
1213
1218
1349
1305
1182
1334
1265
1380
919
1149
1401
1426
1382
1203
1631
1554
2007
808
1247
1233
1411
1366
1775
1208
1292
1375
1211
1397
1607
4505
788
814
846
1040
901
1359
1078
1131
2479
917
836
814
5797
1553
2489
2102
2043
876
793
3773
2325
1159
1590
2208
882
1203
1345
1322
1474
1542
1256
1246
1379
1416
1466
1625
2194
837
961
868
855
915
828
934
1092
1006
1170
1524
947
854
933
987
825
841
920
977
807
869
804
907
841
875
824
867
918
967
1132
1206
925
832
802
857
871
844
884
1018
943
849
1417
1137
855
882
875
1024
1086
949
982
1047
901
880
956
889
853
919
877
854
863
995
828
837
845
843
1076
852
902
876
944
988
1006
916
10853
1811
1968
1577
2660
1045
928
944
911
840
801
837
949
836
1229
1127
893
1530
3376
1032
900
833
963
909
852
849
1104
1128
1127
1101
1097
1074
1177
1050
831
846
857
989
815
837
872
792
1238
1174
916
1839
849
793
874
844
849
979
882
982
886
799
886
813
801
800
834
946
926
961
1123
903
924
850
882
913
980
910
884
960
1199
920
959
1608
1303
1052
814
898
909
867
1005
892
854
828
873
958
896
926
855
807
929
1132
937
973
952
1379
803
790
841
849
925
1115
1034
1343
1574
903
941
829
1007
826
866
920
873
897
825
832
862
809
9128
1383
1346
2920
3992
958
856
2780
3075
1953
882
891
1315
1292
1243
1305
1299
1370
1180
1234
1413
1545
1848
1492
2132
1327
1146
1230
1444
1621
1235
1397
1490
1421
1413
1428
1656
1239
1147
1173
1368
1309
1486
1953
1932
1647
1260
1228
1293
1179
1338
1219
1261
1180
1390
1256
1299
1603
1271
1138
1230
1360
1767
1282
1697
1472
1573
1978
1061
1591
1638
1364
1181
1294
1210
1237
1179
1651
1310
1498
1358
3830
970
834
892
1175
944
1007
2238
862
873
2717
927
1070
867
2175
847
800
928
3979
3076
1556
3703
2155
849
3235
1042
2458
2692
847
829
1280
1272
1305
1415
1336
1434
1151
1273
1324
1170
2082
2499
2330
1965
1700
1654
1512
1643
1532
1475
814
1375
1179
1620
1767
1191
1264
1369
1186
1187
1028
1687
1541
2136
834
1219
1361
1418
1307
1221
1396
1345
1259
1329
1538
1684
1455
900
1163
1323
1138
1395
1333
1573
1277
2105
1459
1307
1216
1344
1234
3146
868
829
817
909
849
3474
791
827
945
819
3654
3624
2454
2459
2377
2992
823
2075
1412
2566
1913
868
1278
1570
1566
1237
1439
1705
1204
1171
1822
1570
1220
1307
1477
1797
1297
1212
1187
1245
1222
1228
1438
1183
1236
1326
1192
1299
1671
1642
925
2502
1317
1271
1437
1374
1444
1232
1272
1402
1395
1318
1423
1435
1233
1263
1141
1218
1288
1381
1249
1657
1537
2220
876
1200
1304
1379
1411
1329
1302
1186
1201
1552
1527
2210
1490
2117
799
785
1733
931
1179
2849
1326
884
4403
891
3142
1344
3115
2577
1292
1672
2614
1687
931
1539
1631
2032
915
1214
1405
1437
1453
1347
1237
1267
1182
1188
1216
1523
1585
1246
1288
1451
1197
1279
1367
1596
1396
2109
825
1190
1184
1207
1537
2066
1266
1361
1223
1211
1071
1554
1457
1385
1237
1144
1270
1515
921
1788
1606
1954
868
1223
1369
1394
1381
1476
1338
1560
909
1601
1366
1475
1483
1198
1143
1220
1135
1192
1284
1823
1633
1996
878
1217
4231
878
952
862
1008
868
805
938
1634
1053
2694
841
800
787
3519
3568
2525
2284
2225
15005
2070
2002
2000
2181
2133
1972
1575
879
1459
1359
1246
1253
1240
1178
1243
1425
1633
1424
1512
1376
1275
1311
1237
1809
1422
2042
1298
1149
1484
889
1735
1446
1286
1237
1170
1418
1292
1633
1355
1339
1347
1180
1436
1450
1492
1574
2441
1292
1285
1261
1213
1292
1313
1324
1483
1399
18446744073708552961
1481
1563
1314
1280
1185
1358
1287
1174
1291
1450
1492
2076
827
1208
1235
1239
1194
2595
819
909
858
1592
952
3201
831
796
849
866
2203
864
916
1026
7007
1432
3802
1862
1523
2571
2445
1909
1508
851
1338
1258
1281
1542
1357
1883
1435
1253
1400
1439
1202
1701
1255
1184
1310
1237
1333
1368
1526
1499
1489
1633
1284
1210
1602
1521
1874
1562
1276
874
1203
1291
1415
1431
1193
1197
1295
1281
1259
1536
1668
1267
1252
1319
1289
1429
2101
1465
2133
1472
1193
1306
1364
1349
1410
1459
1671
1360
839
1292
1374
1348
1341
1278
1224
1173
1226
1273
1442
2940
935
828
1907
824
821
2449
824
910
1347
831
5114
1084
3311
1432
2195
2507
2168
1401
2160
2652
2794
883
809
818
1308
1179
1439
1480
1503
1348
1296
1198
1328
1408
1632
1488
1331
2199
873
972
1500
1252
1355
1321
1179
1193
1251
1298
1314
1504
1421
1238
1140
1462
1345
1223
1482
2371
1533
1436
1112
1057
1023
1113
1160
1512
1286
876
806
838
840
882
842
798
1061
947
848
824
832
893
871
876
839
1083
995
1057
1019
947
1107
1564
930
854
954
847
798
931
957
969
8602
1578
3033
1901
3175
1379
1788
1292
864
821
830
864
912
951
964
933
831
870
871
840
791
837
1153
851
1026
963
887
922
804
1045
846
838
799
789
917
1112
973
899
1281
1484
862
846
854
832
877
1008
897
869
2689
869
811
805
854
846
901
899
1201
822
930
809
801
1110
1082
1060
1132
1347
1166
2171
1165
1097
1036
996
984
990
1071
897
884
802
801
838
930
826
823
892
905
923
895
800
892
1207
993
854
804
846
791
948
1204
1019
961
1007
890
904
830
821
929
888
988
1089
921
810
853
998
805
840
804
813
892
914
1052
884
835
802
802
884
793
853
992
862
1218
1107
798
1575
1044
909
900
1142
953
970
900
1190
1458
1042
1043
1003
1253
850
903
1116
1015
832
826
9470
1575
3382
2457
985
2015
2012
2740
841
1590
1086
1282
1178
1239
1131
1225
1182
1247
1461
1301
2060
1366
1219
1194
1309
1424
1431
1195
1186
1247
1256
1289
1289
1630
1194
1282
1272
1182
1177
1306
1555
1496
2281
872
1255
1508
1317
1211
1590
1282
1470
1155
1135
1424
1303
1693
1206
1354
1185
1369
1147
1204
1548
1364
2145
1443
1208
1280
1440
1489
1401
1275
1196
1192
1214
1146
1365
1286
1179
1187
1314
1181
1664
946
4531
1576
847
889
802
787
874
942
4502
935
980
925
860
854
1047
1073
3547
2763
2938
4109
906
843
875
4325
1930
1664
1277
1465
852
1367
1408
1138
1282
1455
1137
1169
1220
1784
1462
2214
1252
1307
1145
1233
1566
1297
1174
1178
1542
1237
1384
1572
1563
1316
1316
1145
1228
1268
1223
1400
1478
2050
909
1165
1399
1167
1463
1424
1474
1184
1206
1302
1290
1484
1301
1230
1418
1701
1312
876
1444
1713
1362
2090
850
1296
1321
1340
1621
1501
1200
2294
835
834
861
4213
870
802
798
807
829
1034
805
898
5410
3354
3524
2951
933
946
2458
2281
1849
840
1445
1298
1255
1008
1923
1499
2145
876
1213
1275
1213
1252
1180
1337
1190
1412
1353
1470
1422
1641
1482
1236
1326
1218
1341
1207
1634
1237
2221
1265
1171
1164
1225
1204
1412
1104
1323
1169
1212
1172
1201
1862
1259
1280
1354
1376
1249
1331
1472
1451
2035
1509
1279
1448
1183
1422
1339
1240
1249
1143
1323
1296
1494
1552
1452
5133
801
1451
1185
1380
1405
911
839
4091
1137
3336
1360
2126
3779
851
1626
2892
1911
1213
1612
2280
959
807
1306
1217
1242
1231
1235
1173
1359
1588
1202
6816
4053
1164
1359
1257
951
1051
1564
1004
929
913
904
936
1041
893
1019
870
821
826
941
980
954
913
931
847
825
827
860
870
888
911
874
919
1698
952
908
1482
997
1023
884
850
825
826
858
915
827
856
880
842
895
820
937
1120
971
943
975
945
1020
904
835
886
867
901
825
941
991
1155
808
1340
1363
847
943
1050
847
10416
2479
806
890
1057
1991
944
18446744073708552508
938
978
984
875
1627
2807
880
831
830
835
1050
984
861
828
828
851
819
806
949
811
1040
998
1025
895
856
838
790
876
901
1037
897
1009
1015
907
1077
1647
827
832
790
844
937
920
958
1065
847
861
1054
876
855
939
879
861
841
861
983
808
874
926
865
823
835
936
1081
942
1081
1032
851
1694
951
841
864
866
827
828
919
913
863
881
814
846
854
870
1031
910
893
985
1098
991
911
798
797
848
809
817
833
925
1073
1076
885
1626
1086
933
862
867
895
953
925
1140
831
910
875
830
884
820
9548
2855
2523
1146
2401
3194
1547
1899
1421
1254
1308
803
1160
1446
1354
1583
1420
1394
1448
1151
1299
1342
1325
1617
1761
1242
1177
1410
1292
1788
971
1265
1239
1230
1246
1181
1393
1409
1188
1130
1456
1142
1413
1518
1609
1502
1980
836
1205
1241
1411
1285
1429
1140
1451
1310
1217
1211
1381
1607
1169
1192
1249
1151
1290
1457
1320
1458
2174
1397
1295
1337
1552
1206
2475
809
819
919
1905
809
2185
857
799
903
1796
784
853
3263
1078
818
4684
921
3932
1120
3322
2451
1049
3641
1640
1346
845
1418
1218
1612
1289
2153
834
1224
1567
1252
1428
1315
1289
1203
1258
1326
1264
1384
1422
1177
1484
1171
1289
1213
1347
1681
1351
2486
1220
1215
1236
1203
1715
1259
1527
1168
1171
1281
1626
1256
1477
1234
1144
1134
1475
1320
1327
1644
1198
2206
801
1165
1139
1328
1386
1512
1508
1415
1399
1324
1329
1394
1344
1191
1205
1284
1152
2404
1193
1073
2088
3464
865
788
923
965
950
2550
1011
824
795
4207
3410
1266
2101
1934
1874
882
3285
1680
1840
3044
934
842
1374
1291
870
1353
1450
1649
1257
1154
1216
1148
1242
1218
1501
1560
2156
935
832
1433
1514
1689
1583
1744
1353
1976
1403
1757
1520
1275
1629
934
1488
1200
1393
1378
1298
1392
1251
1178
1197
1345
1585
1423
1038
1343
1214
1226
1167
1216
1501
1187
1227
1542
1189
1557
1295
1797
1365
2318
889
1215
1175
1239
1372
1637
2123
798
901
854
2381
962
1083
1996
806
786
4065
1052
4470
1372
3145
3296
856
838
1769
2127
2229
1926
835
1983
918
905
1215
1498
1449
1419
2252
1303
1097
1287
1175
1257
1285
1228
1252
1209
1237
1132
1239
1971
1253
1331
1186
1206
1360
1185
1652
1361
1701
1597
1298
1375
1071
1508
1509
934
1313
1155
1388
1184
1494
1341
1291
1338
1340
1607
1163
1490
1422
1416
2234
879
1203
1354
1176
1211
1481
1271
1179
1239
1171
1172
1289
1332
1802
6173
1677
4944
862
2444
903
3457
2418
855
856
1541
1241
1442
1275
1181
1237
1407
1275
1339
1638
1975
2163
1289
1154
1226
1302
1309
1240
1391
1178
1175
1583
1208
1456
1651
1176
1279
1172
1278
1344
1353
2506
1702
2178
815
866
1378
1305
1315
1347
1216
1179
1239
1474
1172
1828
1393
1394
1265
1181
1307
1373
1392
1494
1708
1985
835
1591
1316
885
1379
1233
1258
1233
4154
883
956
1054
901
1026
813
814
2776
869
1088
5115
3265
884
2116
2401
3517
816
877
3954
2332
926
1490
1634
1129
1587
2172
827
1265
1238
1176
1333
1463
1190
1421
1964
1282
1009
1452
1640
1300
1182
1227
1168
1247
1136
2435
1617
1967
827
1293
1927
1259
1550
1309
1239
1184
2451
1445
1780
893
1403
1777
1770
907
1754
1002
1903
2373
1276
1291
1303
1619
2065
1200
1302
1258
1149
1891
1973
1716
1179
811
2295
1661
1666
832
3480
943
1029
919
864
3338
1300
865
945
898
821
4670
3977
2328
17053
918
889
847
2286
1988
1892
2678
1444
1490
2078
969
1280
1835
1723
1263
1389
1512
1311
1505
1382
1246
1371
1246
1282
1181
1227
1246
1314
1454
1334
1500
1436
2245
907
1345
1241
1227
1221
1227
1328
1256
1347
1295
1460
1374
1405
1451
1243
1156
1149
1303
1203
1417
1631
1857
1596
1295
1268
18446744073708552876
1269
1562
1852
1215
1181
1319
1368
1237
2349
2476
844
897
795
2189
1095
1470
3967
1697
938
900
895
885
940
870
4344
3560
1647
3247
1275
4486
1086
2943
865
3679
2059
997
1261
1198
1716
1719
1334
1357
1182
1157
1997
1673
1320
1746
984
2678
1619
841
1458
1315
2318
1253
1481
1368
1186
1526
1433
1441
1345
1193
1188
2255
1676
1939
856
2240
2181
1260
1299
1338
1546
2007
1427
1363
1209
1342
1878
1138
1398
969
1232
1321
2024
1909
1601
1834
833
1977
1355
3041
847
929
1511
948
1326
1287
3221
1518
893
889
798
7695
918
1605
3174
2981
2119
1772
2522
2070
2557
1622
1473
1259
1491
1001
1403
2669
1611
1353
1197
1700
2046
1305
955
1408
1189
2313
1694
1253
1258
1142
1344
2032
2077
1283
2221
1509
1190
1169
1332
1399
1545
1463
863
1379
1386
1272
1414
1475
1179
1288
1508
1203
1275
1274
1692
1416
2218
786
1340
1201
1221
1452
1389
1188
1367
1281
1270
1430
1354
1807
854
1145
3557
846
863
1139
999
887
3160
839
797
787
849
5963
1559
1351
21073
1911
1397
10437
3908
2007
2596
4574
1348
2399
1638
1538
2367
5074
2797
1520
1628
2659
1184
2744
4437
880
3489
1608
1003
1306
2705
6202
1117
1458
1413
1377
1681
1338
2275
4747
1947
1546
1338
1194
1929
1152
2990
847
2536
909
842
1889
5027
3790
3451
1258
3272
2628
2259
2511
4427
891
1391
1437
1792
2544
831
3157
1210
1591
1254
1772
1823
4023
1176
1590
1342
1300
1155
1503
5001
1398
1159
1330
1291
1583
5512
868
1193
1244
1532
1874
1382
3434
4536
3489
1420
4729
1931
838
1839
2036
1991
1956
2805
1547
1493
7669
912
3942
2255
2382
5555
923
3331
1051
2864
3561
3061
2624
879
2860
1944
1403
1253
3749
1772
861
1251
1153
1142
2832
3940
921
1474
1770
2110
899
2666
2443
1185
2716
1492
3839
896
1407
1288
3061
861
5830
993
1825
1458
841
1237
1425
1216
1300
2168
1251
2127
1330
1442
2547
6404
871
818
882
2010
982
944
2024
986
5647
3097
1149
5231
5598
2108
2112
3025
2024
5545
2216
1913
858
2840
2865
1560
2077
1239
2321
1444
889
4111
1519
1324
1650
2225
1964
2792
1183
1225
2385
1637
2672
1236
2475
1725
1700
4035
1485
837
1440
1273
2528
1535
2452
1806
3193
2357
1285
3097
3812
3479
2581
3684
897
3295
897
5596
1035
978
923
1307
905
1038
2091
2836
892
1199
2952
1062
8525
2204
4269
4829
3757
2794
950
1049
3116
3506
2055
2177
2411
1008
842
1548
4282
1802
1036
5572
3647
2319
846
1531
1633
2075
2539
1874
1630
1548
2272
913
1357
1386
1401
2062
1787
1027
1468
1500
1864
1288
1082
1441
1313
1274
1534
1618
1410
1705
1009
2288
1376
1469
1274
1311
1260
2214
1301
1185
1431
1393
2686
1125
1780
3964
865
892
862
970
883
5178
928
18446744073708552945
4246
1354
2349
3127
1018
888
7324
625
2085
1528
1290
663
735
1123
10027
1373
634
1913
750
2270
1686
661
1208
3044
607
1134
1009
623
964
1065
999
572
1628
3263
1229
627
1027
1315
1417
568
1937
641
1382
2445
1434
736
1064
4999
723
1093
893
1110
670
1056
737
1159
620
1194
1013
4635
1255
1203
749
1816
806
598
1071
618
976
1055
796
1703
654
1554
1209
694
3365
2856
1833
1732
1308
2498
589
1766
3256
3273
1030
3922
806
1180
876
4847
1151
1822
1809
2382
653
1955
2644
4989
1361
954
605
1148
635
2248
1148
652
1166
4523
1183
570
997
1142
1072
659
1021
1420
729
1074
1669
623
751
4170
1223
602
1217
581
9