18446744073708747120
2063
1121
1117
1678
1427
1389
1276
7383
5700
1124
1274
3488
2025
1106
1072
1195
3148
1221
1071
1104
2502
1296
1850
4009
1133
1108
1165
3294
1394
3028
1325
1112
4310
2996
2199
2729
2454
4023
1117
1115
1851
4180
1402
1649
1300
3099
1212
11511
2650
7744
1151
1857
2062
4317
1658
1618
1783
2622
3675
1595
1782
4717
1688
1697
1790
1868
4464
1156
1130
1139
1367
1309
4694
3225
2830
1859
1374
1114
1114
1148
1236
1353
1360
1311
1503
1244
1264
1352
1203
1119
1142
1219
1199
1222
1120
1389
1565
1433
2162
1202
1148
1194
1204
11380
3432
2965
1311
1313
1196
1483
1856
1469
1119
1105
1207
1367
1278
1173
1142
1287
1108
1089
1283
1231
3287
1456
1719
1188
1373
1727
1260
1982
1194
1106
1252
1660
1384
1242
1354
1163
1246
1081
1444
1216
1643
1157
1113
1114
1514
1160
1250
1407
1254
1903
1603
1223
1179
1113
1232
1358
1428
1126
1198
1178
1108
1155
1169
1438
1248
1177
1117
1114
1139
1135
1483
1573
1250
1733
1145
1227
1073
1139
1218
1179
1320
1135
1199
1529
1079
1110
1165
1272
1459
1088
1093
1160
1165
1174
1178
1374
1265
10533
4316
1114
3462
2717
2044
1549
1642
2022
2234
2442
1533
1738
1784
1911
1112
1100
1175
1075
1286
1147
1215
1657
1357
1387
1107
1105
1182
1364
1210
1432
1693
1271
1146
1098
1249
1237
1483
1116
1152
1159
1143
1193
1160
1257
1153
1121
1148
1124
1399
1130
1241
1336
1354
1266
2081
1160
1142
1201
1136
1183
1241
1242
1131
1159
1161
1066
1122
1271
1500
1066
1118
1120
11265
2483
2423
3167
1272
1319
1379
1452
1421
1102
2642
1364
1080
1108
1201
1711
1604
2141
1175
1128
1128
1140
1232
1198
1219
1101
1125
1140
1072
1287
1371
1469
1113
1166
1113
1107
1141
1140
1335
1448
1165
1877
1406
1173
1155
1159
1267
1454
1259
1256
1145
1066
1148
1114
1183
1317
1419
1177
1172
1200
1071
1105
1178
1384
1271
2014
1171
1154
1148
1360
1204
1234
1137
1098
1120
1295
1079
1153
1153
1345
1178
1108
1098
1332
1154
1157
1166
1392
1158
15586
5602
2948
2011
3877
2664
4286
2127
1737
1630
1935
2791
1206
1433
3355
1156
1092
1127
4288
1490
1195
1236
3392
3759
2368
1149
1407
1247
1224
1243
1207
1115
1170
1068
1103
1159
1423
1207
1952
1207
1569
1126
1245
1201
1258
1220
1075
1354
1383
1158
1204
1262
1180
1326
1182
1344
1142
1093
1190
1510
1293
1882
20070
1685
1871
3451
3614
3302
1195
4465
2328
1210
1601
1603
1954
1665
2353
1628
1502
1231
1199
1817
1482
1216
1100
1390
1259
1335
1420
1128
1112
1507
1159
1232
1254
1286
1210
1107
1102
1175
1206
1105
1131
1398
1510
1771
1303
1119
1105
1233
1153
1179
1289
1138
1087
1173
1171
1191
18446744073708552953
1573
1318
1126
1145
1200
1180
1181
1143
1452
1214
2371
1641
1159
1114
1125
1227
1344
1124
1157
1100
1310
1146
1144
1258
1302
1276
1197
1194
11751
2294
2748
3424
1727
2271
2004
1683
1832
1376
1356
1135
1482
1151
2037
1123
1150
1233
1165
1160
1215
1637
1169
1116
1153
1081
1152
1178
1217
1139
1225
1171
1169
1207
1329
1380
1427
1304
1481
1514
1108
1100
1196
1136
1211
1164
1130
1111
1263
1111
1172
1118
1320
1267
1094
1175
1091
1211
1151
1195
1263
1450
1835
1676
1201
1106
1100
1115
1178
1306
1426
1144
1125
1107
1121
1340
1389
1485
1215
1166
1107
1375
1069
1236
10035
2638
3859
2064
2189
3849
1153
1804
1595
1700
1739
2749
1237
1271
1330
1337
1160
1478
1108
1141
1116
1123
1149
1384
1178
1288
1130
1075
1188
1348
1195
1086
1347
1430
1497
1683
1134
1097
1094
1609
1256
1437
1126
1119
1205
1175
1177
1142
1327
1323
1161
1140
1076
1147
1067
1548
1455
1465
2040
1101
1219
1290
1128
1162
1444
1237
1128
1111
1311
1159
1248
1115
1190
1197
1159
1205
1170
1148
1161
1251
1352
1289
10303
2849
2712
4350
2457
1109
1593
1870
1358
1265
1515
1695
1346
1107
1106
1200
1313
1347
1190
1146
1195
1123
1147
1139
1255
1408
1111
1134
1099
1280
1217
1164
1318
1282
2087
1177
1180
1259
1255
1114
1331
1219
1153
1845
1104
1226
1245
1294
1369
1067
1227
1347
1161
1153
1135
1188
1326
1740
2297
9746
1164
1075
1230
1166
1277
1211
1101
3336
1839
1776
13590
2216
3417
2648
5907
1759
2024
3094
1665
2819
5307
3993
3433
1738
1537
1659
1952
2062
3013
2812
2016
2233
2142
1680
1723
1718
1779
2188
1158
1267
1360
1156
1097
1367
1209
1446
1767
1142
1166
1203
1421
1245
1398
1072
1265
1095
1232
1069
1192
1192
1175
1106
1074
1135
1376
1093
1135
1177
1495
1195
2158
1154
10442
4132
2335
1913
2071
1075
1513
1292
1312
1390
1875
1134
1145
1111
1186
1301
1330
1126
1215
1299
1100
1503
1141
1129
1209
1146
1066
1065
1175
1068
1084
1163
1784
4444
1156
1215
1142
1178
1149
1224
1222
1115
1132
1071
1320
1177
1581
1298
1095
1298
1220
1101
1191
1310
1230
1392
1808
1404
1077
1125
1156
1329
1461
1215
1176
1144
1160
1229
1193
1190
1426
1278
1120
1154
1195
1157
1134
1325
1398
1418
1804
1127
1065
1353
1358
1189
1266
1124
1099
1168
1163
1308
1376
1393
1380
1263
1136
1367
1110
1153
1106
1237
1105
1317
1105
1148
1187
1767
1270
1319
1684
1194
1360
9684
3850
2593
3691
1864
1536
2807
1635
1626
1677
1824
1748
1976
1481
1889
1575
1731
1872
1955
2822
1221
1079
1160
1211
1423
1162
1106
1205
1072
1157
1264
1296
1414
1212
1162
1071
1074
1121
1145
1135
1325
1360
1256
2092
1302
1071
1207
1075
1103
1307
1096
1070
1092
1149
1080
1154
1233
1461
1359
1119
1205
1238
1172
1277
1370
1306
1594
1675
1117
1103
1125
9907
4054
2872
3257
1161
1530
1177
2118
1130
1119
1096
1138
1143
1312
1493
1119
1131
2696
1307
1490
1733
1378
1510
1411
1402
1761
1649
2339
1359
1206
1094
1124
1177
1652
1349
1088
1244
1233
1224
1193
1188
1287
1164
1113
1147
1330
1100
1072
1159
1386
1478
1788
1421
1148
1298
1163
1141
1195
1331
1072
1079
1084
1093
1071
1329
1384
11838
1913
1702
1455
1177
1188
1292
1176
1140
1223
1233
1231
1255
1209
1207
1323
1137
1128
1153
1201
1122
10199
2427
2951
2780
1077
3104
4071
3438
1560
1896
1673
1647
2126
7741
1570
1621
2121
2978
1569
1620
18446744073708557151
2686
1801
1802
1630
2431
2837
1734
1690
2318
1411
3128
1170
1216
3208
5000
2061
1278
1245
1291
1308
1091
1073
1104
1167
1526
1272
1297
1153
1103
1067
1140
11910
3108
2245
3860
1116
1202
1901
1184
1413
1377
1163
1346
1146
1318
1259
1859
1323
1239
1140
1232
1107
1274
1250
1100
1138
1110
1100
1133
1133
1225
1145
2529
1405
1189
1095
1121
1513
1254
1723
1413
1351
1106
1224
1219
1206
1286
1137
1127
1216
1147
1108
1130
1210
1481
1217
1141
1109
1116
1107
1345
1351
1263
1407
2036
1088
1280
1149
1178
1408
1366
1260
1366
1371
1176
1358
1144
1164
1114
1102
1151
1125
1140
1130
1150
1458
1516
2003
1361
1142
1111
1169
1326
1264
1251
1111
1102
1190
1075
1407
1181
1383
1358
1117
1243
1074
1115
1309
1140
1383
1239
1962
11094
3228
2430
2257
3182
2015
1766
1660
2525
1524
1579
1945
1733
1781
1722
1697
1668
1688
2015
1413
2046
1670
1831
1894
1979
2331
1585
1539
1799
2068
1567
1740
1838
1268
1195
1250
1238
1086
1207
1070
1139
1148
1454
1470
1305
1694
1587
1101
1079
1141
1134
1224
1321
1170
1255
1280
1170
1155
1188
1244
1387
1066
1157
1223
1073
1104
8793
1114
5353
3738
2090
3064
1116
1096
1078
1110
1076
1121
1168
1549
1151
2472
1225
1106
1196
1232
1253
1170
1157
1114
1359
1414
1183
1139
1293
1395
1096
1201
1106
1073
2722
1498
1103
1973
1241
1247
1069
1312
1253
1426
1077
1186
1168
1139
1144
1335
1271
1172
1258
1116
1231
1373
1159
1100
1140
1456
1317
1968
1292
1159
1134
1178
1614
1689
1558
1182
1309
1453
1195
1738
1207
1135
1196
1105
1184
1145
1407
1281
1408
1265
1135
1138
1159
1205
1368
1509
1277
1188
1116
1584
1122
1246
1197
1299
1250
1211
1198
1117
1131
1068
1102
1362
1435
1290
1838
1076
1154
1162
1168
9227
4429
1953
2186
3662
2911
1335
1722
1478
1675
2135
1503
1771
1789
1161
1261
1341
1337
1132
1322
1111
1118
1100
1135
1365
1551
1455
1689
1159
1247
1428
1297
1243
1224
1139
1105
1883
1109
1239
1368
1399
1155
1231
1372
1253
1287
1251
1284
1161
2005
1199
1155
1611
5930
4414
1295
1268
1121
1157
1122
1705
2276
1240
13960
3989
1825
2702
1201
1537
4779
1549
1397
4161
1075
1104
1285
1371
4529
3301
2471
1190
1194
1141
1239
1159
1194
1391
1565
1618
2142
1268
1192
1123
1111
1154
1156
1133
1135
1210
1187
1126
1243
1463
1197
1191
1523
1124
1173
1172
1347
1258
1852
1214
1205
1163
1240
1192
1140
1464
1151
1154
1123
1160
1253
1210
1251
1267
1115
1123
1301
1263
1257
1186
1528
1296
1582
1570
1148
1115
1221
10840
2481
3347
2655
2380
2111
1600
2816
1153
1137
1178
1372
1105
1151
1231
1127
1123
1161
1139
1108
1165
1165
1196
1123
1221
1157
1283
1314
1374
2049
1285
1117
1109
1152
1150
1180
1222
1122
1105
1102
1176
1117
1300
1263
1566
1107
1124
1283
1069
1067
1153
1388
1305
1141
1192
1647
1180
1153
1105
1228
1294
1315
1170
1144
1159
1106
1131
1146
1271
1456
1105
1115
1085
1293
1157
1204
1414
1307
1599
1275
1228
1125
10971
2775
2014
2680
2319
1640
1979
1693
2628
1791
1181
1217
1516
1181
1182
1128
1096
1187
1177
1152
1218
1273
1215
1122
1170
1175
5133
1163
6046
1693
2046
1199
1272
1274
1175
1172
1255
1467
1198
1084
1128
1239
1073
1146
1247
1470
1527
1918
1276
1113
1108
1146
1160
1508
1242
1141
1110
1116
1176
1361
1363
1191
1174
1075
1110
1150
1372
1299
1509
1243
1875
1544
10486
4425
1348
2611
2018
1674
1634
1809
2128
1969
1662
1956
18446744073708552980
1354
1101
1116
1176
1175
1152
1129
1216
1333
1160
1068
1169
1492
1196
1607
1302
1573
1257
1813
1106
1139
1183
1178
1226
1398
1261
1102
1200
1179
1069
1205
1247
1338
1070
1105
1101
1103
1068
1396
1247
1518
1191
1926
1303
1193
1197
1149
1198
1262
1371
1240
1248
1236
1328
1421
1362
1172
1232
1109
1172
1108
1109
1143
1527
1476
1757
11612
2434
5344
2302
1799
1667
1575
1567
1741
1791
1561
1834
2102
1735
1880
1186
1170
1247
1158
1391
1313
1082
1218
1249
1128
1224
1151
1508
1301
1911
1288
1107
1290
1281
1231
1231
1228
1108
1104
1902
1152
1215
1296
1395
1109
1241
1358
1141
1158
1396
1367
1250
1815
1152
1134
1328
1659
5964
3801
1317
1391
1155
1141
2882
1383
1242
5426
1169
10197
4296
2356
1623
3370
1502
5862
1261
2014
2239
3287
1673
1964
3348
4031
2915
1366
1575
1313
2064
1730
1120
1116
1296
1199
1114
1170
1103
1177
1180
1108
1125
1357
1613
1282
1459
1136
1108
1067
1264
1394
1617
1481
1866
1186
1258
1172
1300
1347
1219
1248
1134
1105
1119
1233
1213
1324
1124
1109
1434
1188
1305
1262
1283
1361
1671
1524
1196
1150
10773
2960
1456
2277
1093
1166
2807
1505
1448
1856
1107
1143
1157
1141
1118
1335
1195
1122
1239
1186
1326
1281
1513
1240
1106
1139
1223
1539
1154
1243
1435
1392
1408
1894
1109
1074
1146
1214
1327
1224
1295
1153
1215
1182
1271
1203
1692
1076
1151
1193
1145
1117
1303
1183
1330
1297
1801
1460
1165
1113
1111
1184
1318
1149
1130
1195
1131
1150
1216
1328
1351
1648
1464
1134
1197
1641
1260
1368
1513
1813
1547
1179
8697
1067
1168
1590
5388
4291
5793
1189
2571
2411
3460
1484
1830
1718
1971
2203
1954
1811
2004
2242
2659
1620
1505
1715
1818
1980
2024
1949
1948
2187
1319
1354
1310
1112
1123
1224
1240
1455
1315
1726
1151
1162
1109
1143
1188
1434
1154
1261
1111
1175
1310
1344
1211
1268
1197
1414
1110
1172
1242
1235
1267
1523
1337
1814
1211
1111
1143
1277
1203
1227
1137
1122
9803
1587
4098
3773
1961
2216
1269
1251
1557
1141
1079
1139
1130
1156
1143
1137
1218
1186
1177
1348
1213
1351
1189
1325
1431
3612
1232
1110
1136
1176
1182
1404
1161
1104
1133
1278
1132
1145
1229
1511
1074
1108
1160
1132
1231
1301
1350
1592
1146
1132
1936
1270
1135
1158
1226
1317
1249
1344
1126
1226
1133
1187
1151
1182
1196
1107
1101
1161
1081
1109
1271
1521
1306
1825
1204
1143
1109
1187
1295
1283
1203
1137
1105
1316
1204
1206
1447
1415
1112
1167
1127
1108
1067
1192
1330
1330
1350
1965
1274
1164
1142
1134
1194
1410
1217
11118
2619
1639
4770
2254
1569
1864
1897
1802
1625
1803
1741
1707
1910
1623
2109
1182
1168
1191
1201
1429
1419
1883
1239
1244
1158
1744
5894
2914
1182
1194
5339
1389
1121
1705
1218
2202
3815
1145
1103
1291
1147
1198
3647
1276
1227
1465
1841
4553
3091
2844
1326
1313
1122
1296
1358
1320
1250
11716
2369
3621
1314
1869
3866
1785
1180
1532
1282
1229
1306
1110
1103
1169
1232
1482
1117
1180
1119
1159
1128
1175
1333
1217
2072
1300
1127
1205
1375
1104
3373
9430
1597
2022
1407
1166
1359
1345
1321
1964
1157
1161
1189
1219
1283
1360
1135
1100
1122
1189
1165
1123
1156
1422
1191
1108
1159
1146
1218
1385
1495
1299
1467
1792
1152
1213
1183
1363
1302
1403
1139
1306
1156
11149
4277
2778
2061
1916
1835
1592
1755
1662
1734
1634
18446744073708553859
1317
1159
1126
1227
1108
1224
1205
1197
1209
1819
1542
1126
1133
1128
1242
1481
1315
1166
1152
1137
1103
1223
1139
1391
1283
1352
1250
1139
1139
1107
1327
1662
1275
2111
1136
1134
1317
1141
1099
1132
1180
1158
1136
1271
1160
1105
1324
1333
1265
1091
1398
1160
1160
1142
1346
1455
1193
1985
1121
1159
1134
1114
1240
1721
1137
10260
3460
1954
1721
4569
1620
1643
1634
1865
1155
1199
1133
1166
1072
1101
1220
1515
1159
1090
1221
1103
1129
1166
1180
1539
1229
2042
1147
1204
1131
1101
1137
1486
1233
1171
1149
1137
1322
1288
1324
1329
1143
1182
1072
1159
1098
1173
1196
1627
1244
2161
1168
1102
1159
1163
1148
1305
1130
1115
1108
1107
1109
1154
1150
1341
1446
1315
1108
1134
1208
1124
1283
1343
1197
2076
1095
1295
1310
1074
1242
1253
1201
12627
1224
2441
3353
2634
1646
1555
1717
1776
1716
1661
1702
1651
1807
1826
1175
1136
1136
1073
1250
1309
1555
1626
1441
1973
1212
1164
1125
1151
1482
1199
1406
1115
1130
1167
1138
1188
1235
1095
1302
1074
1079
1135
1122
1218
1539
1211
2213
1182
1127
1160
1231
1197
1431
1118
1171
1095
1116
1378
1089
1275
1344
1203
1128
1190
1239
1082
1151
1173
1323
1191
2138
1174
1205
1125
1105
1122
11248
1189
2833
2642
1092
1489
3822
1527
1634
1660
1784
1892
1571
1832
1826
1107
1224
1352
1065
1448
1182
1166
1143
1134
1419
1141
2017
1247
1181
1147
1145
1147
2016
7662
1304
1393
1113
1151
2988
1268
1202
5505
1216
1133
1131
1186
1182
1292
1158
3721
1147
1137
1230
3485
1157
1105
1365
5025
4053
2124
1457
1366
1156
1149
12733
2217
5927
1350
1751
1927
1245
1406
1160
1098
1153
1068
1100
1219
1414
1515
1117
1167
1107
1068
1171
1284
1461
1277
1786
1115
1156
1387
1142
1297
1330
1169
1121
1225
1181
1135
1203
1184
1305
1248
1105
1342
1145
1292
1155
1222
1462
1160
1937
1199
1100
1102
1138
1156
1409
1187
1243
1099
1169
1185
1106
1146
1278
1387
1153
1066
1105
1137
1364
1178
1415
1279
2014
1489
1242
1136
1269
1300
1388
12600
2203
1998
3568
2525
1351
1529
1671
1767
1901
1786
1791
1913
1324
1519
1109
1193
1116
1101
1101
1133
1209
1335
1248
1944
1407
1191
1110
1218
1202
1373
1350
1150
1187
1141
1154
1387
1162
1376
1249
1298
1136
1150
1129
1225
1128
1354
1344
1893
1301
1178
1283
1224
1114
1164
1214
1106
1098
1182
1125
1207
1247
1430
1358
1293
1263
1218
1106
1144
1211
1224
1366
1777
1282
1174
1073
8887
4811
1889
2494
1315
2894
1973
2624
1134
1111
1090
1360
1279
1288
1119
1452
1238
1359
1168
1218
1288
1473
1101
1277
1068
1166
1112
1167
1330
1434
1541
1470
1156
1091
1068
1242
1193
1384
1065
1240
1105
1113
1257
1226
1455
1194
1268
1305
1079
1193
1068
1100
1211
1421
1284
1972
1118
1090
1169
1148
1223
1398
1204
1174
1253
1155
1136
1156
1220
1691
1310
1118
1197
1260
1108
1233
1139
1303
1572
1738
1213
1294
1130
1162
8971
2795
3840
2113
3030
4204
2760
1223
1750
1627
1706
1741
1764
1690
1721
1381
1077
1179
1168
1153
1417
1213
1488
1239
2097
1138
1218
1156
1073
1152
1273
1349
1127
1333
1298
1232
1444
1677
1956
1637
1364
1320
1185
1156
1295
1495
2014
1186
1147
1136
1346
1224
1250
1220
1069
1140
1102
1227
1116
1328
9546
4102
1875
1970
1864
1342
1609
1146
1096
1310
1113
10795
3068
4700
1474
4705
2092
4770
2226
3607
1428
2684
2393
1470
2435
1587
1622
1742
3177
6864
4669
1893
2807
18446744073708556979
2454
1723
1609
2097
5139
1807
3113
1240
1946
3675
1282
1394
1997
3153
1141
1216
3552
3378
2671
1486
1251
1122
1073
1143
1237
1184
11500
3557
2828
2181
2171
1908
1317
1229
1110
1204
1114
1150
1355
1268
1565
1630
1170
1210
1453
1263
1429
1308
1126
1177
1132
1091
1101
1208
1206
1160
1096
1319
1224
1362
1113
1214
1321
1365
3446
1187
1130
1127
1112
1375
1249
1115
1156
1109
1155
1111
1282
1292
1421
1127
1215
1163
1261
1244
1215
1444
1185
1761
1460
1175
1173
1315
1216
1493
1205
1211
1172
1290
1113
1153
1207
1217
1089
1185
1153
1138
1292
1071
1273
1365
1320
2024
1247
1207
1119
1231
1109
1152
1279
1104
1101
1204
1333
1121
1398
1425
1188
1066
1150
1119
1103
1245
1081
1376
1387
1541
1563
1218
1131
1145
1241
1308
1323
1138
12394
1319
3844
5485
2739
1171
2166
1142
1510
1553
1634
1908
2079
2036
1423
1079
1158
1250
1432
1129
1999
1235
1156
1308
1147
1692
1482
1110
1182
1187
1195
1251
1226
1190
1193
1284
1071
1065
1106
1317
1210
1488
1442
1350
1536
1146
1104
1123
1088
1183
1290
1313
1299
1264
1217
1134
1168
1379
1417
1067
1081
1182
1166
1103
1123
1255
1425
1207
1754
1155
1148
1156
1282
1177
1446
1145
1146
1147
1191
1473
1120
9822
4141
3662
2235
1936
1984
1636
1659
1582
2096
2644
1656
1582
3416
2370
1351
1866
1209
1250
1156
1191
1663
1564
1753
1156
1107
1107
1201
1258
1786
1170
1206
1131
1172
1100
1755
1398
1432
1583
1337
1178
1570
1217
1347
1105
1202
1099
2285
1295
1201
1171
1306
2534
1248
1551
1355
1551
2168
1686
1496
1147
1140
1234
2437
1248
1303
1345
1275
2437
1303
12270
2976
3883
1412
3394
2082
1884
2859
2166
1744
1654
2056
1937
1649
3420
1812
1700
1703
2203
1690
1166
1147
1175
1275
1541
1812
1377
1162
1183
1162
1415
1932
1480
1971
1164
1280
1882
1250
1211
1257
1107
1189
1664
1225
1959
1365
1365
2042
1286
1275
1092
1130
1403
1993
2012
1121
1246
1107
2207
1594
1673
1125
6190
1957
13753
3596
3181
3179
2882
1295
3432
1191
4335
1566
1130
1890
1444
1780
3545
1301
1179
1145
1113
2407
1321
2206
4674
3673
1666
1571
1562
1155
1208
1182
1278
1358
1221
1110
1152
1139
1133
1070
1106
1761
2086
1365
1285
1107
1108
1198
1379
1417
1936
1419
1190
1524
1444
1211
1337
1252
1123
1097
1161
1442
1263
1215
1250
1194
1490
1458
1120
1103
1140
1447
1349
1822
12172
1693
4390
1517
1609
1725
2102
2130
1603
2371
1183
1776
1592
1944
1735
1832
1796
1722
1858
1212
1106
1104
1079
1148
1168
1143
1372
1426
1393
1908
1169
1153
1210
1224
1111
1273
1143
1108
1125
1334
1296
1290
1327
1393
1432
1159
1118
1200
1147
1252
1377
1184
1812
1229
1107
1138
1110
1281
1181
1461
1103
1165
1155
1333
1180
1147
1525
1267
5054
8180
4028
3648
3064
1269
2540
1408
1370
1379
1182
1473
2216
1328
3464
2099
1202
1169
1101
1595
1263
1697
1225
1156
1066
1136
1191
1816
1250
1116
1070
1143
1416
1258
13742
1802
1961
1174
1147
1208
1345
1360
1834
1223
1163
1120
1265
1498
2115
1910
1269
1163
1142
2359
1376
1186
1350
1276
1737
1277
1208
1169
1177
1105
1264
1838
1141
1366
1266
1488
2738
1708
1107
1223
1197
1876
12800
1839
3071
4733
1891
2427
18446744073708552801
2034
2372
1584
1703
1716
2594
1289
1189
1118
1144
1114
1687
1634
1240
2001
1217
1132
1084
1753
1501
1364
1075
1206
1179
1149
1191
1211
1238
1604
1807
1175
1181
1312
1281
1422
1253
1525
1683
1109
1193
1171
1189
1370
1361
1485
1287
1245
1162
1196
1200
1226
1282
1070
1065
1100
1199
1082
1121
1615
1770
1365
1626
1147
1204
1145
1101
1101
1209
1152
1115
11574
2105
4260
2319
1140
1787
1572
1727
1647
1769
1652
1948
2077
1817
1772
1515
1676
1748
2030
1925
2310
1977
1533
1855
1202
1230
1199
1229
1143
1123
1154
2169
1192
1269
1294
1188
1198
1181
1175
1456
1220
1891
1181
1188
1101
1235
1415
1424
1415
1575
1164
7200
1145
1111
5541
1299
1755
1408
1149
1148
1141
1240
3332
1234
1308
9872
2489
6548
2027
3429
2787
1138
1164
1811
3385
5109
2703
1219
1531
1181
2026
1205
1141
1119
1233
1104
1148
1206
1117
1172
1221
1212
1158
1379
1972
1597
1145
1128
1163
1314
1124
1655
1089
1822
1115
1179
1477
1145
1246
1541
1151
1088
1200
1226
1103
1140
1139
1190
1294
1290
1126
1329
1146
1158
1190
1484
1338
1736
1334
1156
1146
1247
1435
1399
1227
1066
1062
1118
1161
1150
1217
1513
1228
1149
1158
1118
1507
1192
1191
1456
9118
2067
3023
3362
1188
4127
2500
1627
1721
2048
2666
1741
1761
1177
1175
1104
1216
1105
1101
1357
1211
1160
1846
1647
1325
1198
1157
1183
1150
1251
1450
1150
1524
1131
1123
1137
1142
1212
1112
1414
1111
1113
1181
1115
1108
1199
1372
1289
1432
1103
1102
1612
1254
1162
1627
1400
2062
1254
1565
1311
1394
1270
1242
1136
1098
1166
1153
1324
1196
1481
1353
1271
1219
1230
1245
1136
1185
1394
1209
1230
1171
1194
10411
3776
1960
2461
3346
1236
2738
2355
1684
1584
1781
1614
1733
1847
1647
1582
1702
2023
1688
1738
1799
1690
1991
1267
1752
1231
1291
1132
1101
1136
1151
1538
1104
1154
1399
1412
1175
1227
1204
1231
1145
1060
1144
1103
1186
1099
1244
1590
1129
1310
1917
1132
1191
1184
1293
1284
1253
1132
1163
1202
1067
1108
1543
1466
1191
1319
1259
1140
1146
1298
1345
1190
1764
9159
4516
1951
3011
1384
1089
1187
1397
1115
1744
1210
1460
1740
1267
1146
1119
1279
2940
1112
1105
1206
1132
1120
1135
1275
1330
1098
1080
1159
1388
1162
1208
1454
1328
1371
1714
1111
1215
1217
1155
1267
1431
1440
1719
1185
1091
1263
1185
1215
1206
1191
1117
1110
1090
1105
1207
1533
1218
1876
1495
1164
1118
1140
1289
1152
1185
1104
1104
1137
1349
1117
1288
1409
1175
1067
1149
1107
1107
1222
1208
1375
1300
1658
1771
1189
1249
1134
1182
1397
1151
1103
1146
1136
1115
1083
1422
1389
10092
4012
1395
1119
2580
3302
2543
1494
1637
2519
1859
1615
1491
1668
1830
1698
2646
1782
1126
1144
1339
1522
1120
1122
1643
6873
1139
1078
2097
1088
4406
2062
1141
1102
1099
5772
1268
1404
1231
1111
1144
1448
1377
1107
1817
3263
1403
1222
2385
4252
2987
1471
1129
9933
3401
3520
1933
3171
1155
1250
1858
1149
1188
1209
1183
1261
2528
1254
1335
1299
1285
1144
1217
1097
1115
1202
1334
1206
1657
1504
1349
1188
1103
1144
1253
1467
1059
11068
1839
1793
1315
1418
1370
1628
1456
1106
1104
1146
1481
1241
1307
1171
1179
1127
1140
1128
1229
1401
1170
1189
1094
1200
1252
1129
1242
1388
1122
2013
1131
1121
1091
1397
1110
1282
1436
1262
1141
1148
1263
1217
1235
1454
1146
1159
1099
1291
1177
12421
1784
3651
2936
1217
18446744073708554293
1722
1757
1512
1638
1978
1993
2307
1690
1634
1796
1204
1327
1132
1155
1796
1216
1260
1321
1396
1312
1266
1214
1167
1201
1149
1622
1255
1743
1434
1390
1100
1162
1224
1294
1178
1081
1157
1279
1109
1109
1156
1153
1530
1291
1254
2045
1167
1230
1394
1291
1878
1355
1164
1075
1115
1448
1440
1219
1162
1153
1107
1333
1145
1134
1324
1302
1078
1100
1275
1495
10526
3242
3927
1397
1087
1530
1237
2924
1281
1248
1073
1223
1368
1425
1190
1952
1238
1193
1154
1101
1143
1233
1246
1102
1147
1204
1390
1174
1280
1266
1196
1146
1112
1109
1261
1170
1176
1294
1373
1378
1499
1164
1146
1228
1204
1229
1291
1220
1129
1254
1194
1150
1187
1395
1652
1116
1317
1126
1248
1331
1173
1366
1175
1850
1256
1459
1209
1147
1214
1688
1111
1089
1097
1184
1067
1352
1222
1294
1292
1274
1214
1250
1166
1146
1329
1497
10053
1696
3704
2871
2307
2078
2989
1371
2027
1912
2828
1945
1165
1147
1217
1351
1267
1186
1184
1137
1087
1175
1297
1173
1200
1222
1071
1146
1073
1283
1450
1531
1400
1944
1167
1138
1283
1103
1187
1263
1180
1095
1217
1383
1166
1176
1189
1287
1067
1204
1157
1100
1071
1171
1162
1351
1363
2180
1153
1138
1100
1190
1320
1331
1099
1151
1187
1151
1098
1251
1396
1214
1148
1107
1067
1268
1163
1103
1225
1441
1224
1983
1285
1296
10185
4305
1977
4068
1231
1779
1777
2333
1749
1680
1999
1287
1170
1124
1426
1609
5700
4841
1216
1249
1493
1232
1972
5017
1301
1233
1276
1190
1120
1123
4573
1148
1110
1137
1072
1192
2539
1528
5096
2894
2917
1858
1161
1744
1333
1396
1576
1169
1199
1197
1099
1340
1179
1210
1458
1220
2075
1244
1230
1148
13358
1471
2993
2229
2161
1649
2509
1276
1346
1122
1272
1202
1354
1072
1244
1230
1099
1062
1146
1170
1282
1101
1299
1124
1168
1097
1108
1135
1557
1288
1772
1215
1115
1064
1118
1541
1267
1317
1165
1130
1166
1182
1187
1279
1346
1345
1118
1105
1244
1200
1175
1183
1412
1186
2011
1127
1191
1124
1102
1347
1365
1524
1159
1348
1111
1068
1226
1071
1266
1169
1279
1067
1135
1157
1066
1174
1519
1313
1677
1517
11533
1157
3161
2631
2165
2386
1849
2014
2508
1188
1215
1071
1104
1452
1368
1151
1189
1175
1184
1102
1388
1344
1394
1242
1083
1064
1166
1149
1175
1102
1736
1264
1858
1312
1111
1232
1308
1281
1253
1188
1102
1177
1113
1069
1122
1309
1310
1266
1314
1248
1069
1119
1143
1466
1223
1752
1200
1136
1251
1105
1377
1190
1509
1108
1190
1229
1152
1116
1204
1592
1254
1087
1073
1067
1417
1077
1159
1470
1287
1287
1577
10020
3674
1167
3812
2547
2014
2251
1706
2378
1523
1836
1080
1157
1223
1453
1111
1179
1433
1123
1258
1235
1296
1144
1140
1065
1109
1105
1088
1179
1327
1292
2242
1404
1148
1071
1207
1147
1217
1163
1188
1075
1104
1147
1213
1293
1510
1565
1123
1120
1150
1159
1342
1155
1765
1199
2064
1240
1274
1147
1110
1190
1328
1149
1144
1142
1218
1111
1245
1236
1228
1432
1206
1229
1233
1155
1065
1327
1558
1365
1736
1099
1072
10621
3866
1186
4148
1163
1827
1834
2437
1702
1615
1721
1697
2345
1690
1847
1843
1301
1270
1167
1179
1168
1076
1231
1073
1482
1500
1283
1662
1301
1111
1106
1137
1343
1481
1489
1284
1279
1328
1167
1305
1424
1518
1131
1191
3159
7273
2053
1827
1440
1404
1203
1299
1266
1166
1167
1366
1276
1291
1249
1113
1108
1158
1150
1269
1293
1348
1179
1123
2342
9654
3097
3398
2257
3625
3507
2912
1459
1874
2176
2003
1600
1658
2147
6166
3398
1844
18446744073708553485
4577
1647
1746
1712
1897
5203
1963
1888
1465
1732
1728
3139
1871
4462
4075
1466
3534
1455
1130
1287
4725
2940
1352
1292
1403
1265
2591
1253
1157
1236
1191
1161
9862
3231
3243
3038
2816
1885
1336
1398
1199
1153
1234
1318
1182
1143
1114
1157
1269
1164
1215
1142
1338
1183
1207
1119
1075
1179
1233
1635
1171
2148
1202
1109
1214
1384
1293
1229
1161
1110
1198
1097
1125
1154
2875
1166
1167
1446
1179
1187
1267
1327
1234
2084
1126
1121
1142
1144
1148
1281
1398
1117
1165
1133
1084
1156
1254
1231
1212
1094
1227
1139
1184
1074
1198
1451
1326
1844
1498
1144
1109
1132
1160
1285
1258
1589
1163
1334
1161
1234
1195
1368
1160
1151
1104
1111
1169
1106
1133
1436
1185
2179
1249
1156
1188
1158
1186
1465
1303
1119
1208
1127
1103
1129
1575
1375
1191
1075
1179
1144
1086
1131
1173
1508
9994
1751
3894
1682
2305
3643
2775
1830
1788
1723
2700
1190
1197
1352
1428
1697
1109
1235
1247
1100
1105
1123
1167
1150
1161
1124
1110
1303
1249
1197
1157
1664
1166
1840
1201
1106
1069
1234
1188
1251
1499
1158
1179
1174
1311
1109
1301
1455
1162
1075
1104
1102
1102
1081
1473
1398
1257
1882
1102
1151
1143
1166
1281
1350
1184
1148
1243
1431
1097
1383
1237
1262
1122
1198
1169
1166
1122
11672
2428
2295
2869
2989
2119
1365
1637
1616
1702
1676
2150
1358
1815
1323
1166
1123
1211
1409
1260
1110
1151
1146
1121
1163
1296
1303
1192
1373
1284
1210
1176
1185
1141
1421
1440
1746
1405
1164
1156
1647
1584
1466
1098
1538
1351
1191
1414
1302
1570
1114
1169
1239
1194
1129
1287
1295
1265
1238
1126
1126
1171
1388
1193
1343
1454
1367
1261
1313
1179
1109
1282
1189
1188
1174
1122
1106
1131
11743
1951
2901
4086
1277
1833
1913
1652
1580
1705
1596
1873
1785
2655
1688
1682
1714
2208
1869
1507
1663
1950
2050
1641
1427
1558
2048
1713
1796
2085
2093
1836
1661
1726
1797
1852
1771
1744
1283
1220
2165
1254
1330
1115
1113
1163
1259
1404
1218
1877
1111
1211
1112
1370
1236
1491
1215
1089
1098
1234
1604
5452
8111
7364
2540
2596
2952
3452
1350
3332
1188
1192
4769
1688
1456
1160
1112
1108
1127
2688
1148
1499
2628
1201
2408
4265
4366
1628
2439
1392
1123
1278
1168
1230
1188
1143
1152
1144
1187
1078
1229
1416
1700
1496
1106
1244
1062
1147
1178
1304
1246
1925
1211
1663
1136
1101
1236
1466
1153
1083
1122
1101
1231
1211
1396
1183
1311
1107
1117
1103
1108
1250
1237
1358
1254
1608
1627
1170
1103
1371
1191
1147
1203
1140
1102
1139
1151
1109
1116
1312
1386
1138
1153
1275
1157
1246
1327
1359
1169
2012
1423
1161
1140
1102
9930
3203
1728
1929
3518
1906
1811
2358
1548
1655
1932
1418
1469
1112
1214
1432
1163
1143
1162
1469
1074
1124
1153
1125
1065
1286
1217
1387
1445
1970
1116
1152
1070
1102
1261
1435
1070
1082
1159
1117
1120
1139
1311
1318
1245
1114
1066
1064
1239
1231
1139
1443
1257
1306
1878
1219
1147
1238
1143
1104
1190
1140
1099
1106
1067
1140
1123
1196
1462
1376
1148
1178
1102
1065
1155
1441
1275
1390
1908
1370
1139
8899
3545
2937
1763
6430
1117
7571
2897
1300
1875
1210
1653
1838
2077
1608
1775
1512
1854
2021
2278
2169
1446
1761
1781
1992
1513
1850
1643
1865
1762
1649
1606
1633
1832
1586
2237
2524
1653
1691
1671
1728
1813
1702
1855
1165
1316
1302
1447
1074
1099
1164
1281
1101
1112
1228
1449
1233
1880
1241
1198
1182
1173
18446744073708552750
1403
1145
1165
1135
1161
1111
1422
1184
1213
7470
3833
3569
3865
3155
2030
1181
1234
1242
1314
1849
1196
1124
1357
1133
1143
1196
1220
1408
1234
1877
1167
1177
1100
1156
1287
1488
1113
1212
1185
1063
1079
1265
1188
1224
1093
1099
1195
1119
2895
1365
1388
1763
1303
1138
1164
1124
1146
1361
1358
1217
1115
1379
1120
1227
1249
1324
1359
1095
1128
1107
1065
1101
1300
1599
1272
1997
1279
1180
1101
1117
1464
1364
1200
1187
1280
1154
1104
1424
1403
1451
1107
1109
1068
1126
1172
1108
1153
1497
1242
1931
1406
1158
1132
1197
1309
1214
1262
1142
1067
1132
1174
1234
1202
1553
2031
1295
1164
1151
1138
1319
1227
1201
1783
1464
1111
1132
1374
18041
2979
3137
7661
2760
2354
1816
1646
2172
3146
1339
1129
1248
5713
1100
1145
1103
1117
1223
1963
1236
3829
3747
2704
1193
1113
1104
1134
1195
1342
1440
1305
1788
1161
1112
1170
1190
1148
1148
1231
1164
1161
1117
1151
1404
1435
1781
1082
1334
1125
1067
1182
1118
1380
1331
1762
1316
1558
1183
1104
9465
4139
2748
1760
1911
1463
3394
1501
1102
1234
1445
1302
1190
1216
1074
1137
1121
1157
1131
1141
1493
1276
1106
1108
1523
1255
1227
1422
1323
1584
1729
1201
1106
1105
1138
1238
1635
1163
1086
1111
1181
1138
1241
1224
1321
1247
1146
1274
1194
1073
1381
1436
1397
1805
1466
1178
1070
1472
1215
1293
1290
1122
1384
1250
1161
1282
1211
1401
1211
1173
1172
1150
1149
1305
1562
1516
1766
1526
1161
1134
1097
1168
1278
1231
1144
11917
3724
2104
3427
3340
2062
2106
1576
1649
1788
1736
1809
1829
1746
1800
1226
1171
1246
1312
1247
1915
1122
1153
1132
1308
1145
1236
1217
1119
1145
1137
1151
1117
1178
1295
1186
1231
1147
1510
1192
1270
2380
1316
1941
1181
1152
1632
1221
1239
1452
1466
1127
1716
1113
1112
1137
1231
1480
1857
1282
1157
1107
1514
1408
1629
2014
1105
12654
4483
1852
1918
1132
1486
1405
1429
1951
1582
3037
1177
1107
1158
1154
1151
1194
1213
1107
1323
1238
1550
1206
1137
1122
1107
1171
1155
1222
1308
1211
1880
1449
1118
1197
1218
1217
1327
1260
1123
1143
1155
1135
1237
1113
1452
1400
1087
1117
1184
1108
1293
1202
1359
1285
1797
1288
1161
1099
1367
1149
1214
1140
1222
1102
1173
1108
1102
1139
1247
1483
1068
1159
1374
1131
1213
1194
1423
1193
1139
1367
1510
1438
1190
1210
1429
1273
1185
1136
1148
1107
9827
3454
1554
4243
2251
3297
1633
1821
1712
1624
1745
1887
1420
1672
1566
1703
1897
2041
1560
2221
1640
1737
2082
1798
1231
1163
1066
1447
1294
2134
1308
1143
1164
1188
1105
1727
1415
1356
2173
1440
1305
1193
1327
1201
1226
1173
1104
1273
1104
1140
1177
1192
2919
1235
1120
1077
1112
1185
1507
1232
1851
1143
1243
1118
7649
4669
9622
5460
4852
3735
3273
1446
2576
3439
3285
1676
1295
2837
2705
1810
3243
1419
1704
3751
1284
1224
1875
1152
4490
4833
2426
1140
1820
1203
1446
1116
1252
1310
1799
1277
1512
1387
1479
2336
1176
1244
1070
1152
1322
2896
2226
1638
1188
3687
1186
10624
3211
1473
1411
1561
1213
11135
1978
3507
2254
3184
2683
3280
4377
1905
2730
1746
1907
1535
1652
1551
1836
1840
1788
1605
1611
2190
3965
1986
1213
1133
1123
1163
1164
1162
1164
1304
1298
1320
1105
1261
18446744073708552810
1356
1822
1177
1247
1122
1152
1447
2352
1975
1251
1150
1193
1756
1537
1313
1278
1212
1155
1836
1284
1376
1197
1133
1104
1728
1263
1294
1173
1457
1689
10501
3693
3637
3865
1558
2108
1357
1498
1187
1980
1988
1162
1466
3140
1654
1152
1172
1197
1214
1130
1867
1152
1146
1322
1174
1350
1397
2039
1426
2009
1090
1159
1487
1276
1111
1308
1183
1172
1592
1163
1322
1195
1314
1390
2320
1327
1104
1260
1203
1356
2293
1158
1138
1239
1166
1694
1283
1583
1165
1440
1152
2004
1375
1323
1223
1184
1322
1669
1250
1178
1383
1392
2482
1349
1117
1071
1157
1232
1195
1294
1098
1182
1173
1143
1292
1179
10942
3639
3953
3096
1201
2595
2159
1737
2643
2255
1864
1698
2427
2177
2655
1173
1762
1435
1265
1195
1141
1140
1786
1136
1114
1107
1332
1479
1795
1532
1128
1289
1152
1386
2344
2005
1255
1126
1110
1443
1191
1489
1108
1126
1229
1152
1066
1156
1166
1278
1125
1075
1306
1519
1198
1280
1443
1400
2191
1415
1154
1101
1194
1148
1179
1232
1126
1206
1172
1221
1179
1180
9717
3093
8148
2162
4686
1964
3367
1596
2788
2220
2654
1947
3768
1274
1107
1216
1578
2532
1272
1175
5812
2710
2054
1818
1179
1651
1585
1128
1148
1335
1318
1242
1218
1119
1120
1238
1184
1076
1187
1716
5738
5220
1488
1691
1191
1105
1156
1193
3750
1124
1117
1152
1123
3979
1171
1070
1179
13438
3735
3642
2361
4407
1174
2559
2596
5813
2774
1487
1343
1300
1289
1144
1198
1153
1316
1519
1356
1563
1072
1068
1125
1143
1068
1249
1350
1253
1526
1285
1620
1252
1850
1486
1265
1072
1168
1103
1649
5645
1447
2516
4252
1386
2240
1178
1103
2013
2258
1264
1670
3061
1106
1168
1421
2445
1473
5236
11670
2285
4772
3792
1744
2906
3929
3893
1297
2391
1686
1729
2144
1297
1582
1332
1314
1498
1196
1128
1231
1124
1103
1165
1322
1476
1421
1773
1220
1102
1160
1188
1246
1505
1343
1138
1363
1317
1257
1310
1468
1216
1233
1459
20505
5029
8658
3279
4064
6277
13208
2065
4120
4990
6738
2919
1945
2173
1945
1921
2796
4324
4703
1534
2573
4450
2654
3577
1740
1998
2638
3084
3158
2728
1629
3893
1704
1702
1734
3410
1348
2887
1352
1376
1827
4103
1845
1230
11583
6881
2053
2629
2760
2615
1617
2025
4035
1322
1338
1209
1276
2076
1315
1861
2107
3531
1672
1861
2757
1168
4581
2901
5937
2538
1367
2614
3796
1253
3452
1820
2302
2433
1223
4169
1536
1680
13108
2355
1764
1238
1179
3766
1430
1180
1281
1740
2961
1149
1134
3204
1631
1394
4491
1953
1456
1179
1151
1943
1902
1195
4842
1290
1566
1282
1187
1163
4384
2156
1110
2064
13558
4237
2253
18446744073708555626
3126
1187
2277
1190
2864
1221
3402
1221
1713
1541
3736
1129
2037
1303
3446
1986
1401
1406
5004
3384
3194
2329
4625
1201
1604
1276
4223
1205
1102
1201
1122
3719
1104
1100
1294
1281
4500
1099
1146
1131
1106
2676
1247
9534
4594
5125
2255
3298
1608
1474
1729
5041
1168
1331
1239
1323
1271
1312
2636
1176
1142
3799
1071
1179
1239
3519
1246
1277
1337
2182
4198
3482
2424
2300
2179
3384
1241
1211
1283
4610
2270
1217
1138
1121
1124
5042
1477
1190
1373
1407
1197
4672
1122
1211
1208
1193
1524
2518
12818
4308
3090
1682
1454
3498
1445
1580
2415
2984
1283
1166
1726
2114
4585
3336
2252
3681
1393
1202
3160
1354
1218
4883
1151
1753
1179
1182
1276
4525
1422
1151
1428
1321
1188
5072
1232
1196
1180
1335
1784
2313
1146
2367
1258
1749
3842
3751
11510
3449
2881
1781
4091
1744
1507
1161
1222
1127
1185
2085
1488
1917
1137
1186
1176
1167
1203
1167
1339
1164
1371
1243
1258
1226
1442
1124
1065
1108
1648
1072
1104
1226
1331
1154
2406
1108
1227
1103
1156
1238
1399
1142
1450
1777
1557
1237
1233
1606
1165
1262
1163
1121
1140
1144
1103
1354
1157
1174
1109
1172
1234
1575
1816
1510
1102
2722
1266
16168
3992
4563
3546
2014
2419
2083
5371
1275
1322
1702
1371
3911
1138
1130
2476
1302
4955
1727
1580
1202
1076
1111
2565
1190
1198
3968
2031
1192
1106
2414
1410
2790
4186
2998
2534
2211
1159
3314
1254
2018
1516
4041
1336
1164
1195
1120
13636
2248
2397
5841
1128
4887
1119
2247
1313
1318
1166
4538
1323
1158
1391
1394
2171
2660
1141
1148
4602
3006
3388
2018
2800
1127
3395
1303
1151
4386
1190
1152
1268
1290
3959
1206
1348
1258
4561
1141
1103
1178
1176
1265
5683
1340
1125
1184
1291
1180
1171
1127
3906
1149
12547
2898
5526
3070
2292
4802
1928
2162
4211
3317
6343
3341
3737
6596
1634
1761
1967
1912
1915
1611
2965
2189
1148
3607
1315
1099
4510
1232
2536
1267
1075
1173
1244
3480
4233
1247
1640
11283
4393
4738
1321
2831
3481
1230
1199
2860
4236
3413
1877
2498
3892
1327
1969
4478
1454
4262
1248
1183
1229
4683
1622
3649
1163
2143
1207
2998
2093
1876
5145
1302
1554
1218
1075
1075
1182
4612
1342
1260
1182
1119
1170
1952
7772
10884
2402
2387
4584
1433
1195
5257
1232
1727
1291
1450
4601
1211
1168
1198
1163
1110
2140
14887
6911
2868
2027
2689
3817
1814
5214
1826
18446744073708553750
6462
3559
2678
1573
1620
1766
2389
2873
3072
2537
1834
1712
1782
1683
1792
1221
1157
1327
1126
1092
1437
1216
1171
1194
1242
1347
1329
2078
1206
1226
1110
1222
1250
1629
1218
1217
1118
1816
1105
1267
1330
1129
12622
3857
2202
1200
2440
1342
1320
1271
1867
1593
1176
1128
1119
1228
1536
1189
1282
1219
1188
1154
1696
1167
1225
1225
1613
1553
1146
1353
1119
1294
1190
1240
1291
1092
1172
1152
1111
1079
2889
1469
1463
1800
1233
1187
1118
1191
1141
1353
1182
1164
1120
1149
1121
1154
1247
1739
1131
1141
1781
1067
1088
1133
1292
1247
2148
1210
1127
1405
1206
1251
1413
1127
1071
1152
1185
1123
1163
1144
1172
1205
1104
1313
1080
1359
1169
1107
1400
1510
1588
1625
1139
1269
1159
1112
2335
1449
1349
1408
1434
1396
1450
1342
1615
1146
1072
1398
1233
1263
1315
1297
1864
1114
1171
1070
1104
9500
2013
3332
3352
1113
2970
3942
1448
1762
1757
1766
1978
1880
1286
1255
1457
1535
1307
1077
1171
1159
1110
1165
1167
1365
1242
2290
1130
1142
1082
1187
1247
1402
1343
1223
1175
1164
1130
1316
1389
1331
1253
1128
1106
1126
1145
1189
1336
1685
1512
1420
1215
1256
1428
1185
1120
1252
1114
1072
1124
1175
1150
1129
1344
1342
1401
1291
1164
1252
1233
1370
1474
1192
1769
1474
11273
2875
1719
2350
2034
3009
1410
1378
1369
2124
1224
1106
1127
1189
1175
1112
1164
1230
1122
1518
1164
1123
1365
1646
1146
1091
1196
1210
1133
1110
1440
1254
1745
1520
1067
1109
1071
1160
1191
1453
1074
1381
1159
1157
1383
1208
1328
1738
1308
1140
1157
1518
1299
1282
2318
6836
3806
1126
1189
1155
3964
1420
1141
1073
1147
3105
1213
1328
1139
13626
3054
3386
2773
1718
2293
2023
4775
1489
1598
2023
1270
1919
4621
3069
1316
1244
1169
1213
1398
1252
1508
1240
2098
1211
1173
1287
1169
1232
1311
1160
1197
1285
1147
1454
1198
1240
1340
1116
1140
1235
1123
1108
1151
1189
1608
1272
2033
1149
1111
1140
1214
1115
1112
1178
1123
1116
1182
1361
1414
1215
1447
1090
1074
1128
1087
1129
1081
1179
1465
1156
2072
11780
2321
1353
3376
2709
1578
1592
2256
2512
2065
1821
1257
1159
1216
1276
1129
1120
1183
1115
1128
1083
1288
1388
1082
1374
1217
1128
1078
1176
1411
1184
1506
1729
1270
1192
1216
1198
1549
1486
1084
1210
1142
1178
1079
1250
1241
1075
1187
1125
1145
1320
1326
1213
1554
1224
2105
1182
1135
1134
1179
1439
1255
1139
1352
1082
1147
1110
1109
1154
1330
1221
1073
1133
1204
1069
1104
1194
1510
1292
10027
3536
3014
2904
2224
1906
1864
1584
2085
2448
1822
1646
1816
1642
1847
1180
1115
1180
1100
1115
1077
1615
1769
1090
1122
1105
1104
1083
1203
1343
1160
1929
1261
1249
1374
1204
4303
6161
1205
4572
1205
1101
1118
3839
2050
1203
3050
2202
1533
1116
4176
1126
1356
1457
1324
2315
1227
3564
14455
3638
4025
3516
4625
6227
2376
1694
1519
2080
4038
2214
1677
1535
5584
2119
1099
2067
1163
1148
1109
3518
8313
3627
1917
1374
1122
1155
2699
1516
2878
1400
4650
1151
2788
3785
4825
1262
1146
1192
1175
1489
1477
1964
1397
1933
14946
5275
4199
1766
3063
1111
5773
1227
1288
1166
1120
18446744073708553838
1343
2706
1184
1067
1845
1344
3883
1161
1114
1430
1756
6165
3395
1977
1209
1074
1069
1122
1182
1167
1212
1595
1212
2048
1519
1188
1117
1176
1162
1245
1321
1256
1169
1161
1267
1234
1586
1615
1142
1212
1180
1069
1212
1273
1360
1154
1939
1154
1268
1288
1167
1190
1307
1187
1130
1093
1102
1060
1103
1177
1225
1174
11477
3758
2133
2322
1969
1692
1606
1933
1249
1430
1159
1112
1225
1115
1543
1239
1556
1261
1455
1567
1116
1118
1170
1127
1209
1548
1204
1214
1187
1113
1290
1193
1356
1186
1115
1166
1150
1171
1263
1185
1289
1408
1536
1940
1177
1117
1128
1193
1146
1172
1159
1109
1116
1199
1262
1304
1393
1462
1067
1067
1170
1110
1165
1311
1290
1251
1754
1222
1081
1252
1075
1190
1128
1398
1236
1073
1121
1071
1066
1272
1182
11705
5302
2917
3370
1954
2732
2621
2292
11490
1109
1137
1689
1816
2300
1653
5758
1804
1638
1662
2022
1198
1289
1840
4632
1204
1135
1173
1116
1314
3522
1266
1853
3321
3708
2592
1174
1667
1639
1686
1819
1220
1209
1269
1302
1339
1421
1151
1103
1704
1349
1315
1187
1160
1078
1134
1070
1259
1392
7035
1171
1107
1239
4548
3032
4090
3207
3503
1712
1350
1709
2232
1259
2674
1230
1326
1295
1152
1159
1139
1069
1152
1270
1274
1177
1283
1229
1163
1159
1391
1304
1458
1279
2117
1182
1159
1099
1154
1433
1260
1153
1103
1149
1181
1112
1105
1140
1307
1359
1070
1190
1224
1433
1259
1422
1446
1304
1767
1347
1453
1115
1252
1647
1461
1775
1475
1273
1321
1298
1263
1135
1312
3435
1424
1408
1655
1603
1964
2743
1630
1543
1547
1291
1225
1224
1288
14005
5493
3246
2667
3027
1870
4202
1186
3017
1528
3792
1381
3727
3073
1167
1187
4885
1112
1142
1241
1542
1370
1707
2095
5134
3578
1866
1314
2053
1233
1271
1200
1160
1112
1125
1197
1311
1275
1110
1075
1109
1479
1272
1394
1756
1229
2113
1142
1121
1087
1109
1417
1263
1353
1187
1242
1240
1102
1127
1198
1390
1070
1221
14079
2334
2744
1104
3739
2099
1869
1874
2199
1768
1678
2207
2559
1759
1636
1799
1312
1181
1198
1121
1181
1213
1167
1161
1355
1433
1240
1204
1241
1190
1117
1174
1392
1285
1453
1712
1190
1328
1120
1246
1333
1193
1194
1166
1113
1202
1142
1224
1257
1190
1400
1115
1124
1132
1146
1144
1107
1617
1165
1840
1172
1109
1118
1184
1580
1309
1215
1181
1107
1194
1076
1111
1423
1368
1105
12239
1935
1597
3409
1408
1138
1955
1165
1207
2775
1282
1118
1226
1245
1179
1103
1490
1384
1792
1212
1260
1119
1170
1197
1183
1432
1130
1123
1107
1394
1166
1270
1333
1308
1109
1088
1096
1117
1105
1180
1275
1485
1339
1676
1104
1118
1072
1103
1296
1416
1075
1087
1096
1215
1194
1192
1426
1313
1256
1100
1279
1176
1266
1111
1188
1638
1302
1884
1107
1361
1135
1172
1330
1346
1240
1172
1162
1074
1108
1110
1185
1487
1243
1248
1195
1115
1073
1138
1203
1403
7308
4252
1657
3576
3393
1148
3081
2300
2293
1738
2218
1605
1476
1519
1647
1754
1817
1736
1643
1533
1683
1908
1621
11786
1688
2048
1286
1163
1194
1129
1182
1550
1215
1341
1645
1192
1200
1242
1109
1108
1248
1396
1385
1251
2424
1181
1078
1114
1186
1198
1316
1092
1192
1154
1284
1109
1491
1394
1274
1218
1165
1144
1071
1138
1116
8088
1172
4044
3284
2730
3365
1379
1126
1273
1307
1120
1144
18446744073708552957
1327
1859
1259
1136
1078
1139
1471
1389
1206
1127
1178
1197
2647
1225
1464
1085
1112
1147
1142
1475
1208
1384
1322
1183
2118
1267
1273
1148
1229
1221
1507
1206
1155
1197
1137
1075
1153
1265
1184
1163
1247
1210
1202
1821
6924
1178
3390
1158
1106
1177
4029
1124
1345
1314
1368
3261
1081
1076
1193
4689
1262
1212
1159
1144
1192
2336
1114
2096
1132
4713
3236
1631
1314
11446
4354
1731
2130
3321
2003
1857
2195
1907
1960
1813
2680
1156
1299
1110
1161
1210
1471
1101
1120
1174
1099
1152
1181
1253
1245
1091
1104
1064
1136
1372
1117
1213
1233
1463
1856
1472
1149
1177
1171
1200
1174
1483
1161
1115
1148
1329
1203
1217
1509
1069
1069
1137
1105
1067
1237
1446
1245
1374
1916
1169
1084
1194
1142
1282
1354
1148
1069
1137
1257
1226
1279
1320
1230
1306
1072
1098
1123
1248
1131
11433
2089
4639
1112
2028
2738
1549
1537
1419
1613
2042
1252
2008
4992
6031
4382
1181
1285
1291
1107
1294
1420
5355
1812
1336
1105
1105
1119
1486
3446
1154
1070
1299
3427
1412
1109
1070
3298
4290
3226
1204
1240
1282
1382
1356
1343
1565
1242
1441
1148
1175
1225
1233
1101
1151
1064
1121
1123
1292
10277
3817
2032
2645
2726
2643
2395
1359
1511
2022
1551
2752
1090
1170
1235
1162
1268
1432
1070
1064
1090
1138
1065
1228
1452
1250
1223
1069
1068
1149
1147
1109
1103
1583
1289
1939
1291
1274
1150
3462
1210
1314
1212
1234
1496
1362
1279
3209
1342
1613
1273
1455
1371
1186
1923
1191
1671
1290
6169
3625
1194
1441
1254
5071
1097
1406
1326
1594
1517
1713
18162
2391
1911
3102
2399
1881
1598
1862
2147
4608
3307
1945
1217
1179
1390
1184
1232
1160
1145
1559
4014
1240
1126
1202
1179
1147
3633
1152
1202
1150
1359
1494
1667
1422
1147
1240
1071
1113
1312
1407
1172
1809
1119
1264
1117
1103
1140
1332
1154
1104
1102
1204
1107
1159
1325
1244
1179
1503
1168
1279
1179
1257
1166
1427
1311
1973
1123
1124
1162
11560
3586
2267
1991
4676
1952
2147
1719
1708
1783
2830
1741
1784
1677
1390
1229
1243
1179
1179
1225
1694
6823
1822
1186
2425
1159
1745
3833
1261
1250
1377
1119
2929
1164
1117
1250
5946
1257
1175
1110
1141
1321
3211
1172
1144
1068
4826
3044
1621
1087
1331
1431
1400
7994
1280
5037
3422
3251
1841
1697
1308
4779
1841
1163
1180
1110
1221
1201
1560
1113
1128
1235
1092
1072
1187
1191
1218
1137
1134
1114
1185
1186
1209
1304
1492
1277
2177
1203
1119
1094
1312
1210
1209
1437
1086
1124
1205
1153
1073
1143
1192
1498
1075
1098
1144
1229
1128
1698
1319
1340
1926
1152
1294
1116
1143
1127
1400
1133
1108
1145
1323
1165
1227
1079
1266
1093
1171
1165
1183
1116
1080
1140
1335
1405
1895
1698
1132
1133
1213
1167
1203
12197
1220
2667
4031
1373
2372
1867
1553
1496
2090
1124
1260
1206
1145
1141
1195
1236
1228
1320
1085
1140
1106
1115
1150
1350
1485
1501
9863
1389
1587
1701
1740
1283
1313
1369
3857
1261
1328
1383
1170
2300
1275
1204
2266
1278
1669
1209
1283
1377
1075
1119
1294
1245
1143
1614
6918
1402
2528
1232
3253
9748
3591
2427
6551
2867
2253
1795
18446744073708553486
4913
1520
1609
2161
1786
4454
1715
3035
3228
6084
4233
3457
2278
2708
1821
1426
1740
1955
2307
1664
1135
1164
1123
1452
1493
1890
1189
1189
1089
1071
1220
1311
1198
1149
1183
1109
1231
1382
1154
1148
1345
1454
1738
1416
1108
1106
1150
1306
1219
1391
1175
1141
1141
10716
3583
4206
1196
1156
1086
1119
1465
1753
1351
1748
1538
1463
1419
1416
1534
1082
1114
1315
1298
3863
1898
1555
1129
1070
1121
1229
1202
3687
1196
1275
1120
1309
1431
1352
1204
1475
1128
2436
6750
1403
4271
1630
1353
1483
1358
2898
1227
1388
4846
1213
1149
1492
1276
2094
5310
1281
1212
1097
1072
1166
1146
5259
2988
1600
1116
1206
1417
1203
3753
1557
1343
1188
1160
1656
1497
1302
1422
1182
1237
1199
1227
1091
1191
10826
2572
2500
3104
2189
3580
2631
1529
1605
1733
1597
1754
2099
2537
1773
1497
1687
1812
1434
1071
1119
1130
1113
1140
1364
1401
1371
1288
1110
1124
1223
1071
1144
1550
1332
1774
1365
1265
1071
1121
1178
1353
1202
1101
1070
1067
1123
1307
1134
1209
1462
1275
1115
1217
1231
1151
1166
1537
1190
1839
1198
1170
1137
1102
1397
1178
1459
1102
1121
1219
1101
1114
1220
1178
11280
3367
3325
1699
1122
1888
1124
1109
1188
1162
1068
1126
3119
1130
1174
1264
1114
1252
1487
1229
1732
1519
1280
1124
1110
1143
1117
1526
1106
1121
1175
1309
1168
1177
1310
1674
1167
1342
1263
1973
1299
1605
1475
2580
1568
1142
1182
1231
1281
1184
1174
1099
1096
1272
1379
1384
1457
1299
1186
1204
1154
1103
1155
1533
1275
1284
1972
1452
1151
1109
1212
1181
1453
1081
1071
1169
1072
1069
1132
1205
1347
3406
1226
1229
1143
1188
1480
1280
11075
1838
3278
8092
4979
4165
1627
4553
2102
1687
1546
4341
1490
1633
1543
1679
4055
2624
1767
1178
2055
3624
1110
1320
3266
1192
3871
3614
2212
1416
1432
2132
1153
1248
1341
1196
1387
1152
1224
1211
1163
1191
1171
1598
1343
1229
1172
1070
1127
1174
1157
1242
10654
1151
4876
4831
2611
3307
1118
1250
1900
6320
3916
1257
1165
1146
1145
3034
4396
1166
1309
1125
1184
1137
2515
3169
1233
1112
1707
3782
1119
1118
1137
1079
2167
1409
3762
3438
5040
1551
1145
1211
1193
1264
3744
1137
1407
1592
1268
1266
1235
1153
2080
1116
1272
1118
1215
1402
1434
2541
1141
1098
1157
1746
7350
1197
1462
2354
1087
1897
13286
2185
3835
2838
5762
5079
1823
1783
2263
1600
2940
1922
1886
2667
2621
4906
2917
1207
1165
1235
1563
1211
1934
1086
1101
1294
1187
1381
1448
1613
1250
1316
1128
1211
1234
1187
1144
1154
1138
1108
1109
1117
1250
1928
1532
1491
1744
1115
1112
1134
1158
1100
1144
1147
1102
1366
1211
1374
1161
1350
1305
1266
1086
1116
1107
1141
1187
1373
9218
15257
3829
3012
2080
4217
1234
1780
1720
1811
1721
1672
1899
2192
1891
1987
1503
1815
1125
1212
1240
1163
1112
1155
1182
1275
1258
1366
1256
1109
1167
1263
1273
1171
1350
1365
1132
1179
1080
1401
1773
1175
1405
1282
1612
1466
1158
1201
1145
1227
1264
1501
1124
1293
1161
1210
1166
1310
18446744073708553039
1153
1073
1087
1243
1114
1112
1318
1384
1294
1616
1580
1141
1151
1078
1154
1230
1433
1072
1200
1401
1169
10483
3746
4319
3343
2404
1630
1569
1807
1900
3110
2432
2533
1676
2175
2297
2041
2132
1607
1826
1859
1791
1894
1612
1816
2190
1942
2126
1768
1860
2135
2370
2156
1770
2214
1868
1785
1982
2152
1899
2143
2003
2281
2251
1753
2338
2001
1792
2237
1898
2501
2165
2223
1759
1852
2421
1138
2844
1187
1638
4567
1816
1158
1504
1144
8015
4031
1344
3170
2411
2893
2946
3518
10719
14084
1732
1337
1571
1479
1353
1468
1487
1085
1430
1257
1145
1577
1570
1368
1971
1190
1110
1192
1459
1511
1732
1674
1795
1194
1627
1713
1250
1147
1227
1518
1194
1275
1471
1316
1175
1150
1357
1465
1568
1573
1792
1704
1884
1178
1147
14877
1160
1142
1315
3263
3161
2478
2639
2103
1889
10923
1321
3405
2047
2199
3853
2250
4955
1538
1313
1183
1316
3044
1489
1268
4930
1283
1279
1801
1755
1256
2451
1699
4205
2266
1669
3146
5240
3077
2233
2485
1414
1291
1456
2277
1583
1391
1571
1342
2064
1407
1374
1316
1487
11914
3214
3843
4779
8398
2806
3594
2072
2080
1814
1765
1838
2537
1872
1640
2227
2256
1179
1143
1155
1114
1344
1789
2158
1292
1205
1186
1782
1434
1356
1109
1110
1134
1708
1432
1195
1350
1102
1091
1678
1179
1106
1218
1114
1529
1492
3092
1355
1585
1671
2150
1530
1394
1462
1397
1850
1627
1160
1329
1149
1814
1202
1564
1314
1988
12144
4238
2499
1249
1279
2692
1739
1547
1293
3274
1858
1178
1275
1338
1482
1162
1843
1293
1149
1152
1213
1510
1754
1141
1141
1072
1365
1222
2113
1946
1279
1246
1152
1764
1351
1415
1251
1201
1460
1162
1178
1221
1160
1100
1185
1145
1107
1192
1106
1128
1099
1426
1315
1977
1179
1102
1121
1131
1190
1144
1213
1145
1099
1224
1138
1278
1218
1580
1446
1272
1198
1141
1264
1183
1329
1212
1334
1642
1437
1196
1139
1134
1366
1474
1150
1113
1192
31336
1280
6391
2473
8351
9839
1182
5642
2703
2120
2217
1459
4172
3737
1213
1226
2845
1499
5464
1426
1164
1097
1162
2178
2667
1990
4479
1122
1157
1248
1401
1198
2094
1113
2970
1414
1230
6061
1349
1518
9784
3776
3008
2853
5302
1096
1119
1176
1457
1172
2001
4809
1205
1490
1268
1143
1694
3788
1304
1214
1238
1073
2378
1249
4675
3905
3219
1280
2118
1081
2658
1151
2362
1913
9599
6192
3598
1093
1142
1608
4314
1220
1276
1152
1152
2131
1203
3252
1406
6451
1183
1158
1186
1134
1166
1141
1161
3713
3041
1266
1162
1132
2698
1253
2638
3671
1108
1336
1343
3984
1111
1071
1173
1283
2898
1101
1167
1751
18446744073708555532
1239
2085
1309
1113
2589
1241
3144
3847
2446
13516
4422
1734
5133
3568
1235
4083
1623
1682
2019
2804
2012
5703
1127
1282
1151
1131
1181
1138
4469
1256
1277
1198
1114
1104
1120
3258
1753
4325
3920
2915
1135
1130
1161
1387
1272
1234
1122
1073
3090
1225
1217
1439
1420
2696
1795
1243
1157
1865
1258
1133
1194
1204
1123
1318
1956
1691
1262
1164
1165
2065
12659
3979
1884
2457
3660
1525
1778
1730
2880
1353
1682
1560
1214
1700
1346
1214
1344
1132
1148
1598
1189
1147
1107
1240
1516
1721
1162
1205
1072
1615
1346
1931
1779
1403
1161
1133
2046
1452
1308
1100
1102
1238
1746
1293
1145
1137
1222
1166
1336
2167
1078
1147
1458
1386
3152
1167
1260
1171
1186
1768
1296
1197
1112
1132
1135
226