18446744073709482253
2643
1469
1474
1996
5047
4049
1834
3638
1756
5434
1553
1948
4821
1493
1489
1638
1501
1805
5151
1918
1954
1718
1810
2704
5382
3519
4529
4890
1507
2487
5690
1558
3537
1346
1352
16511
3223
2812
1921
3385
5840
2183
1600
1469
5891
1419
2201
1425
1439
1852
3427
1385
1368
2966
1627
9342
2885
2918
1567
1417
1430
1599
1792
1465
1380
1436
1535
1643
1699
1451
1459
1417
1711
1628
2211
1982
2041
1328
1447
1505
1694
1438
1632
1466
1530
13077
1603
3620
2027
2802
2392
1428
1362
1660
1545
1885
1385
1324
1395
1368
1380
1603
1541
1899
1623
1479
1401
1491
1490
1623
1374
1369
1511
1480
1479
1826
1436
1411
1563
1351
1556
1704
1544
2358
1479
1376
1543
1406
1470
1401
1494
1359
1404
1353
1545
1699
1336
1586
1482
1387
1368
1730
1486
2312
1424
1411
1447
1512
12409
2347
4204
3017
2796
1865
1948
2206
1456
1501
1445
1380
1552
1366
1673
1349
1337
1374
1561
1363
1764
1642
2213
1544
1788
1551
1482
2066
1464
1768
1593
1889
1690
1469
1482
1371
1470
1518
1440
1649
1470
1862
1571
1376
1469
1499
1524
1433
1516
1327
1366
1454
1982
1494
1395
1340
1478
1356
1825
1587
2304
1342
1411
1665
1514
12052
3681
2334
3335
2944
1550
1569
1482
1617
1501
1479
1371
1385
1357
1431
1697
1543
1414
1491
1482
1671
1699
1543
2412
1445
1497
1396
1533
1832
1433
1683
1570
1533
1572
1500
1328
1379
1331
1390
1410
1579
1752
2026
1753
1459
1439
1466
1577
1537
1468
1379
1502
1643
1552
1709
1558
1502
1504
1399
1512
1683
2235
1670
1508
1344
12119
3855
3884
2332
2199
2203
1522
1744
2000
8460
1475
1759
1357
2807
1487
3052
1495
2981
1507
2324
3587
1664
1429
4524
1490
1504
1350
2682
5453
3543
1495
1374
1726
1745
1779
1434
1941
1575
1540
1586
1562
1371
1553
1559
1662
1821
2271
1817
1394
12120
4392
2353
3051
1630
1689
2296
1497
1380
1481
1420
1459
1383
1454
1430
1468
1453
1626
1799
1513
1434
1350
1379
1476
1694
2047
1401
1525
1721
1466
1727
1506
1324
1332
1386
1501
1655
1582
1367
1684
1397
1598
1467
1926
1761
1969
1458
1455
1459
1951
1440
1442
1332
1487
1396
1477
1677
1451
1456
1490
1788
1583
2044
1577
2080
11945
5572
1457
2143
2118
2765
1727
2149
1443
1365
1411
1504
1608
1419
1489
1368
1666
1663
16487
2478
1937
1712
1517
1472
1533
1761
1652
1675
1703
1454
1459
1447
1641
1650
1589
2213
1398
1801
1525
1426
1450
1395
1324
1415
1674
1672
1564
1551
1759
1675
1548
1755
12434
1471
3844
2348
2784
2137
2351
2751
18446744073708553327
2182
1470
1454
1399
1415
1554
1438
1660
1462
1335
1415
1746
1574
1463
1418
1394
1523
1956
1662
2410
1437
1429
1542
1469
1794
1380
1376
1382
1758
1462
1759
1344
1443
1383
1505
1524
1565
1782
2561
1476
1459
1366
1558
1413
1402
1400
1363
1401
1364
1953
1963
1407
1340
1402
1327
1429
12586
1530
4356
2234
3350
1705
1513
1441
1479
1754
1831
1867
1448
1486
1574
1736
1419
1413
1370
1408
3764
1758
1410
1350
1365
1767
1876
1410
2410
1373
1380
1455
1536
1577
1668
1617
1547
1446
1365
1615
1466
1449
1401
1565
1484
1559
1610
1707
1468
1402
1554
1362
1498
1500
1410
1397
1474
1727
1500
1635
1713
1397
1377
1440
10565
4297
2900
2451
3868
2643
1893
1909
2110
1659
2108
1666
1466
1754
1562
8030
1594
2863
1529
2898
1382
2187
1545
3493
1405
1517
4606
1386
1470
1341
1368
2391
3680
1429
1591
3380
1703
2445
3205
5459
2701
1553
1421
1495
1865
1407
1361
1363
1328
1411
12544
2254
3985
3953
2295
1775
1978
1462
1735
2372
1677
1420
1366
1552
1436
1544
1479
1497
1482
1467
1602
1848
1522
1349
1438
1410
1482
1695
1676
2039
1487
1766
1518
1710
2038
2205
1713
1418
1490
1431
1502
1686
1369
1427
1385
1496
1478
1461
1408
1474
1360
1816
2437
2319
1419
1730
1604
1755
1501
1474
1371
1582
1539
2074
1503
11935
6159
2014
1881
2442
1374
1454
2032
1841
1919
1395
1424
1454
1430
1409
1392
1492
1544
1612
1821
1766
1516
1477
1331
1489
1362
1878
1585
2343
1390
1411
1339
1778
1640
1605
1392
1369
1414
1658
2156
1484
1463
1479
1502
1582
1757
2353
1375
1467
1606
1476
1524
1494
1464
1481
1433
1487
1520
1826
1573
1637
1479
1369
1514
12267
5479
2306
2190
2854
2073
1727
1779
1571
2444
1551
1643
1368
1474
1456
1402
1839
1922
1811
1934
1831
1548
1522
1524
1450
1903
1899
2254
1400
1415
1458
1452
1787
1407
1427
1823
1336
1645
1562
1370
1389
1473
1384
1477
1816
1838
2316
1434
1510
1364
1528
1545
1446
1367
1446
1348
1593
2074
1461
1463
1357
1543
12274
4481
3047
3194
2015
2324
2299
1619
1602
1887
2007
1450
1533
1391
1753
1991
1532
1334
1450
1333
1421
1513
1586
1530
1374
1622
1727
1879
1462
2379
1436
1397
1421
1469
1576
1428
1546
1648
1370
1435
1539
1475
1381
1433
1321
1332
1441
1949
1953
1841
1442
1412
1424
1489
1599
1374
1406
1378
1634
1696
1706
1383
1320
1454
12179
3008
3334
3110
2273
2440
2090
1967
1979
1475
1562
1789
2358
1765
1470
1544
1914
6950
1512
2163
4443
1496
1584
1606
2576
1707
2735
3545
1353
1505
2634
1402
3306
1507
1381
4880
13729
4221
3214
1738
1643
1636
12248
3675
3649
2373
3302
2450
2688
1600
1624
1596
2792
1549
1527
1430
1620
1605
1376
1465
1342
1477
1419
2149
1634
1333
1335
1365
1469
1691
1492
1382
2457
1716
1454
1583
18446744073708553226
1414
1377
1421
1461
1470
1446
1452
1607
1425
1454
1419
1425
1748
2135
1444
1480
1418
1409
2144
1471
1806
1496
1415
1368
1688
1481
1382
10902
5637
2932
2095
2801
2336
1701
1347
1461
1367
1336
1390
2120
1718
2242
1454
1335
1548
1712
1471
1345
1502
1549
1605
1610
1852
1439
1347
1418
1483
1492
1894
1547
1785
2278
1412
1430
1440
1765
1400
1557
1365
1619
1812
1638
1429
1655
1328
1328
1512
1703
2011
2253
1766
1444
1502
1556
1447
1357
1516
1379
1415
1542
1660
1481
1479
12349
2443
4867
1981
2669
3218
1569
1330
1662
1591
1675
1699
2423
1427
1494
1473
1433
1514
1559
1479
1541
1456
1500
1575
1686
1417
1322
1463
1321
1354
1939
1790
2301
1405
1414
1432
1647
1650
1344
1457
1584
1441
1790
1535
1364
1415
1422
1508
1397
1806
1814
1946
1429
1488
1406
1474
1415
1407
1393
1501
1445
1471
1841
1622
1404
11144
4059
3164
1381
5454
1616
2031
2188
2231
2170
1905
2118
1674
1464
1570
1635
1685
1380
1349
1546
1378
1525
1473
1746
1388
1409
1520
1579
1557
1691
2019
1846
1377
1368
1459
1593
1540
1872
1818
1378
1669
1561
1373
1442
1629
1527
1434
1577
1704
2300
1631
1403
1369
1474
1438
1423
1427
1460
1468
1468
1501
1727
1430
1442
1465
1464
1402
12347
4044
2653
2003
2734
2095
1634
2032
1696
1720
2521
1551
2219
1622
1717
6189
5157
1469
1736
1335
2680
1581
3912
1333
1551
3360
1372
1398
5228
1549
1345
1381
1440
1669
2592
4203
4265
2733
1398
1524
1442
1494
1624
1531
1709
1464
1383
1479
1325
13393
3141
3816
3089
2037
1977
1997
1599
1564
1607
2488
1423
1520
1375
1602
1415
1442
1390
1362
1376
1411
1829
1877
1340
1339
1376
1494
1504
1621
2012
1726
1510
1520
1470
1720
1443
1377
1475
1447
1530
1529
1638
1582
1709
1508
1349
1579
1711
1910
1923
1414
1482
1508
1932
1557
1435
1375
1379
1455
1443
1699
1427
1340
1351
1640
11887
3594
3150
3991
1864
2026
1970
1338
1508
1685
1696
2554
1885
1742
1861
2109
1911
1667
2181
1492
1813
1442
1339
1377
1512
1440
1733
1500
2314
1418
1419
1480
1492
1602
1443
1373
1423
1394
1342
1740
1707
1567
1359
1475
1574
1416
1681
1599
2475
1739
1424
1523
1503
1554
1480
1382
1388
1385
1550
1774
1711
1447
1516
1407
10425
5214
4003
1408
3268
2004
1591
1733
1463
1727
1666
2326
1421
1427
1373
1840
1587
1698
1451
1570
1409
1556
1729
1373
1329
1412
1335
1432
1834
1501
2268
1438
1328
1694
1604
1631
1456
1402
1635
1384
1691
1744
1432
1560
1372
1339
1405
1820
1647
2460
1422
1374
1481
1469
1551
1445
1556
1394
1577
1403
2274
1417
1396
1412
1381
13251
14657
4210
3059
3160
1445
1447
1709
1511
1569
1536
1562
1521
1874
1800
1467
1402
1343
1694
1500
1603
1502
2483
1433
1403
1711
1569
1685
1610
1499
1448
1480
1544
1642
1494
1409
1519
1327
1416
1746
1608
2279
1463
1371
1487
1406
1610
1401
1386
1394
1651
1617
1508
18446744073708553314
12550
2396
1419
1570
4726
4356
2317
1810
1726
1651
1556
2144
2105
2329
1735
1333
1495
1557
1411
9571
1609
1710
1630
1451
5344
1527
1389
1359
1720
2257
4667
1502
1599
1554
1507
3609
1444
1678
6261
3318
1599
1696
1548
1502
1420
1527
1503
1725
1637
14446
1927
4518
1575
4597
2723
2857
1757
1552
2394
2274
2154
1547
1678
1740
1485
1674
1375
1767
1574
1939
1552
1510
1453
1445
1484
2476
1980
2032
1751
1436
1556
1714
1900
1373
1701
1497
1578
1879
2001
1758
1732
1775
1735
1784
2263
1734
1702
1647
1787
1669
1466
1859
1661
1977
1681
1798
14648
3670
2755
2288
4333
2345
2217
2130
2698
1664
1815
1719
1486
1811
1896
1456
1984
1863
1641
1795
1927
1689
1814
1806
1463
1695
1599
2071
2091
1931
1432
1989
1819
1490
1828
1713
1666
1682
1692
1563
1720
1529
1543
1924
1758
1907
2023
1772
1756
1838
1646
1502
1939
1587
1900
1902
14299
3038
5262
2254
2826
2466
2143
2602
2330
1862
2074
1783
1739
1653
1750
2073
1533
1572
1770
1778
1671
1627
1570
1725
1409
1833
1510
1902
1420
1905
1706
1868
2574
1917
1786
1954
2056
1821
1795
1673
2210
2337
2521
1986
1670
1496
1638
2117
2066
1527
1388
1464
1526
1992
1459
1368
1471
12079
4277
2022
3083
2136
1601
1795
1738
1430
1373
1422
1831
1984
1813
1409
1452
1615
1547
1612
1387
1448
1406
1546
1326
1764
1516
1418
1742
1487
1470
1803
1876
1847
1522
1338
1513
1480
1691
1704
1409
1473
1400
1555
1534
1412
1359
1405
1336
1409
1669
1712
2078
1380
1370
1369
1506
1606
1441
1435
1366
1510
1608
1570
1782
13977
3874
1703
5262
1884
2333
1425
1398
1441
1367
1451
1397
1841
1743
2279
1763
1325
1601
1584
1453
1989
8978
1517
1362
1434
2247
4270
1402
1434
2070
3697
1737
5245
1879
1381
1391
1610
2161
4066
2073
1485
4030
4039
2778
1419
12702
4551
2146
3868
2345
2522
2236
2473
1442
1437
1331
1430
1362
1650
1602
2333
1645
1380
1416
1443
1490
1413
1430
1504
1422
1574
1677
1762
1374
1572
1394
1332
1522
1786
2139
1611
1599
1374
1433
1768
1364
1413
1376
1396
1363
1478
1551
1609
1649
1491
1587
1452
1886
1743
2222
1499
1322
1779
1546
1455
1371
1410
1360
1495
1445
14312
2440
3949
2595
2201
2020
1415
1543
1492
1612
1443
1376
1437
1560
1865
1763
2151
1397
1393
1381
1451
1494
1375
1404
1682
1426
1682
7370
6575
2769
1791
1628
1947
1480
1634
1464
1404
1669
1610
1381
1412
1446
1483
1397
1558
1580
2406
1626
1687
1495
1454
1446
1389
1435
1417
1533
13921
2948
1852
2191
3921
1727
2103
2165
2267
1447
1342
1377
1615
1500
1564
1510
18446744073708553232
2152
1673
1421
1419
1429
1502
1717
1402
1546
1472
1588
1749
1577
1516
1525
1569
1610
1622
2102
1785
1521
1379
1407
1370
1581
1373
1364
1661
1473
1455
1603
1328
1415
1332
1323
1572
1628
1458
2162
1489
1415
1531
1466
1498
1479
1427
1412
1405
1364
13409
3353
2408
3324
2086
2037
1427
1368
1666
1511
1443
1642
1440
1463
1359
1592
1727
1771
2093
1489
1443
1627
1745
1392
1415
1371
1424
1438
1525
1650
1361
1328
1828
1848
1640
1810
2145
1462
1399
1405
1507
1408
1816
1614
1421
1364
1328
1478
1554
1366
1386
1386
1453
1458
1797
1685
1414
2415
1394
1574
1484
1662
1506
1371
1603
11158
6529
1493
2891
2008
2380
1439
1452
1412
1414
1843
1557
1331
1383
1416
1325
1522
1918
1719
2083
1833
1381
1436
1567
1427
1414
1865
7735
2776
1397
3598
1426
1587
4824
1966
1583
1420
2196
1396
3854
1398
1349
1554
3082
1548
6124
3563
1633
1809
11820
4914
3913
2248
1474
2121
2345
1448
1457
1660
2087
1951
1475
1344
1387
1365
1334
1456
1940
2125
1881
1412
1444
1456
1595
1412
1605
1398
1372
1439
1811
1907
1371
1433
1364
1410
1399
1883
1591
2226
1665
1371
1432
1679
1631
1405
1405
1376
1374
1540
1508
1551
1550
1378
1477
1452
1957
1699
2198
1427
1369
1515
1876
1623
11152
4641
2589
4655
3056
4199
2002
2287
1913
2206
1855
2355
1459
1595
2193
1866
2368
1440
1476
1569
1519
1525
1384
1542
1663
1648
1959
1834
1956
1549
1389
1407
1394
1553
1701
1443
1547
1611
1755
2150
1684
1558
1585
1469
1876
1556
1436
1490
1392
1452
1472
1561
1655
1737
1548
1521
1507
1374
1411
1475
1426
1495
1382
1595
10044
3824
3857
3177
4297
1844
1843
3029
1949
2090
1676
1782
1778
1740
2429
1713
1496
1629
1706
1751
1528
1711
1387
1849
1764
1974
1806
1534
1366
1801
2022
1568
1736
1450
1659
1393
1483
1708
1625
1496
1587
1418
2192
1707
1814
1541
1826
1567
2321
1810
1895
1655
1449
1748
1516
1938
1511
1787
1592
1511
1965
1645
1711
1497
13976
2621
4379
2191
2146
2291
2165
1424
1557
2033
2079
1515
1434
1366
1788
1574
1440
1425
1384
1437
1400
1474
1577
1371
1360
1957
2110
1961
1874
2606
1747
1795
1838
2259
1352
1430
1373
1398
1461
1697
1328
1346
1821
1746
2306
2004
2665
1736
1749
1553
1692
1415
1533
1600
1343
1493
1509
1780
1388
1340
13681
2003
5277
1411
2110
2401
1381
1602
1340
1500
1386
1624
1647
2254
1636
1520
1365
1379
1762
1470
1439
1888
9297
1413
1392
1464
1572
3144
1597
2245
4025
1399
1380
1441
3491
1340
1379
3943
2141
14355
2925
2357
1470
2030
1588
12171
2407
2648
5442
3009
2958
1940
1791
2360
1775
2303
1848
1471
1431
1427
1524
1426
1416
1369
1407
1517
1833
1956
1369
1378
1385
1347
1450
1829
1391
2314
1707
1549
1430
1608
18446744073708553382
1456
1560
1369
1416
1418
1572
1631
1435
1329
1364
1399
1547
1726
2176
1471
1502
1325
1851
1647
1484
1479
1398
1515
1483
1548
1628
1339
1387
1969
14389
2847
3510
2157
2079
1374
1377
1490
1477
1972
1926
2822
1406
1406
1328
1489
1715
1394
1365
1565
1467
1573
1670
1704
1400
1416
1371
1402
1497
1725
2514
1556
1395
1599
1487
1645
1498
1589
1465
1412
1806
2001
1446
1552
1331
1334
1388
1611
1598
2271
1689
1394
4059
1622
1426
1506
1379
1620
1669
1876
1428
12278
3457
3982
2511
2049
2201
2602
1553
2381
1400
1812
1795
2166
1409
1448
1378
1575
1689
1812
1522
1476
1384
1618
1488
1722
1335
1396
1380
1543
2004
1604
2315
1419
1414
1356
1593
1780
1460
1474
1581
1576
1500
1916
1465
1487
1335
1429
1337
1691
1919
2378
1369
1370
1378
1535
1575
1527
1368
1414
1363
1626
1590
1836
13698
2623
1895
4122
2127
2190
1639
1714
1584
1463
1417
1457
1631
1778
1994
1668
1495
1326
1913
1537
1498
1532
1458
1493
1401
1538
1804
1514
1653
1596
1519
1840
1682
2294
1426
1397
1476
1430
2101
1715
1550
1417
1489
1654
1591
1390
1642
1474
1332
1771
1749
2058
2107
1399
1450
1428
1635
1456
1425
1650
1351
13564
1696
2942
3090
2398
1708
1336
1356
1403
1415
2585
2028
2296
1722
7301
1730
13201
7892
1324
1952
4342
1398
1310
1631
3487
1468
1329
5125
1558
1418
1435
1668
1483
5833
1406
1534
1417
1633
2750
1430
15681
8801
1955
2376
2307
2350
2682
2354
1949
1356
1366
1384
1696
2231
2324
1467
1486
1406
1550
1428
1483
1407
1431
1498
1692
1633
1720
1422
1382
1515
1399
1704
1457
2510
1530
1423
1476
1386
1553
1492
1404
1474
1407
1484
1564
1745
1609
1542
1378
1454
1501
1745
2411
1580
1522
1583
1640
1711
1506
1408
1486
1447
12034
6238
1557
2397
2749
3719
1914
2288
1969
1474
1373
1329
1671
1728
1645
2272
1417
1505
1456
1500
1522
1374
1394
1798
1482
1521
1891
1428
1327
1326
1414
1500
1502
1988
2269
1473
1367
1501
1481
1865
1504
1540
1413
1383
1756
1547
1483
1404
1485
1499
1403
1703
1733
2239
1850
1390
1448
1545
1657
1587
1463
1512
14032
3706
2249
1980
3400
2106
2041
2014
1449
1686
2109
1369
1657
1499
1368
1922
2070
1723
1460
1328
1433
1517
1831
1472
1588
1492
1389
1596
1708
1534
1392
1363
1348
1733
1831
1625
2151
1365
1553
1434
1713
1783
1374
1662
1498
1615
1568
1463
1334
1364
1328
1335
1407
1567
2161
1911
1484
1492
1477
1486
1566
1500
1603
11815
3201
4501
2213
2016
2828
13156
2396
1576
1720
1742
2038
1560
1471
1598
1583
1514
1537
1529
1525
1428
1513
1677
1615
1364
1637
1402
1427
1651
1558
2435
1404
1435
1662
1477
2009
1595
1489
1559
1466
1629
1621
1401
1354
1458
1430
1666
1821
1790
2244
1370
1467
1529
1573
18446744073708564619
2402
1447
1419
2993
4035
1406
1491
1585
1810
1570
1383
1625
1644
1737
1695
1421
1445
1452
1405
1514
1728
2073
2338
1544
1366
1391
1470
1366
1484
1398
1437
1927
1536
10321
1640
2269
1432
1384
2223
3875
1580
1379
1911
2818
1422
2622
4058
1786
1879
2970
1426
4707
3780
12265
6325
4094
1896
1950
2034
1796
1410
1574
1771
1431
1490
1376
1428
1511
1436
1753
2577
1856
1392
1427
1437
1427
1406
1433
1368
1415
1607
1787
1733
1394
1446
1407
1377
1532
1739
1890
2088
1375
1451
1420
1422
1657
1390
1448
1414
1332
1547
1676
1540
1696
1433
1526
1485
1785
1688
2283
10913
2703
1574
3293
3004
1580
1479
1783
1759
1981
1394
1412
1397
1419
1975
1376
1473
1399
1443
1415
1620
1330
1366
1324
1374
1604
1719
1579
2493
1478
1392
1374
1517
1686
1463
1423
1586
1491
1413
1537
1727
1416
1367
1448
1488
1486
1814
1675
2068
1444
1474
1428
1525
1467
1383
1467
1392
1473
1642
1651
1508
1590
1455
1425
1490
1714
1602
2316
11135
2947
3338
3828
1908
2035
2245
2211
1647
1424
1694
1632
1530
1430
1511
1374
1365
1417
1472
1436
1411
1664
1342
1544
1380
1850
2027
2299
1548
1483
1502
1893
1574
1436
1411
1367
1479
1695
1408
1331
1372
1353
1899
2077
1630
2514
1723
1835
2118
3873
1775
1564
1412
1556
1413
1433
1449
12715
2799
1577
4900
1672
1538
1911
1375
1418
1542
1381
1402
1591
1967
1822
1664
1363
1446
1555
1695
1391
1381
1542
1576
1504
1707
1601
1445
1436
1371
1368
1670
1862
2291
1497
1492
1573
1625
1501
1399
1450
1460
1409
1442
1456
1656
1414
1723
1599
1510
1675
1447
2220
1397
1397
1590
1470
2007
1524
1540
1449
1580
1673
1589
1365
12502
1478
5260
1422
2953
2313
2204
2258
1915
1981
1568
1928
1753
2346
1459
1372
1510
1561
1545
1496
1516
1457
1682
1645
1604
1432
1441
1462
1415
1496
1767
1607
2097
1683
1480
1375
1464
1399
1373
1456
1433
1413
2002
6631
5200
1895
1697
1410
1512
5343
1397
1463
1523
1582
13954
3355
3705
5577
2715
2365
1727
1585
6011
4187
1631
1432
1379
1607
1695
1412
1819
1430
1604
1650
1513
1541
1447
1377
1327
1489
1670
2438
2753
1418
1473
1477
1420
1403
1503
1450
1336
1637
1871
1854
1332
1458
1399
1452
1687
1619
1905
1821
1363
1396
1450
1703
1630
1324
1512
1400
1511
13170
4519
2702
2194
1988
1974
1338
1491
1481
1703
1506
1577
1611
1469
1530
1894
1424
2277
1363
1342
1388
1550
2104
1336
1510
1705
1526
1572
1451
1407
1469
1745
1470
1672
1938
2016
1639
1372
1394
1556
1626
1463
1441
1696
1423
1376
1495
13300
1696
1845
1389
1424
1856
1478
1502
1474
1449
12083
5188
2589
2691
2255
1979
1432
1447
1488
1660
1851
1411
1569
1879
1509
1762
1625
2045
1367
1343
1826
1567
1813
1474
1331
1333
1406
1368
1509
1439
1460
1868
1397
1576
1468
1734
18446744073708553469
1971
1436
1385
1368
1535
1605
1381
1409
1348
1421
1493
1757
1568
1425
1338
1359
1717
1835
1461
2270
1464
1417
1492
1523
1605
1537
11103
2770
4665
4014
1912
2116
1498
1409
1422
1374
1326
1768
1660
1728
1358
1407
1372
1393
1517
1746
1613
2552
1483
1468
1454
1429
1680
1375
1386
1401
1365
1433
1754
1508
1510
1382
1505
1445
1687
1666
2165
1812
1386
1640
1515
1587
1448
1420
1351
1390
1486
1554
1636
1397
1724
1487
1385
1691
1488
2488
3677
1445
10564
4182
3066
3439
2611
2443
1977
2088
2109
1392
1528
1453
1427
1565
1576
1621
1490
1329
1397
1512
1462
1824
1847
1922
1723
1821
1861
2040
1810
1907
1653
1505
1635
1451
1406
1370
1413
1364
1800
2147
2814
1880
1789
1873
1816
1676
1423
1414
1373
1988
10074
1522
2393
1454
1520
13895
2512
4847
5379
1939
1929
2603
4183
1469
1363
1634
2935
1362
4750
4180
3647
1390
1476
1540
1720
1532
1853
1481
1464
1382
1671
1454
1356
1384
1324
1535
1546
1861
2434
1457
1386
1591
1475
1598
1531
1497
1472
1765
1624
1582
1366
1398
1581
1345
1401
1668
1464
11846
3277
3384
2723
1885
2114
1993
1616
1518
2430
1446
1511
1424
1541
1542
1338
1457
1960
1543
1493
1771
1987
1861
2000
1662
1972
1430
1440
2088
1443
1558
1459
1662
1549
1366
1743
1459
1891
1698
1338
1370
1354
1503
1594
1826
1589
2306
1479
1324
1439
1529
1479
1392
1681
1432
1663
1595
1651
1518
1364
1428
1365
1335
1705
1667
11072
3500
3586
4214
1712
1902
2059
1758
2097
1856
1397
1383
1444
1456
1399
1399
1465
1380
1492
1504
1887
1853
1770
1759
1871
1886
1833
1942
1406
1834
1676
1673
1515
1365
1443
1459
1498
1524
1659
2174
1633
1414
1397
1669
1590
2416
1428
1509
1404
1510
1874
1378
1533
1461
1588
1717
1676
1523
1383
1584
1566
1530
2212
1645
2176
11709
4623
3131
2502
2545
2751
3016
1546
1375
1536
1745
1449
1484
1408
1498
1640
1791
1713
1416
1494
1407
1468
1755
1509
2291
1633
1411
1493
1381
1570
1412
1398
1468
1402
1395
1636
1784
1461
1367
1416
1487
1437
1704
1692
2149
1497
1530
1482
1396
1457
1363
1430
1469
1507
1533
1541
1661
1523
1641
1520
1478
1717
1462
2527
1418
11666
4553
2201
2864
2887
1844
2354
1514
1406
1376
1445
1478
1434
1539
1382
1431
1403
1568
1642
1402
1411
1407
1433
1347
1741
1560
1479
2290
1431
1563
1445
1628
1406
1504
1405
1474
1375
1509
1363
1446
1397
1378
1336
1478
1667
1759
2118
1629
1409
1453
1560
1512
1388
1412
1365
1492
1451
2477
9145
1915
11681
2967
4235
4247
3041
19011
4392
1865
2000
1634
1538
4641
1501
1391
1554
2558
1532
5339
3600
1649
1407
1372
1367
1778
1859
1741
2175
1632
1568
1481
1549
1456
1409
1411
1382
2116
1840
1617
1408
1481
1485
1368
1708
10013
18446744073708555188
4316
2060
2960
1396
1462
1376
1482
1870
1675
2169
1475
2927
1472
1497
1515
1406
1429
1547
1490
1664
1545
1656
1594
1471
1508
1697
1550
2423
1429
1530
1447
1805
1844
1366
1516
1523
1322
1554
1663
1366
1412
1326
1475
1556
1770
1673
2302
1440
1412
1448
1474
1588
1511
1635
1478
1455
1588
1812
1492
1378
1379
1400
1325
1752
1586
2388
1427
1346
1444
1571
1649
1540
1412
1462
1956
10835
6686
1457
2871
2042
1435
1494
1485
1581
1497
1849
1784
1475
1419
1446
1451
1738
1711
2342
1405
1770
1535
1738
1599
1425
1427
1444
1447
1590
1612
1357
1520
1556
1463
1424
1843
1709
2095
1432
1460
1605
1757
1499
1444
1435
1456
1375
1540
1700
1565
1488
1384
1615
1622
1823
1610
1862
1349
1341
1352
1519
1729
1387
1717
10309
2803
5876
2609
1769
3191
2203
1435
1404
1656
1729
1605
1480
1374
1467
1384
1402
1627
1517
2513
1355
1471
1394
1538
1663
1588
1488
1572
1462
1493
1907
1517
1436
1488
1333
1452
1680
1692
2294
1388
1503
1657
1582
1499
1327
1538
1327
1379
1402
1557
1706
1542
1688
1636
1572
1775
1537
2249
1379
1343
1444
1486
2183
1390
1373
11414
3062
5800
1626
1968
2521
1425
1589
1496
1379
1469
1553
1699
1473
1410
1412
1420
1368
2072
1520
2276
1331
1335
1454
1661
1799
1486
1435
1405
1589
1511
1646
1417
1370
1400
1698
1860
1931
1762
2293
1665
1732
1819
1555
1454
1438
1406
1546
1497
1614
8201
1876
1646
2775
3436
1478
1800
12150
9391
2711
2895
2443
1408
4798
1550
1704
1450
1329
2205
5581
4217
1683
1415
1498
1704
1531
1773
1544
1475
1504
1555
1393
1543
1365
1431
1520
2325
2188
1856
1378
1340
1413
1508
1518
1522
1400
1586
1660
1769
1794
1412
1469
1409
1337
1697
1544
2548
1799
1373
1549
1540
1867
1445
1446
12956
2903
3168
4276
2047
1889
2267
1830
1400
1434
1537
1497
1530
1415
1548
1512
1525
1733
2164
1768
1409
1442
1491
1852
1465
1388
1384
1457
1410
1489
1545
1413
1726
1326
1769
1724
1975
2104
1585
1414
1416
1493
1525
1445
1663
1429
1464
1418
1687
1767
1371
1342
1491
1503
1416
1879
1609
1990
1384
1412
1458
1661
1737
11979
2942
2200
5550
1495
2229
2328
1501
1383
1420
1449
1337
1542
2011
1454
1384
1448
1444
1323
1759
1522
2390
1487
1679
1657
1655
1660
1364
1448
1392
1483
1579
1645
1324
1668
1465
1367
1469
1671
1792
2162
1381
1476
1436
2133
1487
1390
1363
1371
1445
1598
1774
1421
1342
1355
1760
1524
1667
1461
2372
1330
1324
1380
11913
2861
3545
1904
3671
2523
1945
2102
1633
1581
1452
1894
1538
1535
1590
1574
1495
1487
1353
1329
1361
1744
1532
2343
1435
1322
1335
1600
4929
8463
2075
1367
1500
1801
1511
2411
1551
1652
1456
1621
1440
1398
1453
1514
1376
1578
1579
1475
1645
1466
1397
1373
1466
1671
1976
1758
1379
12253
3424
2376
4048
2695
2977
1567
1365
1440
1574
1557
1629
1514
1615
1420
1532
1673
18446744073708553116
1333
1404
1400
1479
1883
1576
2387
1375
1335
1451
1491
1640
1586
1428
1476
1663
1568
1773
1588
1484
1611
1405
1427
1773
1759
2537
1398
1414
1371
1513
1443
1451
1393
1449
1363
1463
1816
1576
8052
1687
11822
6780
5516
1910
1911
3057
3124
2033
3771
3004
1378
1673
4795
1546
1449
1628
1617
5759
3713
1720
1617
1548
1700
1469
1341
1401
1783
1529
1425
1512
1324
1563
4440
2126
1379
1334
1410
1547
1510
1341
1392
1710
1543
1823
1755
1406
1409
1460
1582
1443
1842
1482
2575
11449
4381
2845
2148
2587
2434
1720
2276
1543
1447
1364
1629
1539
1443
1333
1462
1363
1615
1693
1369
1594
1474
1530
1361
1799
1528
2307
1513
1425
1512
1707
1641
1388
1381
1458
1417
1471
1562
1401
1536
1399
1884
1607
1899
1997
2223
1417
1339
1446
1651
1649
1711
1356
1467
1410
1451
1664
1457
1330
1379
1386
1489
1757
1697
11637
3640
3119
3480
2122
2052
1719
1673
1995
1495
1446
1373
1412
1407
1457
1384
1507
1433
1433
1387
1873
1652
1371
1407
1487
1328
1757
1978
2115
1847
1878
1535
1511
1497
1403
1488
1424
1339
1453
1728
1369
2449
1486
1532
1521
1546
2115
1506
1523
1435
1377
1621
1418
1372
1520
1327
1540
1489
1732
1398
1369
1326
1591
13194
1896
3201
4563
3025
2312
1820
2093
2522
1532
1412
1501
1361
1565
2032
1564
1412
1511
1738
1555
1544
1669
1417
1358
1457
1364
1357
1775
2295
1773
1465
1386
1490
1522
1676
1440
1374
1484
1329
1761
1654
1473
1368
1466
1487
1520
1523
1607
2127
1440
1631
1445
1511
1608
1374
1445
1371
1453
1456
1554
1794
1582
1554
1422
1480
1729
1468
12293
2916
3123
4001
1801
2509
2309
1675
2296
1479
1376
1369
1482
1515
1516
1520
1520
1369
1551
1731
1410
1375
1323
1394
1379
1395
1829
1780
2007
1457
1336
1495
1626
1597
1441
1532
1771
1459
1843
1529
1377
1414
1361
1323
1593
1812
1922
1889
1430
1463
1418
1544
1467
1485
1466
1422
1442
1452
2072
1491
1866
6229
12472
2805
4039
5654
5100
2757
2048
5280
1945
1948
1389
1439
4748
1346
1533
1650
1480
2114
4910
4976
2652
1574
1502
1522
1405
1744
1450
1454
1474
1404
1475
2064
1884
2261
1415
1372
1388
1504
1552
1436
1373
1607
1422
2570
1653
1337
1461
1444
1416
1501
1713
2049
1681
1443
1328
1560
1612
12991
5278
2370
2676
2133
2001
2109
1622
1321
1370
1408
1336
1413
1469
1845
1671
1386
1726
1373
1638
1615
2251
1614
1402
1464
1617
1794
1401
1407
1353
1458
1370
1619
1476
1386
1482
1737
1668
1961
1534
2306
1405
1477
1434
1503
1644
1395
1634
1397
1467
1417
1601
1667
1483
11252
2240
2062
14531
2189
2562
3147
2537
2558
2048
1530
1679
1508
1540
1372
1490
1760
2190
1648
1530
1542
1448
1558
1703
2294
1682
1710
1494
1750
1702
1409
1326
1415
1419
1363
1602
1544
1540
1450
1424
1513
1466
1716
18446744073708553578
1824
1483
1429
1419
1738
1429
1371
1423
1443
1382
1571
1732
1606
1455
1386
1776
1660
1532
1555
2253
1488
1414
12985
2662
2864
3646
2154
3557
1972
1955
2218
1420
1407
1370
1690
1478
1976
1537
1453
1372
1376
1327
1441
1870
1602
2002
1403
1387
1564
1557
1614
1432
1376
1561
1326
1763
1571
1475
1593
1359
1324
1553
1642
1580
2019
1596
1686
1527
1480
1455
1480
1448
1408
1328
1410
1496
1621
1705
1364
1385
1378
1428
1697
1954
1861
1468
11525
2454
3599
3840
2459
2406
2701
1877
2125
1553
1514
1632
1505
1333
1379
1476
1709
1456
1564
1322
1474
1564
1887
1495
2240
1533
1367
1570
1490
1663
1521
1377
1660
1429
1638
1603
1369
1509
1427
1366
1421
1501
1741
2028
1601
1443
1374
1446
1589
1726
1428
1503
1367
1535
1619
1924
1388
1864
17844
2721
5090
3055
2082
1946
6296
1542
1422
1476
5159
1393
1362
1445
1441
1633
4207
1781
1577
2819
5403
2741
1848
1583
1539
1742
1514
1592
1632
1380
1437
1413
1503
1360
2309
1785
2057
1514
1374
1381
1406
1413
1451
1571
1898
1521
2054
1795
1461
1426
1481
1451
1409
11390
4914
2391
3002
2545
1770
1908
1493
1423
1743
2165
1368
1692
1399
1474
1739
1358
1569
1883
1407
1753
2048
1779
2356
1609
1669
1661
1976
1908
1408
1451
1787
1630
1494
1383
1588
1440
1524
1601
1461
1399
1627
1633
1484
1450
1978
1580
2127
1424
1437
1502
1525
1486
1576
1556
1333
1533
1526
1819
1450
1369
1340
1485
12567
2858
3243
2751
4477
2495
1887
2204
1741
2213
1382
1406
1378
1432
1435
1554
1386
1657
1520
1466
1709
1857
1425
1480
1395
1410
1456
1483
1491
1405
1461
1702
1365
1437
1802
1437
1374
1375
1410
1469
1644
1497
1687
1457
2100
1363
1421
1752
2546
1475
1527
1390
1877
1524
1406
1672
1325
1567
1534
1739
1504
1450
1468
14448
3162
2429
3159
2162
2005
1506
1372
1684
1403
1856
1998
1876
1431
1370
1379
1438
1475
1415
1396
1579
1491
1499
1800
1561
1397
1450
1397
1505
1688
1523
2573
1401
1380
1393
1425
1564
1407
1396
1360
1509
1619
1725
1675
1422
1391
1358
1493
1534
1746
2012
1943
1736
1428
1509
1631
1402
1405
1360
1367
1336
1418
1730
1808
1359
10584
4163
4437
2372
2631
2050
2047
1514
1370
1609
1622
1799
1707
2265
1503
1410
1454
1412
1588
1642
1477
1413
1374
1490
1618
1416
1434
1329
1525
1505
1876
1577
2454
1480
1369
1468
1371
1633
1451
1387
1532
1580
1471
1714
1430
1364
1464
1331
1339
1567
1763
1616
1508
1381
1510
1433
1544
1785
1368
1424
1348
1397
1520
1829
1716
1456
16082
3894
3621
5146
5529
11844
1491
4465
1464
6086
2204
1516
1526
1597
3056
1466
2780
5251
2883
1547
1416
1734
1559
1447
1398
1340
1428
1978
2350
2216
1562
1436
1478
1506
1582
1600
1430
1571
1422
1891
1811
1642
1361
1380
1368
1414
1621
9753
18446744073708556365
4475
1554
1573
1448
1413
1325
1344
1468
1839
2076
1774
2879
1528
1680
1524
2007
1372
1377
1426
1675
1563
1655
1716
1445
1477
1600
1566
2382
1386
1385
1541
1620
2056
1442
1512
1438
1464
1614
1643
1359
1492
1645
1449
1545
1701
1732
2166
1496
1409
1420
1505
1530
1749
1486
1476
1381
1639
1775
1369
1331
1358
1384
1367
1554
1768
2085
1838
1475
1445
1468
1616
1538
1443
1728
10321
5250
4844
1766
2017
2116
1483
1410
1407
1402
1752
1934
1383
1652
1664
1329
1508
1638
2188
1700
1755
1334
1509
1774
1459
1533
1451
1516
1420
1735
1619
1542
1551
2176
1457
2026
1835
1975
1428
1457
1572
1481
1571
1456
1465
1460
1368
1626
1700
1418
1376
1608
1530
1430
1860
1619
2207
1475
1375
1355
1566
11343
4815
1942
3025
3553
1576
1362
1468
1655
1529
1554
1592
1686
1710
1750
1381
1330
1542
1333
1422
1691
1592
2129
1671
1417
1408
1370
1382
1677
1406
1379
1464
1385
1660
1821
1534
1372
1414
1449
1376
1653
1595
2420
1591
1452
1480
1568
1528
1363
1545
1403
1569
1483
1707
1693
1404
1509
1546
1330
1668
1511
2329
1376
1334
1370
1658
11841
3022
5001
2152
3426
2066
1422
1492
1506
1633
1443
1392
1647
2232
1718
1503
1451
1509
1480
1606
1473
1450
1468
1491
1340
1598
1439
1666
1663
1339
1578
1397
1623
1499
1480
1440
1852
1525
1421
1672
1901
2402
2039
1482
1709
1507
1417
1467
1552
1404
1682
1978
1718
1540
1466
1580
1635
1629
1528
2229
1963
1394
1440
9309
4920
1558
4481
5020
2035
2021
2429
2095
2013
1369
1332
1533
1460
1652
1454
1421
1863
1450
1612
1611
2010
1477
1451
1382
1639
1521
1758
1447
1423
1405
1369
1544
1462
1342
1359
1365
1489
1544
1844
1598
2433
1510
1528
1385
1694
1537
1373
1358
1755
1448
1551
1671
1415
1431
1553
1371
1368
1649
1544
2148
1528
1413
1458
1441
1681
11186
5819
1778
2857
2515
2147
1936
2217
1389
1538
1476
1392
1543
1651
1850
1494
1425
1462
1421
1613
1672
2005
1449
1452
1430
1710
1755
1559
1377
1560
1331
1510
1630
1433
1549
1565
1820
1515
1650
1569
2488
1548
1501
1445
1509
1510
1599
1447
1447
1370
1400
1569
1755
1570
1425
1468
1434
1858
1455
2196
1477
1523
1368
1496
1714
12486
4284
2585
3580
2164
2070
1676
1574
1417
1418
1500
1430
1926
1737
1702
1335
1459
1410
1448
1746
1626
2205
1713
1474
1449
1519
1639
1496
1379
1497
1416
1418
1597
1815
1500
1429
2138
1396
1904
1603
1958
1438
1424
1754
1765
1569
1447
1502
1361
1473
1447
1650
1422
1464
1781
1453
1661
1863
2114
1687
1500
1377
10533
3466
3640
1350
4378
3031
1491
1430
1409
1503
1637
1376
1482
1684
1622
1517
1756
1552
1406
1464
1634
1409
1869
1631
2175
1432
1369
1459
1415
1559
1418
1464
11587
2143
2089
1613
2290
1601
1400
1463
1572
1689
1383
1625
1499
1390
1501
1703
1815
1648
1459
1403
1324
1735
1617
2237
1412
11751
6280
2331
1918
1821
2536
1933
1352
1510
1489
1669
1719
1549
1675
1370
1449
1551
18446744073708553276
1463
1467
1467
1364
1521
1811
1484
2236
1516
1411
1397
1456
1988
1788
1505
1556
1444
1493
1605
1412
1504
1417
1482
1550
1708
1788
2352
1452
1439
1460
1456
1451
1384
1477
1394
1585
1907
1967
1443
1565
1456
1406
1368
1568
1422
12081
2181
4346
2580
2201
2130
2193
1974
1891
1545
1420
1374
1577
1490
1414
1396
1581
1462
1513
1518
1708
1523
1523
1740
1364
1490
1575
1620
2368
1499
1397
1346
1510
2101
1460
1493
1374
1374
1569
1516
1430
1398
1438
1366
1795
1820
1736
2145
1451
1383
1437
1652
1436
1360
1437
1752
1500
1490
1747
1392
1441
1451
1589
13455
1547
3091
4317
2222
1729
1956
2063
2111
2500
2959
1509
1460
1541
1509
1408
1357
1378
1404
1390
1531
1636
1636
1434
1440
1445
1449
1745
1410
2484
1359
1398
1638
1568
1758
1334
1469
1489
1397
1513
1603
1422
1330
1463
1562
1508
1921
1554
2245
1402
1451
1493
1603
1629
1632
1447
1356
1446
1418
1590
1708
1375
1434
1467
13030
3533
1488
4206
1555
1502
1325
1459
1370
1446
1483
1606
1624
2120
1420
1443
1446
1576
1459
1375
1391
1358
1381
1538
1598
1756
1358
1454
1448
2119
1676
1480
2383
1744
1370
1470
1406
1421
1449
1387
1378
1487
1599
1531
1613
1399
1432
1390
2080
1571
1629
2231
1441
1427
1372
1575
1538
1461
1401
1378
1347
1344
1504
1695
1361
1331
1585
1495
11570
4356
3800
3177
4285
1805
2047
2695
3087
2071
2069
2221
1580
1466
1418
1554
1528
1504
1596
1495
1383
1424
1396
1388
1870
1481
2271
1465
1457
1412
1561
1850
1459
1390
1453
1410
1715
1492
1556
1418
1415
1388
1382
1495
1555
1582
2369
1754
1530
1478
1628
1514
1582
1450
1409
1589
1380
1633
1576
1483
1391
1407
1428
1748
1513
12597
2662
4573
1417
2128
3010
2340
2977
1504
1484
1443
1826
1591
1615
1542
1381
1342
1350
1481
1746
1334
1481
1431
1330
1846
1659
2314
1405
1566
1383
1598
1902
1741
1433
1726
1584
1558
1702
1366
1468
1396
1371
1439
1664
1800
2419
1431
1409
1368
1606
1541
1471
1563
1402
1592
1799
1695
1513
1420
1374
1404
1373
1480
1724
12124
3402
2674
4441
2057
1842
2316
1520
2360
1394
1424
1647
1762
1648
1366
1546
1451
1472
1620
1720
1362
1330
1629
1485
1519
1653
1583
2189
1579
1367
1465
1393
1540
1623
1458
1454
1433
1407
1656
1633
1410
1523
1328
1342
2044
1714
2381
1490
1466
1429
1489
1644
1460
1379
1654
1581
1481
1696
1716
1368
1437
1376
1365
1430
1915
2202
12392
3168
3919
2462
2402
2344
1596
2484
1631
1452
1426
1523
1772
1384
1413
1402
1459
1402
1601
1864
1515
1523
1481
1470
1691
1445
2460
1412
1405
1644
1587
1817
1328
1387
1573
1556
1443
1656
1366
1566
1908
1348
1510
1668
1474
2248
1382
1391
1583
1473
1926
1416
1471
1340
1362
1477
8208
6804
11103
4968
2813
2847
3490
3007
2692
2036
1964
2050
1423
1500
1425
1408
1736
1624
1545
1578
1366
1606
1373
1574
1724
2182
1600
1603
1353
1414
1541
1621
1339
1368
1439
1366
1357
1746
1760
1459
1674
2161
1503
1664
18446744073708554732
1473
1559
1519
1458
1411
1368
1387
1437
1375
1510
1517
1625
1587
1560
1686
1460
1701
1536
2162
1615
1404
11377
2974
2680
3030
1661
1695
1818
2523
1457
1447
1476
1592
1465
1420
1567
1595
1448
1552
1726
1425
1341
2656
6376
3265
1464
4790
1379
1390
1404
1467
1877
4494
1455
1341
1477
3182
2200
2968
4064
1782
3470
1378
1487
4679
3939
2204
16567
3271
2760
4186
5284
5691
1990
2673
2311
3438
2312
5794
2418
1614
1593
2236
2997
1553
2221
5231
3010
1538
1418
1438
1512
1461
1532
1578
2199
2535
1522
1331
1527
1557
1527
1471
1462
1322
1537
1633
1991
1451
1414
1336
1376
1534
1662
1646
2097
1661
1467
1418
1551
11368
3001
3588
1886
1513
2287
1451
1841
3174
1580
1447
1410
1541
1500
1488
1734
1446
1369
1766
1459
1378
1803
1555
2085
1353
1374
1348
1664
2026
1452
1543
1386
1480
1464
1710
1486
1378
1344
1503
1648
1622
1729
2427
1388
1406
1376
1571
1532
1453
1530
1636
1608
1584
1749
1418
1372
1322
1472
1528
1592
1886
2007
1716
1447
1416
1376
1732
1547
1421
1406
1496
1439
1849
13255
3608
2865
3779
2693
2256
2587
2262
2175
1871
1524
1562
1533
1464
1387
1407
1659
1494
1576
1454
1423
1596
1493
1482
1709
1589
1598
1681
1556
1836
1598
1728
2092
1338
1364
1411
1595
2103
1395
1834
1447
1408
1562
1672
1589
1326
1362
1344
1686
1802
1626
1971
1574
1382
1542
10836
2830
3623
2486
1658
2567
1914
1816
1428
2539
1414
1596
1506
1331
1548
1788
1850
1460
1463
1445
1517
1455
1750
1735
2318
1338
1444
1562
1852
1415
1337
1392
1413
1415
1663
1770
1386
1766
1565
2191
1880
1556
2377
1336
1420
1738
1654
1490
1363
1396
1516
1400
1552
1676
1524
1645
1675
1684
1530
1909
1392
1642
2159
1386
1415
1684
1730
1415
1387
1372
1872
11129
4970
3897
2158
1502
1434
1691
1446
1557
1606
1792
1377
1370
1360
1477
1365
1745
2085
2032
1710
1409
1469
1419
1589
1421
1377
1489
1571
1715
1591
1426
1431
1444
1323
1514
1703
1721
2630
1575
1382
1374
1499
1564
1421
1392
1441
1325
1405
1492
1774
1571
1424
1416
1450
2174
1558
2391
1472
1392
1715
1633
1712
1426
1330
11285
4185
3328
3062
1926
2079
1592
1424
1378
1566
1351
1615
1755
1350
1344
1406
1410
1730
1713
1485
2429
1342
1395
1417
1608
1769
1358
1588
1438
1487
1403
1563
1440
1364
1364
1372
1543
1630
1607
1978
1898
1500
1383
1500
2248
1458
1367
1327
1380
1619
1682
1650
1329
1380
1325
1360
1399
1833
1425
1502
1858
1367
1450
11497
2759
13852
3279
1964
1440
1554
1400
1388
1470
1770
1524
1425
1523
1477
1425
1543
1736
1909
1880
1447
1398
1515
1777
1695
1387
1376
1451
1375
1576
1473
1855
1432
1363
1597
2138
1799
2371
1628
1410
1421
1496
1553
1478
1596
1346
1442
1499
1737
1631
1331
1405
1378
1329
1553
1962
2301
1559
1325
18446744073708564115
2657
3872
1703
1982
2038
2460
1597
1430
1446
1561
1641
1482
1426
1441
1453
1454
1678
1808
1447
1368
1462
1330
1706
1535
2759
1444
1361
1702
1510
1653
1411
1497
1376
1554
1451
1806
1375
1428
1628
1382
1423
1655
1627
2379
1542
1458
1420
1464
1683
1512
1506
1410
1331
1445
1483
1722
1613
1331
1447
1504
1585
12297
2923
2946
3650
1812
2465
1481
1377
1712
1734
2371
1593
1452
1417
1388
1471
1382
1797
1508
1613
1659
1725
1498
1514
1485
1417
1369
1885
1712
2535
1581
1538
1440
1552
1797
1420
1476
1433
1560
1515
1686
1481
1472
1330
1473
1380
1909
1878
2109
1396
1631
1906
1864
1789
1867
1693
1812
1893
1678
1335
1672
1430
1424
11846
3461
4535
1973
1640
1761
1376
1865
1714
1713
1755
2270
1410
1400
1367
1501
1461
1563
1746
1450
1381
1474
1727
1738
1451
1459
1454
1517
1612
1761
2196
1381
1334
1481
1467
1717
1466
1698
1514
1579
1607
1864
1470
1541
1420
1362
1349
1685
1613
2341
1901
1421
1399
1632
1522
1343
1420
1412
1379
1478
1630
1647
1477
1433
1449
12351
1579
3635
4123
2592
1914
2561
1536
1468
1802
1620
2348
1359
1442
1409
1407
1725
1385
1435
1431
1337
1352
1508
1851
1448
1739
1587
1581
1878
1620
2319
1371
1341
1336
1405
1693
1560
1519
1547
1664
1369
1713
1332
1361
1437
1368
1702
1653
2083
1956
1961
1562
1703
1547
1475
1555
1429
1456
1570
1696
1640
1804
1747
1905
1711
9170
4924
1987
4659
3100
4572
1498
2205
2568
2205
1548
1864
1441
1533
1409
1432
1445
1377
1402
1555
1627
1399
1997
1933
1871
1990
2764
1757
1480
1461
1561
1939
1512
1364
1383
1426
1499
1529
1361
1325
1511
1364
1649
1456
1851
2026
1842
1581
1415
1575
1607
1436
1697
1457
1539
1453
1584
1677
1336
1416
1542
1337
1678
1828
2269
1474
11238
2743
3677
3541
1681
3128
2257
1950
1486
1473
1517
1529
1376
1413
1390
1387
1428
1497
1744
1571
1334
1461
1464
1494
1824
1390
1540
2255
1640
1434
1652
1461
1538
1373
1375
1367
1476
1495
1444
1323
1819
1521
1410
1670
1610
2413
1476
1499
1411
1702
1868
1501
1482
1403
1614
1639
1719
1370
1326
1472
1774
1686
2126
1879
1802
13816
2163
3138
3372
2026
2868
2291
1433
1466
1443
1637
1590
1367
1462
1340
1686
1559
1780
1471
1334
1434
1373
1385
1543
1627
2373
1604
1455
1396
1510
1764
1564
1385
1363
1446
1357
1775
1648
1479
1361
1323
1368
1415
1832
1690
2194
1539
1861
1652
1535
1591
1524
1410
1469
1429
1803
1354
1433
1660
1522
1363
1456
1807
11012
3199
2831
4375
2358
1767
2231
2492
3186
2073
1394
1368
1479
1417
1661
1626
1582
1472
1801
1615
1388
1371
1541
1491
1728
1549
2363
1393
1366
1456
10036
2548
2481
1655
1500
1440
1482
1788
1932
2056
1505
1442
1410
1407
1453
1380
1485
1428
1416
1546
1835
1612
1663
1370
1330
1485
1730
1421
11680
4785
1524
4450
2020
2092
1714
1565
2366
1412
1403
1492
1403
1675
1428
1489
1382
1464
1447
1681
18446744073708553159
1410
1406
1360
1546
1447
2028
1708
2036
1430
1411
1462
1721
1793
1685
1372
1428
1435
1695
1331
1505
1642
1335
1555
1427
1659
1789
2280
1382
1488
1364
1973
2078
1365
1405
1491
1497
1766
1436
1375
1487
1515
1390
1511
1641
2011
13051
3854
1601
3901
1781
3080
1783
2390
1446
1577
1422
1469
1411
1400
1450
1369
1643
1485
1797
1371
1744
1439
1584
1497
1807
1735
2166
1455
1366
1480
1640
1541
1455
1371
1495
1389
1398
1641
1328
1379
1365
2381
1502
1736
1647
1371
2426
1524
1517
1528
1345
1356
1782
1385
1513
1612
1625
1493
1380
1548
1472
1590
11859
2550
3719
2368
3214
2108
1399
1339
1488
1779
1626
2477
1443
1397
1431
1428
1499
1425
1419
1423
1435
1433
2030
1608
1632
1476
1469
1413
1794
1484
2296
1375
1447
1587
1506
1677
1420
1343
1400
1346
1458
1683
1396
1342
1616
1755
1452
1583
1674
2335
1599
1502
1456
1412
1774
1551
1377
1325
1409
1382
1522
1627
1367
1351
13964
3921
3459
1881
2963
1942
2562
1373
1496
1777
1707
2498
1399
1496
1469
1406
1600
1372
1421
1365
1562
1505
1730
1717
1336
1371
1347
1346
1419
1849
2085
2059
1384
1456
1458
1732
1577
1390
1395
1446
1497
1599
1700
1564
1387
1392
1464
1456
2351
1959
1984
1405
1601
1493
1609
1431
1438
1453
1331
1371
1527
1645
1467
1615
11768
2843
5879
2406
3460
3166
2557
2353
2517
2990
2124
2083
2300
2082
1656
1605
1661
1563
1736
1658
1332
1388
1493
1464
1587
1603
1708
1507
1425
1430
1495
1683
1438
1341
1398
1495
1660
1743
1483
1923
1455
1329
1378
1709
1575
2279
1630
1508
1431
1476
1609
1476
1541
1506
1328
1383
1753
2073
1500
1469
1439
1373
1608
1600
11206
2843
4839
1634
3096
2100
1438
1710
1494
1771
1944
1443
1466
1519
1650
1471
1538
1412
1544
1488
1567
1650
1367
1366
1360
1711
1778
1584
2071
1464
1375
1503
1448
1587
1572
1497
1533
1587
1526
1614
1539
1492
1365
1364
1440
1419
1876
1511
1748
1978
1374
1394
1593
1461
1443
1638
1368
1595
1554
1686
1536
1389
1400
1371
1372
1692
1453
2289
10875
3276
5084
2284
2011
2241
1598
2353
1482
1410
1529
1404
1661
1452
1659
1488
1391
1477
1514
1632
1449
1524
1551
1477
1402
1715
1723
1906
1443
1370
1472
1482
1862
1828
1802
1846
1989
1865
1792
1591
1485
1788
1963
1644
2362
1439
1457
1421
1456
1809
1371
1651
1525
1467
1520
1568
1607
1390
1451
1405
1412
1528
1552
1997
1477
11721
5247
2551
2131
3711
1885
2173
1417
1424
1478
1517
1583
1432
1432
1409
1326
1472
1589
1714
1585
1376
1479
1414
1540
1472
1890
1910
1437
1609
1461
1532
1845
1383
1418
1452
1493
1554
1501
1468
1884
1714
1500
1562
1672
2162
1796
1455
1368
1552
1727
1423
1521
1428
1523
1436
1613
1586
1448
3048
5271
1544
6106
5572
1595
5869
4592
2691
4637
1441
2114
2097
1536
1431
1414
1454
1575
1782
1770
1569
1336
1363
1507
1687
2108
1999
2409
1763
1901
1888
2020
1417
1465
1400
1467
1515
1640
1519
1440
1532
1367
1522
2390
18446744073708553554
2038
1564
1568
1470
1573
1448
1582
1736
1364
1553
1703
1584
1806
1449
1538
1415
1991
1910
2049
1471
1459
1579
1916
1579
11708
2599
5241
2997
2621
2471
2178
2364
1928
1649
1590
1614
1529
1422
1446
1484
1408
1732
1602
1552
1710
1412
1595
1513
1541
1521
1393
1414
1527
1482
1718
1496
1527
1484
1742
1598
1636
1885
1751
1760
2057
2439
1871
2024
2139
1642
1622
2160
1812
1576
1575
1606
1800
1478
2584
1461
1644
1953
1826
13197
2868
5721
3789
2623
4191
2052
2101
2117
1606
1506
1328
1375
1925
1695
2052
2453
1934
1598
1468
1543
1563
1850
1440
1698
1485
1770
1462
1427
1362
1414
1365
1450
1601
2261
2408
2162
1545
1536
1526
1375
1636
1326
1732
2028
1945
1685
1351
1483
1408
1562
1740
2100
1944
1544
1794
1635
1613
1435
1507
1538
1564
13734
3201
2316
4092
3856
1998
2273
2438
2276
1473
1661
1663
1975
1415
2367
1409
1408
1417
1744
2022
1375
1472
1404
1455
1458
1718
1432
1334
1419
1592
1569
2292
1864
2462
1736
1514
1582
1479
1556
1661
1704
1540
1896
1761
1401
1327
1387
1519
1570
1994
2512
2015
1466
1997
1652
1552
1466
1369
1657
1674
1918
1618
1611
12175
1593
4351
3482
4604
2694
4256
2066
2392
3093
1380
1893
2193
2105
1412
1379
1370
1439
1519
1639
1460
1854
1863
1517
1707
2048
1806
1871
1387
1368
1360
1977
1757
1928
1501
1409
1746
1655
1508
1551
1439
1740
1504
2182
1867
2321
1420
1532
1527
1769
1531
1693
1743
1397
1579
1482
1424
1379
1555
1322
1355
1716
2289
12108
5628
2781
3551
2045
2098
2907
2093
1978
2176
2378
1569
1364
1835
1364
1781
1705
1822
1937
1890
1453
2395
1518
2205
1369
1805
1357
1593
1459
1326
1391
1510
1609
1852
1782
1716
1756
1953
2375
1870
2173
1466
1349
1576
1702
2046
1590
1592
1484
1567
1544
1577
1457
1403
1523
1679
1580
2105
2205
12862
3958
1643
4438
2260
1871
1752
2990
1666
1446
1450
1537
1442
1513
1427
1826
1908
1713
1548
1476
1583
1385
1458
2239
1981
2106
1941
1696
1454
1472
1564
1421
1459
1326
1358
1472
1911
1528
1829
1637
1366
1661
1525
2224
1555
1624
1674
1733
1790
1378
1364
1502
1360
1391
1444
1507
1540
1563
1526
1436
1716
1608
11982
3520
3815
3120
1617
3145
2343
2993
1466
1509
1437
1471
1604
1525
1433
1738
1667
1767
1628
1331
1337
1556
1365
1564
1829
2322
2589
1711
1371
1514
1400
1368
1421
1396
1695
1654
1873
1718
1512
1539
1407
1399
1710
1527
2044
1651
1589
1667
1615
1618
1443
1366
1487
1380
1421
2030
1456
1528
1559
1598
1387
13525
4031
1541
1434
8959
4059
2810
4367
3622
3386
3551
1629
1835
2038
1590
1641
2019
2047
2464
1515
1431
1468
1577
1494
1619
1761
1834
1699
1877
1393
1347
1456
1467
1418
1734
1731
3033
1657
1564
1516
18446744073708553423
1524
1333
1441
1850
1617
1877
1622
1464
1400
1407
1406
1662
1657
1729
2992
1657
1548
1569
1374
1514
1413
1374
1466
1567
1631
1530
1372
1415
1354
1321
1763
12416
3908
2752
2938
3669
1773
3281
1738
2240
1466
1405
1690
1791
1915
1805
1419
1406
1460
1738
1391
1348
1326
1823
1358
1916
1685
2022
1479
1684
1579
1933
1880
1669
2461
1717
1413
1578
1421
1470
1417
1480
1469
1815
1639
1839
1400
1526
1384
1423
1438
1447
1420
1406
1506
1691
1700
1527
1366
1361
1349
1438
1389
1755
9842
3241
1827
6322
1436
4050
2442
2702
2586
2212
2088
2136
2132
1553
1414
1645
1505
1825
1781
1378
1417
1505
1439
1499
1404
1468
1442
1448
1377
1772
1689
1591
1379
1363
1413
1465
1650
1504
1368
1394
1462
1465
1461
1835
1661
1891
1405
1528
1374
1735
1482
1562
1395
1372
1457
1592
1629
1419
1330
1463
1535
1445
1878
1555
2366
1398
1324
1491
11717
5455
1513
2382
2837
2730
2011
1421
1443
1460
1418
1391
1398
1380
1444
1756
1762
1478
1412
1416
1527
1500
1868
1924
1702
1474
1488
1456
1729
1540
1364
1453
1333
1430
1428
1536
1407
1818
1885
1355
1475
1593
1519
2380
1394
1458
1563
1977
1430
1328
1367
1341
1458
1523
1708
1413
1482
1425
1643
1719
1750
1692
2085
1424
13609
2038
4587
1410
4143
3470
2750
1851
1639
1423
1477
1425
1660
1806
1643
1507
1382
1381
1452
1441
1831
1527
1805
1520
1564
1369
1515
1425
1685
1410
1381
1762
1376
1737
1706
1423
1455
1474
1411
1481
1988
1832
2033
1613
1375
1530
1560
1467
1383
1467
1443
1427
1496
1625
1718
1449
1537
1491
1499
1604
1631
2285
1436
13720
2004
2210
1730
3437
2366
1687
2269
1504
1528
1537
1497
1699
1487
1364
1334
1540
1656
1650
1944
1842
1442
1505
1881
1545
2027
1474
1424
1524
1538
1606
1400
1388
1689
1462
1524
1581
1355
1354
1456
1490
1456
1733
1557
2187
1469
1435
1379
1611
1555
1446
1406
1434
1409
1393
1758
1659
1676
1525
1349
1540
1446
1658
1598
11975
3732
3099
3671
2025
2208
1673
1576
2328
1418
1513
1456
1629
1426
1385
1441
1475
1416
1636
1650
1385
1399
1516
1683
1510
1679
1420
2456
1437
1483
1473
1674
1691
1861
1606
1382
1377
1537
1559
1403
1387
1411
1324
1383
1750
1606
2402
1520
1411
1444
1463
1647
1438
1405
1645
1515
1531
1723
1392
1359
1406
1402
1504
1410
14327
2010
2693
2441
1958
3089
1909
1611
2413
1732
2261
1607
1450
1582
1400
1436
1452
1391
1411
1811
1729
1665
1523
1405
1379
1595
1834
1349
2424
1419
1458
1439
1789
1761
1400
1397
1410
1373
1516
1524
1342
1324
1365
1676
1477
1627
1790
2242
1460
1420
1370
1547
1620
1710
1539
1707
1404
1529
1607
1410
1368
1336
1383
1358
24099
2394
3627
3171
2703
3137
2162
2152
2880
2054
2026
1708
1870
1570
1452
1448
1496
1357
1837
1651
2220
1633
1442
1473
1611
1636
1386
1416
1416
1428
1574
1682
1642
1426
1481
1329
1577
1776
1636
2366
1379
1504
1566
1730
1458
1492
1372
1417
1385
1593
1615
18446744073708553064
1447
1650
1592
1433
1811
1632
2150
1383
1373
1425
10352
3413
3421
4359
4372
1378
1949
2120
2163
1909
1474
1576
1485
1626
1668
1576
1406
1474
1387
1462
1674
1818
1661
1432
1382
1370
1501
1704
1404
1329
1434
1362
1501
1893
1451
1429
1421
1537
1345
1534
1767
2142
1704
1784
1385
1484
1600
1419
1449
1567
1397
1438
1772
1557
1696
1771
1694
1374
1577
1547
2417
1433
1394
1510
12224
2817
2599
3377
2477
3287
1953
2004
1460
1412
1483
1448
1411
1323
1559
1728
1458
1330
1482
1520
1397
1799
1583
2158
1498
1425
1385
1458
1568
1404
1414
1364
1652
1762
1617
1477
1366
1481
1421
1544
1482
1595
2561
1466
1473
1388
1371
1407
1462
1493
1372
1475
1376
1611
2007
1384
1587
1424
1494
1412
1546
1471
2406
1456
13465
2488
2258
2967
2044
1717
1598
2184
1416
1421
1406
1648
1539
1469
1418
1450
1323
1478
1606
1500
1356
1387
1801
1470
1736
1707
1972
1686
1475
1368
1418
1549
1582
1464
1390
1513
1340
1479
1423
1375
1327
1532
1366
1426
1781
1679
2352
1617
1404
1358
1432
1557
1401
1382
1626
1437
1401
1561
1723
1416
1374
1389
1369
1452
1836
1455
10333
2429
4725
2386
4289
1520
2663
2572
2052
1711
1378
1432
1567
1477
1391
1432
1379
1449
1413
1830
1693
1394
1400
1449
1550
1885
2204
1795
1486
1564
2068
1873
1825
1684
1598
1425
1595
1415
1434
1398
1895
1730
1556
1757
2274
1386
1467
1417
1530
1552
1628
1603
1557
1498
1501
1512
1876
3145
1372
1336
1935
2285
1838
2011
13893
2828
4280
2492
4851
1807
2113
2743
1572
1495
1469
1319
2844
1866
1462
1463
2136
1463
1501
1762
3401
2093
1860
1871
2448
1866
1648
1418
1585
2098
1727
1527
1574
2128
1962
1994
1683
1615
2100
1722
1705
1490
2096
1565
1673
1577
1535
1990
1380
1731
1510
3677
1338
2373
12098
3142
2644
3350
2712
1834
2464
1570
1401
1514
1483
1555
1526
1540
1693
1541
1557
1730
1432
1440
1328
1388
1390
1985
2251
2184
1738
1339
1564
1596
1516
1560
1422
1455
1364
1694
1654
1489
1422
1435
1326
1530
1726
1814
1939
1536
1601
1406
1411
1613
1507
1407
1435
1357
1605
1717
1583
1521
1480
1452
1578
2093
1598
12207
3690
3238
2016
2967
1539
1544
1903
1972
1758
1445
1405
1418
1464
1706
1866
1729
1726
1902
2067
1719
1706
1440
1392
1773
1707
2237
1608
1396
1485
1477
1944
1498
1413
1603
1412
1625
2255
1536
1500
1377
1360
2155
1961
2053
1747
1909
1425
1610
1501
1438
2042
1416
1612
1802
1809
2074
1444
1406
1363
14522
2586
4168
4031
2832
2196
1638
1584
3099
1412
1384
1615
1945
1535
1406
1406
1330
10392
6284
3400
1531
1581
1861
1571
1504
1436
1383
1443
1600
1368
1474
1493
1531
1438
1746
1665
2312
1538
1433
1432
1390
1491
1377
1411
1575
1709
1523
1943
1887
1696
1773
1763
30289
18446744073708560012
9387
3876
4816
8899
3315
4863
4950
2383
1582
1421
2213
6346
1866
3172
1429
3449
4016
1362
1440
1447
4394
1340
1519
1430
3840
2422
1425
3851
1784
1497
3779
1502
1428
1623
3915
1421
1386
1466
4961
12199
1448
7600
1421
1442
1635
1501
3070
1640
3464
1964
1933
4873
4062
3132
1370
2397
2968
2538
6038
1634
1437
1483
1333
1444
5113
1412
1535
1673
1829
1535
4621
1409
1462
1511
2275
3947
1377
1504
1544
2844
1401
3753
1701
2780
14873
2131
7212
2681
1679
2356
1442
3912
1908
2283
3389
1575
1627
5227
1374
1459
1670
1696
5891
3995
2366
5179
1788
1783
1645
1557
5602
2279
1379
1330
1535
4328
1573
1626
3705
6666
12284
4422
4578
2012
2104
4026
6040
4179
2036
1496
1699
2399
1722
2272
1599
2085
1468
1340
1516
1322
2120
2127
2579
1875
1924
1421
1516
1758
1649
2107
1684
1749
2015
2262
1498
1472
1431
1601
2139
1586
1608
1678
2228
1693
1614
1337
1379
2072
1540
1667
1597
12732
4155
3314
1477
2346
1468
3922
1399
1345
1824
2202
1649
1513
2628
2054
1419
1436
1490
2745
1548
1373
1582
1434
2379
1694
1378
1384
1381
2391
1643
2372
1355
2226
1453
1717
1448
1328
2368
1678
1660
1710
2163
1504
1439
1407
1570
2285
2270
1463
1396
1462
1945
1718
1411
1801
10186
1517
1625
1667
12480
3865
6506
4465
4978
3422
2299
6106
2259
2121
2495
2368
3134
1888
5726
3963
2396
1767
1425
2108
1385
1479
1512
1578
2324
1499
1494
1529
2953
2391
1465
1457
1958
1621
1477
1470
1449
2378
2287
1630
1601
2058
1489
1478
1643
1853
3188
1444
1418
1329
2398
1532
1584
1375
1347
13140
4178
2970
3183
4034
2028
1768
3335
2066
1995
1764
3001
2147
2453
2284
1840
1607
1508
1382
2254
1538
1452
1547
1748
1939
1711
1520
1532
2347
2047
1890
1415
1564
2231
1925
1357
1374
2178
1459
1578
1450
1345
2343
1483
1800
1817
2028
2444
1524
1438
1460
2266
1466
1489
1559
1438
2409
12809
3831
3917
3369
2628
2978
3069
1379
1423
1401
13327
3405
2856
1486
1480
1653
2154
1515
1478
1482
1487
2452
1470
2070
1481
2131
1701
1579
1502
1372
1969
1566
1596
1490
1497
2074
1578
1627
1798
1536
2861
1429
1414
1475
1913
1804
1606
1437
1363
2148
10980
4754
2347
18446744073708557417
2368
2503
2369
2118
2122
1392
1446
2875
1848
2376
1875
1445
1519
1549
1442
1530
2338
1525
1768
1609
2010
1423
1382
1480
1415
2970
1714
2063
1437
1830
1715
1576
1450
1357
1883
1377
1563
1766
1552
2820
1403
1437
1842
2956
1477
1432
1659
1681
2262
1403
1578
1383
2089
1973
1456
14749
6109
1594
1963
1900
3009
1416
1485
1652
1465
1960
1905
2453
1397
1939
1491
1646
1478
1511
2424
1576
1471
1493
1453
1907
1434
1461
1373
1554
2565
2338
1371
1488
2203
1744
1664
1891
6425
3775
1344
1402
4565
2995
1501
1454
2678
1400
2470
4071
1781
1638
11906
5422
3303
3666
4336
4437
5522
4313
1495
1382
1405
1591
1819
1476
1378
1396
1453
1661
1671
1330
1586
1445
1482
1975
1968
2565
1489
1470
1518
1500
1615
1492
1662
1431
1721
1746
1772
1471
1497
1370
1427
1700
1705
2516
1394
1546
1331
1506
1491
1460
1347
1401
1491
1863
1769
1575
1579
1361
13302
2181
1770
4641
1446
1607
1769
1489
1636
1552
1417
1755
1603
2421
1393
1462
1694
1614
1555
1445
1491
1329
1330
1357
1474
1625
1562
1472
1483
1489
1485
1936
1890
1825
1423
1318
1539
1777
1848
1516
1374
1404
1380
1461
1552
1359
1378
1538
2169
1651
1859
2270
1658
1757
1407
2025
1449
1457
1683
1483
1850
1583
1633
1493
1462
1423
10226
3842
2544
4226
2495
2265
1931
1485
1455
1524
1700
1585
3188
1572
1436
1467
1496
1451
1464
1405
1556
1323
1579
1745
1660
1432
1518
1462
1411
1734
1517
2261
1516
1364
1666
1418
1762
1409
1378
1419
1349
1407
1605
1512
1425
1632
1478
1429
1489
1931
1412
2216
1482
1461
1436
1747
1685
1383
1386
1531
1404
11357
4927
2201
2683
3076
2299
1500
1554
1421
1572
1365
1387
1404
1461
1456
1737
1815
1818
1449
1479
1448
1552
1542
1778
1448
1447
1483
1769
1925
1442
1365
1376
1465
1378
1416
1664
1941
1953
1419
1475
1489
1678
1390
1480
1430
1479
1348
1500
1712
1529
1522
1419
1367
1447
1639
1574
2357
1406
1471
1576
1691
1664
1439
1499
1520
1455
1465
15228
3966
3158
3923
2107
2184
1498
1423
1336
1433
1326
1689
2319
2845
1813
1840
1807
1924
1850
1900
1463
1380
1591
1750
1372
1348
1431
1365
1478
1560
1637
2349
1450
1556
1449
1677
1661
1721
2031
5985
3779
1341
1418
4738
3065
1438
1369
3319
1351
5083
12123
3975
2092
4030
3378
3521
4135
4405
1933
1419
2130
2359
1545
1453
1649
1631
2312
1532
1619
1422
1429
1628
1475
1450
1373
1385
1352
1628
1680
1844
2350
1424
1419
1434
1584
1766
1397
13183
2472
2340
2724
1642
1477
1449
2229
1611
1593
12166
4560
4839
1863
2196
3070
1496
2555
1542
2801
8019
1679
2399
3790
1580
6021
1407
1424
1646
1696
18446744073708553671
2567
3980
5712
2075
3877
6401
1608
1626
1496
2545
2513
5670
1992
1434
1377
1471
3925
1595
13627
2936
6480
4402
6886
4687
2483
2821
1817
2420
1700
2271
1557
1617
1718
2786
1575
1414
1683
2755
1471
1583
1521
1475
2408
2525
5398
7567