18446744073709216061
879
836
578
589
620
580
587
979
581
595
1918
4823
617
915
649
677
722
580
1947
634
544
604
553
1656
1005
612
568
2560
612
2783
564
601
545
688
623
546
1450
609
594
2305
813
632
2165
578
565
577
566
643
894
3924
626
546
566
545
562
631
586
661
705
596
642
1238
852
1604
4392
1839
2244
1599
1689
888
1239
1242
2386
566
576
575
564
1473
555
650
549
856
1763
821
649
544
1720
558
545
790
2429
841
897
620
566
556
12491
2230
621
2011
580
2515
584
578
551
537
604
562
4489
646
3389
556
622
550
575
611
567
671
566
689
2265
539
3555
551
712
646
1982
817
537
601
541
1259
537
3589
4688
537
552
536
625
684
571
589
535
588
2580
831
534
595
536
1180
2659
5904
1492
1695
1071
544
631
2154
769
533
2196
540
614
728
2358
3316
665
597
543
556
3010
538
673
585
534
1559
861
2514
2323
543
552
564
583
586
3035
2704
583
632
557
567
614
673
3097
591
1504
4181
1374
1913
556
569
552
552
1216
762
1109
4886
674
1905
622
600
999
1009
574
1031
1006
693
1604
3175
709
785
989
1126
602
2498
2824
1941
2735
1320
583
2541
1075
612
1057
4641
568
586
933
666
1073
1293
1264
713
1273
717
1181
4973
953
1155
934
1217
1195
1977
579
553
566
1165
1063
617
4023
1052
575
987
1185
540
941
1348
627
1510
544
2284
545
942
901
575
4417
1302
841
1898
549
552
541
679
1630
1740
3304
1268
1957
1657
1894
720
627
3233
702
626
568
634
617
802
780
549
651
2465
635
637
639
608
563
666
4947
613
538
614
3476
1447
1203
2329
2553
648
637
1866
629
632
2800
1595
972
580
2382
1486
589
606
1305
659
610
1065
1022
542
1019
709
1147
1106
562
1029
984
983
698
972
1125
1026
1519
710
1285
733
1693
614
557
979
575
930
1045
578
909
972
780
940
1025
650
1853
553
740
638
1304
828
1064
588
1000
1248
558
538
901
1067
631
1194
667
964
1897
650
660
913
971
1056
622
907
1166
1261
559
907
567
864
1009
1005
673
977
1188
693
1169
718
1012
541
935
927
837
1082
558
1001
1073
780
1086
1706
633
1332
703
1043
615
703
1072
1033
1030
692
1032
991
977
1012
548
933
1005
1058
894
4166
555
540
640
550
566
588
540
878
732
536
657
3853
605
538
606
537
709
886
646
889
617
3336
553
2357
1086
2157
1865
567
2622
584
618
2187
1026
545
2876
1484
1267
632
583
1052
1036
1080
626
1130
581
906
922
1056
1038
629
1037
631
1225
562
1053
1099
633
1012
1135
603
1051
1186
854
1143
638
1875
538
978
988
560
928
956
634
1173
1041
1049
967
603
1002
914
564
1081
1122
1239
543
5819
3657
1364
675
1955
580
558
966
585
991
978
3209
825
1118
641
1011
906
540
961
1197
1527
3902
588
1009
565
993
1184
610
1010
825
1601
557
4202
548
625
603
802
3434
542
1356
542
727
1375
2852
1569
1671
1595
4397
662
4304
632
553
1112
826
2212
895
1726
2564
658
554
1431
861
1883
1265
1332
584
1226
1025
769
1096
1246
634
1406
1219
657
984
617
999
936
557
983
1294
603
1040
584
1013
1222
619
539
916
965
1015
750
1058
927
975
596
981
576
1050
886
638
1127
1258
1155
553
1772
1168
588
935
934
689
946
913
577
1075
814
1069
607
1458
845
1021
921
1097
650
1110
1051
558
914
582
1007
620
910
920
574
976
1274
651
1219
1777
598
598
1055
562
961
973
663
1478
690
565
960
1000
572
927
922
1085
801
1210
691
1141
595
938
534
912
1519
573
602
3318
633
635
1109
863
535
977
634
2210
639
618
591
592
610
621
3666
630
535
2483
1283
842
2216
2211
607
2577
764
582
1990
2399
584
1546
1311
749
611
1074
1126
553
980
610
1053
910
947
672
960
1011
1022
543
942
952
557
890
1188
606
1024
984
574
5624
592
6063
1203
915
1709
576
662
617
586
1347
620
1196
1059
977
542
1057
1046
592
983
1069
1950
632
649
816
1790
631
539
640
1027
953
670
944
1044
1244
588
928
571
1012
1308
538
1039
1064
653
1136
932
695
885
962
935
916
548
967
1169
740
1470
561
2080
702
690
556
1016
944
640
948
3186
614
554
564
564
562
651
569
633
547
2025
665
810
632
534
1633
670
571
545
2962
2856
2050
542
18446744073708554164
630
1831
1712
750
632
1965
1571
1529
1272
1436
561
1076
1068
1251
605
924
653
984
899
540
1236
1323
612
1568
714
978
943
628
927
1280
931
1008
1020
614
938
933
904
619
871
989
631
951
1184
1038
539
978
960
590
1825
547
555
1000
1237
730
954
1643
891
534
1063
633
1127
587
1003
1033
1265
792
1087
621
1145
622
957
893
697
955
1024
1004
557
958
542
963
898
872
557
1103
1092
1353
765
983
1805
572
627
1055
680
1017
927
546
1280
598
1121
991
1092
542
1399
545
1071
968
583
1047
769
3377
551
2321
1039
878
2148
3221
594
562
962
545
1965
1735
2500
1892
1428
718
587
1298
1309
692
925
1168
608
540
942
945
560
931
900
1143
690
1199
1004
663
1052
1336
545
552
990
1138
616
1011
1096
631
937
632
1016
949
956
580
936
1000
802
1285
1090
556
1068
957
903
543
1134
590
1230
1131
972
2021
570
537
604
962
970
1154
683
1183
726
970
779
1125
638
989
536
911
1021
1060
649
1072
1008
561
946
943
1320
618
544
1057
588
1193
1273
627
1933
1118
1004
560
1080
1791
794
1189
936
1035
986
542
1059
4169
693
781
645
541
593
708
544
638
621
555
690
541
1366
2283
655
776
1270
663
3061
2447
1305
597
2134
2111
1510
716
654
2164
1097
6555
2237
2482
916
3714
540
1089
680
1090
935
985
552
2156
981
541
1392
4606
557
662
1018
1012
686
1164
1202
772
825
1580
3199
1031
555
991
835
1180
595
943
590
964
2752
643
1060
695
1088
2057
3500
2037
1610
3847
656
1070
571
930
583
1139
1231
647
985
1070
934
572
918
983
687
1002
999
1011
582
1274
540
989
858
1205
629
622
1122
1040
3811
1160
557
554
588
557
589
551
695
2216
750
591
778
559
585
712
3299
947
2979
678
1026
2070
548
1896
1740
815
786
2619
1713
1618
1285
1335
554
1044
617
984
972
559
1193
831
1056
575
1018
1084
919
922
903
986
674
929
970
542
956
1182
1159
596
1221
1950
545
576
577
602
1021
929
961
576
1519
577
578
944
860
1025
608
890
1009
966
1329
850
1153
595
1035
1319
704
1189
624
1288
671
1592
836
1350
1291
1488
606
652
785
975
1088
715
1101
1136
570
914
965
551
1173
898
1099
644
962
1408
606
1187
598
1007
543
1184
1018
546
1202
592
1077
1870
632
563
1043
994
573
2553
729
644
565
555
565
555
3676
639
540
722
668
602
623
652
541
584
537
722
4285
1003
4173
628
1072
543
1915
1803
2454
1147
544
1577
693
1577
1043
2197
542
551
539
1059
634
1000
559
980
1121
1172
640
1217
792
1664
555
644
1077
583
937
768
920
1056
1108
573
930
951
1187
648
537
1067
668
1098
1164
995
570
984
947
611
964
945
997
560
903
1214
929
1389
562
631
1824
623
554
1134
599
1021
974
709
1038
1010
618
924
948
573
900
997
1262
1378
727
944
543
902
944
947
596
956
1084
954
1232
588
1198
1754
555
1316
1058
558
931
989
571
1303
574
933
556
948
1014
608
896
945
932
1066
722
1138
1149
1105
668
985
1084
542
943
1182
4808
617
574
552
604
616
573
754
663
592
606
660
885
552
561
2829
544
596
535
598
654
741
841
3770
720
638
556
3091
1272
637
3128
1864
2207
632
1561
2066
1427
1004
605
1134
592
901
1141
977
548
996
968
618
897
903
746
893
871
1419
993
1331
608
1942
536
630
948
1023
593
1095
627
958
1245
540
1043
559
1115
1076
1654
593
581
674
803
661
562
557
545
557
579
672
542
619
553
542
692
670
547
768
672
563
630
998
899
544
625
590
561
701
626
566
641
562
643
652
791
641
652
577
583
610
565
576
544
654
600
545
670
814
671
662
709
596
804
585
557
544
554
543
563
541
579
633
543
632
813
645
664
663
1237
953
595
674
638
573
558
621
559
655
618
561
625
656
559
592
563
569
555
570
647
542
588
540
648
649
544
696
676
887
690
677
558
546
689
544
599
555
540
8705
1017
2960
1587
1469
1009
1116
1971
554
562
563
613
542
647
766
675
561
674
547
553
628
669
731
692
625
769
3397
568
921
1166
693
592
543
589
542
564
665
544
661
640
640
730
829
543
758
801
705
696
700
575
596
773
616
688
664
735
560
647
672
655
595
545
642
570
556
695
543
723
707
774
653
691
733
1173
1036
674
608
653
598
558
608
558
652
631
825
750
720
640
669
651
601
750
642
633
762
671
584
760
728
633
636
601
650
1055
5269
734
4978
574
574
572
558
654
595
645
693
597
692
642
581
561
595
570
2931
790
869
706
772
774
639
3108
546
642
547
559
542
584
647
575
606
3364
688
643
875
569
683
555
2222
621
4154
551
10434
234
353
172
515
758
877
1096
1208
650
447
448
611
657
826
970
758
833
357
408
375
666
559
1601
450
3499
472
387
511
579
3420
813
1147
809
2127
2708
547
2201
603
633
664
2837
624
1656
1886
894
1917
1722
598
612
553
1053
618
1043
1407
803
541
1103
601
977
1012
595
888
1086
669
1430
1015
1201
1954
660
573
662
1025
572
1067
949
626
1073
1184
566
967
1134
18446744073708552379
1311
646
1092
730
1035
1199
717
1054
657
1036
570
975
894
742
1207
1206
653
2026
1215
598
1194
563
1095
615
1092
724
1148
1181
580
576
1028
999
981
1109
566
1523
1194
838
1136
1030
615
1072
976
547
998
1194
1224
600
1261
680
676
1222
630
1071
694
1089
686
3188
625
540
668
627
705
568
552
606
624
2031
771
724
590
1464
610
635
2583
651
816
631
649
555
954
2388
572
566
629
558
626
3752
2867
1098
546
2260
2200
649
1152
556
2636
743
1911
600
2400
2418
941
1243
566
963
576
1393
585
1054
1260
692
1188
657
1083
693
1004
997
560
1138
664
1114
574
1161
671
1038
1030
543
1179
1141
1213
628
1355
1872
616
999
1010
564
1011
633
1063
1399
562
945
601
1163
545
1098
1177
548
1176
1119
579
1079
1028
610
975
1032
572
972
992
612
1287
594
1350
1837
563
656
993
561
1091
1016
1067
1032
652
1013
950
571
999
1135
631
1149
1603
995
1374
766
1320
1291
678
1286
814
1320
1322
834
2089
717
620
3641
656
675
858
565
557
607
552
604
622
537
2525
570
702
697
756
714
738
3922
573
636
3160
1811
1587
2732
769
2852
2145
810
844
776
2851
3912
587
1505
739
1492
650
685
1251
558
1275
624
1228
1586
550
583
1045
628
1035
993
556
1168
1765
560
608
623
1237
623
987
987
598
1121
1218
653
980
989
542
1036
1056
566
976
1514
693
1264
565
1054
870
1309
569
1042
701
1064
1052
680
1092
1260
765
1025
1243
632
1353
802
652
1372
652
1214
662
1004
650
1095
994
933
564
1028
1277
1304
760
558
1139
1258
592
1116
1010
564
1084
1407
564
978
710
1073
1006
644
904
1262
890
1587
556
613
4600
578
633
557
679
673
780
797
879
794
1088
3679
924
764
595
569
718
588
654
3276
2995
1277
670
2425
827
2033
704
2868
697
690
2157
1837
2481
2122
1983
713
695
707
1416
543
1024
1017
1117
1162
626
946
908
1116
597
1177
634
1258
629
1065
1272
784
1494
1128
1061
1045
577
1018
606
990
606
1176
1150
661
1135
1019
748
945
1109
648
1054
1260
760
973
545
965
975
661
1441
1476
860
1764
800
1478
913
1214
842
1993
882
972
1915
892
1661
812
2149
901
1632
1022
1208
2166
755
8231
972
1479
707
1734
676
662
5954
543
831
1063
3330
1106
813
2098
2753
2659
695
6066
764
2709
2180
1944
706
776
723
1830
626
3024
659
560
1129
733
1065
622
4009
709
1671
642
557
1157
561
1219
3788
1486
802
1266
662
1051
981
600
1111
1908
3663
2473
2256
2485
1680
2021
1882
964
986
2009
616
616
616
597
1180
596
1131
675
1188
614
1114
956
567
1083
615
1045
608
1338
1432
637
2079
743
848
1209
635
1002
617
1062
4130
589
556
561
4082
619
1318
872
2078
887
2200
2871
696
712
2118
636
2344
643
1527
614
1638
687
654
1084
822
1329
657
1118
624
1335
708
713
1302
622
1021
565
1218
1326
671
1042
564
1159
865
1065
1353
846
1236
660
1088
1071
639
1066
1320
765
1194
1581
749
763
1597
764
1362
922
1427
851
1598
648
554
1105
573
1086
685
1660
787
1593
775
1388
635
1003
562
1394
658
1265
559
1047
1195
562
1066
623
1114
1289
1462
772
1365
825
1300
903
1611
927
1352
871
1021
1498
875
1202
1028
648
1015
1619
670
619
613
2766
774
765
696
811
754
3465
827
712
778
664
710
836
703
4769
630
589
3179
1138
577
2348
2138
2500
615
710
596
1804
1813
1481
1404
644
574
1100
594
990
1024
592
989
1016
1212
659
1119
572
1055
978
942
596
979
1007
607
1017
1061
604
1020
990
958
604
836
1112
646
1112
1182
1335
556
977
624
1023
1001
980
581
964
1231
1070
559
1310
1090
1079
607
983
961
558
1615
1054
1183
935
662
875
1046
963
617
972
1001
616
1030
1162
1092
674
1016
610
1084
536
1174
966
1562
1489
717
1418
744
1147
681
1589
542
1196
638
1098
1004
558
943
1024
930
1130
640
1047
621
1304
605
2728
580
636
633
630
618
617
4193
583
566
594
587
627
983
554
628
629
553
579
620
1842
890
934
3960
3441
611
629
1167
919
2392
2300
662
1215
642
2231
606
1442
2454
1508
664
590
615
759
997
1097
688
1078
1588
656
682
1668
649
638
1106
622
558
975
3946
3467
571
606
954
2486
778
1081
1622
1735
1189
1551
734
577
1648
756
1612
887
1357
649
1115
685
1037
1385
980
1355
652
1206
1216
932
1291
630
1112
795
1211
712
1051
837
980
961
559
1078
1199
572
1845
949
884
1288
649
1302
649
1538
747
634
1350
1360
544
1468
1504
672
946
556
1051
1193
1327
876
628
1068
550
999
999
974
553
943
1040
3245
553
673
551
703
677
18446744073708552238
875
709
2798
987
670
666
1352
1903
563
614
550
576
3280
3223
571
1176
708
1832
2133
2532
575
553
678
1380
2027
2155
1174
2387
732
752
636
586
1299
623
768
1355
706
1100
615
1171
1077
690
1221
795
1444
782
620
1048
547
909
557
6338
3698
904
1316
654
1097
622
967
2722
579
979
554
912
1016
3983
1033
669
1319
638
1019
581
1045
1727
751
4095
642
762
683
1530
819
2100
610
586
1017
2347
560
881
919
725
3467
882
1341
720
1597
704
1501
906
3410
3007
1650
1757
2888
608
568
556
620
625
973
1118
2782
984
542
551
538
598
596
740
2180
563
716
3967
3847
609
558
1089
819
2372
2604
1897
578
539
613
681
2022
1404
844
2031
1234
578
546
1169
546
1681
667
585
2736
796
551
1285
567
579
1063
1107
1099
716
924
1110
781
1218
624
1234
740
1631
921
978
545
963
942
604
894
937
1009
1464
687
1231
1885
883
1295
811
1173
642
1145
852
1194
585
976
842
1037
633
976
1263
621
1399
1351
861
1283
641
1027
580
1057
666
1011
1009
1526
683
1239
1831
573
1096
573
962
656
1007
1036
623
1027
945
558
937
1083
929
1047
595
1051
1496
600
1098
608
875
1280
632
2793
547
805
751
598
685
1283
2717
681
929
902
1061
3485
673
577
553
605
613
553
611
596
587
3207
2776
1263
912
4953
928
1411
619
2499
632
593
1510
2404
2180
616
867
1195
627
615
1079
1228
553
955
557
945
1073
563
898
1050
809
1321
1339
1953
1640
1485
536
1408
541
712
1147
1052
1035
592
969
1355
683
625
1313
1337
703
625
1176
1043
578
929
922
584
989
999
637
1415
741
1585
1894
589
1545
791
1061
583
1074
995
1223
542
1039
603
1099
1067
1099
1154
653
1061
1311
1614
615
1037
557
884
578
1049
1276
1102
574
1517
1602
766
952
589
1477
742
610
2091
1830
991
1312
583
1871
555
622
567
2462
662
572
634
583
670
1512
571
569
1800
743
634
612
552
1611
636
538
551
8078
696
722
1229
563
797
2633
2460
910
2138
627
690
763
610
2573
2363
585
1800
658
2183
647
693
1418
593
695
1088
1587
549
626
560
1233
595
1159
898
592
1062
984
1097
606
1072
685
1246
844
1456
688
2001
962
564
550
562
1272
799
1008
614
1000
675
961
1043
1236
638
2100
706
1734
917
1310
560
563
952
562
893
909
756
1216
1158
670
1539
2485
711
609
1056
562
692
1120
903
1321
609
539
1040
959
993
564
1120
987
1297
822
885
1169
648
1158
608
1027
541
937
1359
1197
695
1549
1606
716
3342
606
605
581
700
651
814
607
538
2695
639
538
639
610
662
670
795
1757
627
592
3885
643
3053
2495
605
538
2515
2886
1639
543
1663
597
585
622
1929
1515
1727
816
2089
871
608
1278
678
773
1818
1525
577
2033
570
567
944
561
1048
973
575
1045
1187
604
1308
675
1154
609
1164
892
953
1454
546
626
937
1011
674
999
982
685
1348
546
1606
688
2448
905
690
596
551
1275
1217
596
688
1289
555
928
1120
561
1168
1290
881
1600
836
536
1266
966
539
944
1343
5930
2490
609
3245
1383
636
681
973
1067
553
1035
1471
1129
3779
704
633
626
1284
537
3757
4382
731
764
595
645
610
737
603
745
5458
549
617
3989
718
3441
1499
847
1229
635
2430
2557
2086
962
557
2213
3740
2611
2976
2487
652
1368
1419
985
1216
734
1820
842
596
1152
848
1774
611
553
639
1112
1198
631
981
1334
803
1288
743
1247
638
970
630
1323
673
1043
546
924
986
608
897
965
619
998
1235
1240
912
1411
547
549
990
1643
569
607
1037
929
1244
740
1015
542
1065
1133
636
1055
1383
582
1467
907
1356
605
1091
712
982
963
544
1004
944
768
1096
1281
1023
2057
672
608
554
1349
551
1125
803
1003
1189
619
4398
700
740
868
722
792
608
533
656
544
532
592
559
563
1638
558
732
3304
4004
1227
611
1006
784
3090
582
2476
551
645
1441
617
2456
608
2377
1825
714
682
1246
664
555
1523
1387
739
1233
621
1242
742
1354
889
1406
556
564
1042
936
544
1009
938
661
1034
1080
951
975
558
1143
1133
779
1363
10859
721
730
829
2426
780
718
730
1312
555
1324
616
1545
659
1137
603
1214
1144
561
1547
833
1868
1043
711
2432
803
771
675
1280
674
1310
1136
1092
1101
693
1197
1533
611
691
999
1359
592
1027
698
998
950
546
1733
622
539
680
2004
611
902
1833
562
568
552
2654
570
554
618
593
610
596
551
3920
875
666
3942
551
1058
2112
1691
706
3214
582
1087
18446744073708553763
628
1736
1464
860
1588
586
567
1074
610
961
570
965
1086
1167
674
1220
562
1120
565
918
890
643
1014
986
642
1014
1142
1195
1673
824
539
550
1015
1186
693
968
1118
620
1203
930
544
985
1018
650
1007
988
639
1882
671
593
954
1253
674
947
606
923
671
1704
693
934
1739
597
647
992
1026
928
560
974
990
1414
561
664
986
608
950
902
544
916
1003
1041
654
1083
824
1014
541
893
963
958
1162
655
1176
1442
542
1722
1182
1005
940
562
984
4225
563
535
729
612
539
620
784
551
1337
674
671
792
550
2696
567
548
531
582
585
533
550
3519
759
3708
611
1106
648
2336
3132
1998
625
608
663
2054
1503
1736
1595
1263
1325
764
1054
1382
1210
562
2030
639
1044
1588
753
1017
1080
575
1153
812
1995
1406
711
1107
619
1005
1046
1829
576
655
1129
563
909
546
995
972
1760
663
976
1244
1171
636
954
803
2321
722
1322
610
1032
550
1097
1023
1483
839
1750
1333
704
542
1290
1900
922
1170
576
1305
1385
816
2525
558
760
1071
594
1211
2509
1337
1707
671
724
1013
616
1969
914
1361
727
1356
640
567
2228
629
639
741
4007
750
1193
791
637
750
650
615
590
724
1114
2577
704
616
635
2863
599
937
1356
715
698
576
4088
5964
5678
1171
988
2362
1978
661
2584
3090
1239
657
4377
735
3125
2370
2579
2637
1776
663
688
1056
669
3172
690
1080
766
1113
1904
736
2302
596
1092
3505
612
1943
655
935
543
1225
1073
2599
1059
1072
539
986
555
996
1634
4152
2202
2965
984
1249
1510
539
1686
771
1437
647
951
1361
664
573
2371
1216
606
1122
574
943
560
978
994
1591
589
1158
561
1002
1219
567
1282
1049
2107
916
2274
969
621
6444
699
1078
3328
557
1906
1233
709
1592
545
1007
1947
1397
1633
2132
2073
909
588
613
1162
604
1662
589
1181
1128
1022
585
992
995
2761
1225
865
1558
542
2156
680
654
1112
1444
868
1566
580
2275
834
550
1020
579
1008
671
1018
1726
731
1021
622
1024
913
946
559
1746
1377
662
1177
624
1070
988
638
1671
572
1305
1301
636
1137
1971
1100
651
986
1277
575
989
1100
606
1610
639
1188
537
950
907
659
979
1172
1774
711
1082
603
930
1235
546
1965
769
5131
644
1059
572
554
625
567
564
649
644
613
600
554
653
607
1069
595
1108
652
2265
820
644
603
1299
3417
3625
1747
868
3094
676
3510
740
654
565
2877
4041
7406
976
3634
608
1402
1535
1707
578
1260
639
2093
568
1291
3716
1470
561
1299
802
1183
542
914
660
1141
648
1026
1900
1081
1036
687
5152
576
1169
560
572
1136
1267
1137
1058
894
941
563
1041
601
3816
627
1086
559
983
547
1359
550
1973
1096
3735
1372
1184
1370
744
576
1062
593
993
941
661
2582
551
806
3694
1095
605
932
553
4242
828
2997
2669
1309
2212
1483
1211
718
4120
3370
3186
562
2185
580
4215
2484
1189
868
2104
988
2493
2072
4597
2699
1070
1161
608
564
1001
1099
1991
1126
2215
1216
3784
727
614
1135
615
1726
1840
1248
588
3374
1352
1426
1155
559
1033
949
1001
3207
1399
669
1207
1959
1278
1279
1735
644
3923
568
1313
1019
765
1053
970
587
1298
574
2112
1068
4259
1135
1884
906
1705
566
1014
1148
609
1001
2468
2603
5003
1694
1694
757
700
736
598
542
846
734
624
545
3705
3943
1062
1851
851
2867
661
2087
1272
567
563
1888
971
2398
1312
1314
542
730
1132
668
2284
716
581
1931
599
577
559
1106
645
1017
1154
710
1289
575
1098
1114
1562
662
1176
699
1189
981
963
588
897
968
556
915
975
936
1073
1125
6602
564
1027
1063
1130
1021
1464
3253
1179
541
1083
1220
632
958
906
557
957
937
4174
1114
659
1937
1164
1080
972
613
925
995
13906
1019
788
662
545
4415
718
572
660
1022
1736
559
5479
1043
4067
1824
1916
1181
968
2055
2510
2218
1419
1534
2002
881
545
558
672
554
741
754
544
725
870
993
699
547
698
725
560
603
589
543
588
560
710
597
579
631
725
577
596
540
625
621
542
585
559
578
785
566
597
601
1111
952
555
638
1072
1098
607
558
570
567
559
587
589
569
614
605
570
557
706
633
633
648
620
570
18446744073708552404
643
592
774
643
577
682
805
677
546
686
568
558
631
541
638
548
538
546
539
755
637
885
631
595
579
3200
814
635
556
541
635
588
631
598
848
609
645
607
542
586
573
637
619
540
694
635
795
649
729
589
660
680
543
667
552
541
554
541
602
559
565
619
541
585
698
675
791
582
716
1202
752
540
620
624
649
589
606
589
790
588
654
909
569
543
585
594
542
550
538
600
538
565
614
541
692
777
821
651
645
548
649
594
568
679
626
543
722
641
545
750
600
759
689
625
560
1247
774
609
599
543
759
842
543
589
587
601
690
783
624
591
543
581
644
580
595
624
569
587
543
806
710
701
589
629
544
718
615
836
567
564
551
647
636
541
552
541
625
743
699
636
679
1233
847
603
546
596
542
551
589
562
624
565
605
785
546
695
622
548
555
544
553
569
5462
798
585
536
639
553
607
813
3846
3321
1296
1179
1979
1571
1843
837
622
616
3273
594
1813
1447
1097
1057
617
1006
909
645
939
1000
1035
647
1157
1322
1053
1776
658
687
989
912
544
1052
608
1120
1134
966
645
951
909
976
1217
693
1055
757
1231
1038
994
594
1026
961
543
945
965
709
1615
582
1255
1910
665
973
962
593
926
965
903
960
1043
541
996
800
1098
555
1054
563
1232
583
1459
567
563
1139
951
542
971
1014
607
1017
977
1013
1167
765
1762
590
648
1045
1108
590
1008
940
986
584
938
974
577
963
1011
627
949
955
3943
645
659
738
3830
1498
3601
648
1996
2322
626
656
1975
574
1673
1394
560
1434
605
537
1178
1126
1021
1178
611
977
556
1038
1079
617
1126
1304
1097
1337
635
563
993
965
561
901
993
1022
615
1138
1016
1079
606
1119
620
1142
600
946
1761
812
536
548
874
1000
546
931
643
938
1010
987
700
1064
972
2033
560
616
1078
617
963
980
561
1057
1103
553
950
934
962
652
973
1150
893
1201
754
961
540
1117
887
555
903
767
964
971
896
1142
1270
640
2004
634
627
564
1048
1009
596
1054
1032
638
971
1009
1008
581
943
960
3302
882
605
543
593
550
556
571
538
636
533
2439
725
633
644
570
812
1715
712
691
3422
815
2849
1057
1948
1630
2404
599
626
1426
1899
1402
1549
546
597
1225
1323
976
1891
614
599
1009
900
974
544
1004
1338
696
1180
613
961
901
567
972
968
541
950
1110
1321
545
600
917
897
594
876
1254
546
1080
1429
774
1202
2058
834
696
1288
648
1441
683
1347
730
1255
681
681
1100
598
1197
1206
598
1017
625
1163
1000
927
641
1020
935
605
1217
1794
649
6183
564
987
5071
578
580
956
1531
616
539
1312
576
1421
541
921
962
581
3763
4111
1033
641
561
629
618
556
612
2783
677
641
2368
629
624
572
553
539
2141
3648
2719
1007
805
3111
2089
568
2379
1057
3191
3888
2646
2839
3161
552
711
812
1161
547
589
938
1059
716
1199
1061
589
2184
607
1126
728
1042
988
637
1471
1547
764
659
684
1044
614
1005
929
677
1051
1019
564
1029
906
1088
599
930
1214
643
1156
1921
557
754
1801
596
536
980
552
922
1048
1046
618
1133
1000
655
1099
617
1121
964
630
985
1012
687
1231
537
932
591
990
943
895
572
3051
1414
793
1196
1882
660
539
701
1032
586
1130
866
945
992
1709
870
891
708
2147
622
614
549
606
998
544
2796
589
541
555
537
621
887
747
540
4312
2500
637
1028
1977
902
3642
588
591
554
1614
2530
1183
586
1446
1032
596
934
1012
825
1073
1025
1992
577
537
620
1302
1136
592
1072
1449
662
957
944
1032
645
1026
989
639
1030
1122
1070
562
899
1185
542
998
1219
564
1094
631
1172
1204
639
1924
608
966
614
988
938
1109
1406
622
928
558
960
942
544
1007
1023
592
961
1214
1166
558
944
551
920
931
1002
1265
578
1109
1336
1057
590
1786
670
610
1047
970
1007
545
1040
590
1252
643
1165
1128
606
1176
602
971
1250
689
1152
1061
607
932
990
1852
548
552
538
586
1797
630
554
2442
573
589
538
598
539
613
946
3107
581
585
615
588
536
548
537
887
3673
2983
646
1123
2049
547
3007
638
595
1116
2787
796
1400
1340
1574
671
1022
536
1017
931
1006
565
948
916
1285
1469
1275
818
968
542
1139
863
1305
1710
1014
587
1896
821
915
1866
546
744
1101
628
1280
947
1011
598
1619
597
851
963
1095
689
1220
552
2538
945
1257
547
938
1096
1884
609
585
2484
598
540
676
1058
678
1990
671
1319
542
983
791
1057
1684
606
947
1148
1132
959
654
1053
1486
597
1551
645
1115
827
1468
889
2452
627
588
987
581
950
1024
697
2153
568
734
665
8270
6252
1658
903
671
1059
1631
565
708
3638
804
679
633
850
1109
614
558
565
598
3452
1966
673
2885
1108
2339
2689
1156
2042
663
1338
586
578
2220
1515
1801
1649
1076
1146
774
1085
737
1444
754
1330
889
1111
1118
942
580
930
1218
822
2004
1499
547
598
1220
1004
2180
631
945
553
1253
574
6370
1618
586
1314
18446744073708554203
1077
1178
1490
2674
1006
1535
562
1300
1050
1066
1930
618
1429
995
1031
773
3250
687
1090
997
543
837
1019
2309
1346
1163
1175
591
1645
1093
1837
1017
562
1287
2198
1223
837
960
1379
2726
664
2739
588
657
615
538
632
3648
3491
2083
1297
2845
890
1083
553
1721
841
4166
3456
1094
5259
651
946
2740
3737
645
961
1918
3467
609
569
577
642
3820
996
3208
2433
593
1400
4210
617
1405
708
1355
570
1413
625
651
1077
2395
1336
543
586
1789
957
547
1353
1081
5106
1615
573
680
1222
1320
774
1789
1515
573
1105
1126
3069
1625
573
997
605
1034
992
560
948
2106
1166
744
1349
2734
3505
2386
1625
1671
1254
1837
2085
610
1182
742
2460
4286
1478
659
771
559
1581
552
540
582
5003
694
976
988
1959
1364
859
571
1055
993
3828
3467
4659
839
1863
703
1547
2973
597
964
972
1997
2326
1505
3640
539
1053
649
958
623
930
920
1216
792
1055
3076
1212
841
1029
1572
638
605
540
2763
984
677
1664
3306
3504
1293
1785
1181
1744
923
569
1473
586
610
1323
770
1143
2028
1022
1179
1002
1423
561
669
1327
915
1471
763
1362
734
1086
1086
1100
597
908
1122
545
651
1142
1184
1405
568
954
943
1269
548
975
1581
1665
542
2491
573
568
685
986
1226
1312
793
3949
3361
575
1090
789
1896
2000
1579
575
588
539
3541
1547
1387
1733
1293
1222
653
1260
687
968
1168
577
1071
647
900
985
1914
615
771
1217
552
926
567
909
1137
1227
1207
1329
651
923
1933
780
1788
562
947
977
576
967
1119
1472
591
1053
698
934
547
1060
660
1144
1776
779
1202
558
1065
541
926
936
1663
864
1605
861
1631
613
537
1084
2332
618
1661
595
899
1657
1163
968
930
1282
580
1439
826
551
1085
1208
610
1092
589
770
1005
1050
1213
666
1074
641
1018
986
559
1229
554
3236
724
618
553
568
567
569
584
558
584
2332
677
659
656
682
544
551
2998
2767
1185
572
1154
1066
2994
1784
2214
741
578
1440
600
2025
1671
638
1311
1895
704
1903
647
1002
726
899
905
954
546
973
1244
718
1183
1772
571
538
955
809
1158
626
952
722
1256
1336
547
20787
1693
1411
3119
6250
1626
768
3655
557
855
4099
3379
1964
976
5956
923
2092
615
1000
546
3273
612
635
1316
1157
1193
3721
2765
721
3301
2029
559
569
579
647
1632
2264
569
556
3132
2647
2092
601
2061
3411
1600
913
661
4101
580
709
1427
1588
5000
1670
652
542
618
1186
599
1068
558
1093
1109
540
1018
968
5116
1801
1372
556
1051
562
936
1135
581
931
936
605
1012
933
933
589
1973
1086
770
2039
1134
644
2341
686
1082
552
1073
602
4846
606
563
587
796
1153
569
949
562
926
917
975
2580
545
898
1075
643
1207
3696
1055
596
1015
598
934
978
1247
671
4266
1019
758
967
1011
566
970
997
576
994
933
559
1209
2619
2970
2250
1324
4600
663
688
614
578
1647
1927
1163
4420
1275
962
1253
584
537
3525
657
573
706
628
554
3380
828
4711
555
3360
1905
1737
2624
597
559
692
1672
1863
3755
1740
861
1147
618
911
665
935
1049
1043
1182
615
5373
1114
611
1027
573
1103
1076
556
951
841
1019
1299
548
997
1085
2486
627
2649
561
945
546
1020
612
2568
548
2363
573
965
2560
1077
1044
614
1119
996
597
3279
972
541
1272
1161
1325
656
568
4517
1194
744
1054
573
2069
661
596
1538
570
612
1084
573
4581
1073
905
559
936
1035
717
3938
544
598
668
543
1917
2656
1442
11441
1079
6868
577
641
3938
623
568
4016
896
1763
750
604
946
2872
2255
1870
1215
669
3079
2177
1619
1551
2233
611
559
1128
2982
1294
1636
675
1002
1012
1925
1046
648
1149
1469
598
2642
1086
542
1078
627
1739
735
2925
991
594
931
937
1305
721
1683
2875
18446744073708554835
1760
2464
1252
1197
546
555
956
846
1064
1675
553
620
1021
903
542
927
1017
965
679
956
1286
1147
1174
1039
1325
690
1476
679
710
1217
684
1118
674
960
1030
994
948
542
955
966
988
677
1148
600
2759
542
546
539
550
561
920
605
4027
890
953
601
589
605
552
563
647
3857
2913
1018
687
1896
2035
1290
544
548
1944
958
1558
2198
1134
2840
576
575
561
1160
556
979
936
572
971
968
1207
580
1083
1065
669
972
968
1049
617
1816
708
963
951
917
544
932
948
658
1131
1224
636
1888
591
534
1027
1070
626
1032
1085
1278
759
974
649
978
995
1062
1064
5749
2058
1020
545
941
975
1606
1138
564
2411
1028
581
2621
959
577
994
955
1017
614
3387
591
996
1578
1099
802
976
1611
575
3301
942
562
1099
903
4036
551
552
538
2995
778
551
538
665
568
565
637
1325
1948
737
3206
1854
4203
5107
1311
1040
739
2166
2601
848
1641
593
657
541
2051
1797
762
1954
1288
1251
650
1487
645
581
1319
593
984
1316
1575
608
959
644
930
994
1053
580
1606
789
1128
548
774
1267
1114
542
623
1295
712
1047
587
923
1141
1153
699
967
545
893
1164
740
1207
1785
805
1014
638
992
929
983
544
1041
1325
584
1014
649
933
1050
923
1186
818
1166
943
1071
634
992
1037
927
557
758
1073
636
1677
622
1106
1207
1343
609
996
605
1215
553
989
874
1274
560
926
624
951
995
957
545
1034
1112
684
1130
940
1012
1839
643
651
540
3476
743
582
655
1063
1034
558
599
568
2382
567
554
566
554
640
586
3068
2513
994
2368
1920
1408
730
620
2025
874
1630
2287
1932
537
1589
539
547
1018
899
960
1196
1056
715
988
950
546
894
1171
1025
1060
1060
542
1050
1222
1067
858
1291
568
579
1391
1053
547
1961
1385
575
963
934
596
970
943
963
563
1153
1011
563
959
1004
930
555
1013
900
1154
1312
682
1091
1011
1009
623
991
993
1255
1101
617
1492
953
1094
900
569
958
896
1078
652
1182
623
1031
1014
1087
644
1108
966
649
1041
1327
1441
724
571
1074
981
583
1667
721
602
1335
854
1482
1122
5266
651
601
606
554
633
661
564
561
553
618
598
648
621
668
2340
685
561
645
556
564
572
3185
2816
685
1076
1636
2019
2019
629
2658
784
626
1513
1660
1228
1301
567
646
1044
1096
1121
688
1334
562
1087
865
1091
596
1029
1215
711
1132
1752
546
1021
561
931
975
726
1282
1138
610
831
546
1096
553
1014
856
949
1076
649
1299
601
1058
593
994
558
1658
551
1384
673
1095
690
994
1665
609
605
1016
653
1405
623
929
560
1293
1130
642
942
725
1055
939
541
1168
1048
597
1201
602
982
553
969
973
955
592
1087
1026
810
1173
1203
1566
654
610
989
626
930
1047
864
1194
566
631
934
1049
569
1095
1020
1147
654
2804
547
588
535
545
551
604
549
535
3354
639
738
634
576
775
1076
656
660
1687
580
566
558
564
3486
2687
1072
709
1831
2368
1754
536
583
580
1746
2361
1811
1508
982
666
1160
707
1142
611
1020
781
1209
684
1082
623
939
945
585
967
947
542
1019
1143
615
1102
642
1213
3446
5681
6042
781
1229
1373
624
987
965
617
885
903
600
995
1091
1646
549
1009
5260
915
4576
4416
7886
323
287
340
286
5132
229
285
103
119
121
140
86
86
134
131
121
235
96
91
91
92
90
92
159
209
142
127
130
92
160
126
100
118
131
99
96
1727
94
2273
600
589
867
1251
1218
2767
619
364
1528
312
693
741
443
711
1138
490
529
3072
179
387
353
351
570
161
375
397
452
596
270
485
421
602
448
549
2976
375
461
378
358
475
358
369
360
358
468
394
584
436
491
456
1537
1179
3217
503
607
574
622
622
730
732
699
2488
588
545
558
562
544
610
576
4271
592
568
590
610
598
574
559
565
673
617
803
760
2068
1169
1147
4988
1620
1457
1436
728
692
652
777
700
683
679
746
808
1020
622
599
545
559
542
732
942
3132
704
649
558
773
1242
776
630
560
584
650
566
573
558
624
1713
707
651
727
562
623
649
645
626
557
543
711
714
562
688
640
632
554
559
571
551
543
554
1115
5850
720
1171
1700
569
575
2873
693
679
669
656
620
577
598
3358
550
800
682
621
611
881
624
544
2569
544
729
598
546
561
563
671
3694
915
652
614
579
581
597
618
561
575
2581
687
572
562
571
597
597
14155
3106
3230
1478
1027
1223
4073
641
541
585
614
564
680
541
628
656
565
4499
4087
1466
738
2306
2685
559
1215
828
2973
710
1901
540
1745
1269
1274
559
1244
700
1079
961
543
1024
610
1181
988
1302
767
689
1513
614
563
2085
1062
966
562
990
1006
1015
619
984
1107
574
1191
18446744073708554820
1165
732
1219
1504
666
1449
580
540
1124
563
3301
545
641
1822
582
936
560
1025
963
547
984
1175
1230
693
1333
1176
5102
2690
607
964
539
973
835
5126
2060
589
554
540
982
908
634
1012
1154
1141
932
594
972
2877
544
978
2337
627
721
588
2196
548
3919
760
693
2081
1146
598
596
2314
613
542
2484
740
2310
686
1149
541
1531
6696
1578
1744
4399
2079
658
559
825
2009
2968
672
1627
609
596
551
1818
1556
2042
1369
1472
589
778
1168
922
1152
1443
661
592
1336
1303
538
984
595
951
901
545
1012
1239
730
1406
550
556
1078
1107
617
906
571
968
1026
1118
568
846
878
1070
596
1023
979
542
1133
1287
1451
3901
1076
578
966
625
975
1005
612
986
938
914
636
2102
1273
709
1205
695
983
552
956
962
543
965
934
632
1087
1158
1027
6625
583
3216
1194
582
559
835
950
1051
711
1163
5099
3137
589
595
536
675
759
736
622
617
3054
689
586
650
554
1656
589
560
3709
2863
551
2602
1265
634
899
2266
2094
3634
744
676
2700
573
1937
2411
4265
2604
1283
1777
1211
630
579
977
562
978
1180
841
3448
745
1425
944
1525
691
641
1498
611
581
1143
735
1058
1227
1292
681
597
1178
1260
546
996
601
1144
938
560
977
943
757
970
982
1165
1582
646
1155
1093
1361
557
985
990
955
576
933
991
1131
574
932
921
626
1223
565
1080
1047
654
1028
1130
553
753
1297
541
982
659
922
938
542
1258
1089
1054
1726
542
638
946
566
925
1268
607
1003
2208
562
568
555
566
599
619
875
3690
976
552
551
548
537
595
574
702
546
535
584
3541
3746
1389
608
2044
1806
2776
601
575
662
1336
1465
2074
649
607
1363
572
1023
570
952
570
1053
972
1072
1443
770
1605
749
1132
681
1624
590
1343
650
1061
652
2768
549
590
997
545
935
997
662
1132
1074
553
1003
1025
1203
577
965
613
1113
1333
1597
2561
1421
896
572
992
1010
653
970
1592
750
597
1149
824
1196
554
1277
1184
614
555
1035
929
656
927
930
699
1010
1312
622
1053
1736
1708
561
1033
616
1012
1039
983
1070
599
1147
616
937
926
1289
585
961
960
697
1016
1124
636
2680
546
588
544
588
543
573
653
4502
789
564
569
568
575
661
571
555
603
615
618
3369
604
2810
1086
853
2471
586
1755
2291
598
643
1330
2224
571
3050
778
1305
599
962
687
1017
1034
1128
1044
722
997
986
864
1038
564
933
1019
1496
815
1060
549
1012
1004
940
556
939
1142
1026
705
1436
1470
568
940
729
951
3745
1272
594
1060
614
940
559
924
932
948
587
978
1973
564
1006
1109
645
1143
709
1062
1233
1210
1696
858
645
936
1770
609
5389
1514
2195
625
959
570
2124
539
1025
2088
968
943
609
1057
1373
3811
3909
620
551
624
3322
628
1331
964
2004
823
4094
2431
554
1434
1576
1472
2050
2601
551
539
1027
605
1021
989
2823
1128
597
999
580
2622
1461
2683
652
1147
605
2375
3110
1603
2653
1550
981
1252
699
1207
697
1111
553
3620
658
541
736
645
585
607
694
548
769
806
660
773
833
760
622
559
568
557
567
606
562
833
589
596
742
791
574
706
604
558
570
567
660
629
654
638
677
570
595
656
603
605
601
560
725
623
583
642
540
636
641
704
670
820
551
543
553
541
588
571
950
604
596
549
645
636
676
670
682
636
545
1347
10290
2871
1096
1275
683
595
626
1355
587
544
553
542
643
544
715
747
547
700
858
789
711
996
547
989
1066
641
579
557
598
558
570
606
570
575
568
612
557
587
608
560
565
557
567
822
547
696
636
646
658
621
633
876
717
541
590
625
539
566
541
618
2592
782
864
724
727
777
949
1193
561
603
571
595
575
559
574
615
565
591
807
561
573
597
570
569
563
598
545
640
551
543
552
694
728
711
739
632
644
708
552
593
544
591
640
566
609
589
542
646
600
856
802
694
594
1130
1021
599
719
590
542
589
543
648
617
613
607
611
687
643
541
603
553
539
665
545
617
645
647
603
619
683
715
698
665
716
567
554
781
685
630
545
553
542
615
559
795
736
651
546
852
1245
621
655
542
566
562
608
619
596
842
691
557
885
724
655
582
603
567
716
601
552
541
553
543
660
696
601
669
615
550
563
570
546
641
590
783
667
636
551
708
636
546
747
811
804
606
844
1302
589
570
572
560
570
572
656
4532
569
574
567
3669
653
3079
1280
1136
702
9894
772
1277
3380
859
2066
1606
653
641
2756
632
712
1614
811
1765
1491
1314
652
608
1181
1200
1168
638
1937
668
552
635
1022
575
1062
981
905
578
1110
571
945
923
562
940
902
1163
889
1272
1104
662
1007
3374
945
766
1344
594
1040
1966
655
1163
561
1986
550
986
1343
997
548
902
926
1079
559
984
966
587
1024
1189
657
1028
1576
18446744073708558023
1309
1904
659
4016
680
1258
1022
581
1050
905
556
993
908
1021
600
883
2252
549
938
1049
4809
5083
584
631
2550
622
1032
2825
2106
2523
548
629
649
1503
3851
3076
1487
588
1422
772
557
3292
560
988
1013
601
932
1824
3037
2158
1515
2358
1363
1028
586
929
578
988
900
925
576
973
1405
630
1523
551
1956
702
596
1109
1033
593
1025
1271
565
1120
603
987
940
578
963
1060
1335
596
557
1300
618
1019
605
937
894
994
594
1007
1206
1294
562
535
955
1436
1545
591
606
1104
989
558
1162
552
762
1150
569
941
939
606
904
958
771
1136
1832
625
582
922
935
3547
836
3953
1105
1997
1884
2958
628
641
593
1644
1838
997
1360
1215
550
969
544
970
557
1225
550
970
542
972
551
1304
1297
558
936
1441
1070
933
617
973
742
1020
1053
1304
687
1026
641
948
1050
559
988
994
1034
706
934
933
575
980
985
897
867
1312
1546
988
1773
1402
541
1141
651
994
999
645
1493
646
1177
596
556
1180
968
1130
1064
549
1169
986
544
942
904
556
892
893
933
561
972
1237
655
1415
1569
953
1099
668
956
938
600
1137
1055
609
1264
919
891
916
560
953
970
1213
658
1813
3305
714
543
2976
592
743
597
711
651
835
3244
655
536
589
534
730
637
752
3745
621
585
2878
1098
2286
2182
2676
566
539
698
1859
2411
1906
631
1285
571
666
1136
591
1106
683
1022
939
571
977
932
595
900
1025
1009
1010
1023
976
554
976
1198
566
1033
555
1063
561
1204
1075
561
1861
558
538
1016
579
957
999
1019
1149
1639
596
585
1086
1051
997
695
1364
598
1125
593
917
880
552
898
970
573
997
911
1219
918
1359
622
1954
561
714
961
966
556
1013
1037
627
1019
598
975
998
675
1367
1075
710
1002
708
1124
1137
722
967
945
581
894
899
888
635
1109
1218
745
1332
1742
614
622
1359
584
3103
712
632
539
632
583
660
548
534
544
2919
677
651
684
542
638
550
542
534
3374
536
2982
1248
2832
1843
2410
596
657
2344
1687
598
1580
545
1738
612
1405
964
1317
685
811
1402
616
629
1114
946
687
983
1170
1642
2689
1071
1296
557
1087
606
996
1050
940
637
919
2087
891
1135
1118
613
614
970
1085
1164
690
1174
606
988
1241
802
960
6494
4467
1264
621
1095
673
982
1040
1187
1126
745
1801
1075
3783
1008
605
959
1088
608
970
1057
1031
625
956
4083
928
542
894
1154
543
1020
686
1844
3572
541
583
2647
616
620
534
602
784
775
1401
3031
586
3123
2047
1525
1242
1181
630
3823
665
1318
563
2857
1066
773
3741
688
5661
558
559
1691
3156
572
2037
549
1319
1552
613
1150
543
1171
713
1050
775
1244
636
1145
624
1153
1449
634
1285
1743
647
966
555
919
983
1109
574
923
571
1022
933
556
923
976
600
933
1121
1375
731
3074
1547
611
649
1219
706
1369
558
1134
1902
1632
552
1019
1118
537
1075
1071
1634
648
561
928
601
947
976
570
1155
1455
672
6308
735
1225
2290
780
2197
629
3317
1152
603
971
968
596
932
1130
565
1075
650
2389
658
1123
1087
1972
947
1050
662
1710
3886
4092
564
565
553
601
688
762
594
647
585
2225
554
1798
685
770
1344
5257
4130
1801
2254
1542
2336
1908
1698
559
671
1800
1332
1506
1211
1313
738
1307
791
3046
663
1213
643
566
1248
1363
624
1325
1688
538
612
982
1012
1232
794
1467
590
1017
946
607
1029
540
922
889
925
1415
611
599
1018
941
968
1160
1060
1364
676
645
1140
766
1037
585
954
1665
1062
654
958
980
611
924
1165
686
1018
555
938
973
579
1273
577
966
975
772
931
988
951
596
870
1063
555
1070
676
1455
799
1076
1081
726
1531
616
754
946
962
645
1234
1055
560
1051
950
1080
559
1168
957
1013
1046
2331
614
548
535
546
568
553
1231
605
617
3534
836
1195
648
602
535
614
536
615
1731
608
689
4002
2473
1274
711
2685
553
1768
537
2360
539
675
1771
1825
1444
3591
629
1253
624
597
1265
959
561
999
609
967
904
1882
1052
615
1029
1238
548
793
1226
688
930
546
1018
974
1194
880
1059
15590
1299
698
700
783
633
628
1316
628
4424
767
697
651
595
1102
1226
598
589
629
564
585
910
3373
736
582
638
569
609
601
564
570
546
560
2029
656
621
795
548
1298
562
3062
567
738
639
836
761
749
623
3412
583
10813
599
3504
2830
2137
1483
1319
1789
666
719
810
870
1275
707
584
18446744073708552212
646
563
618
559
664
671
781
631
638
708
634
579
623
565
611
543
629
590
898
901
731
650
593
703
607
541
556
553
544
597
559
578
551
630
2758
620
730
1222
655
736
772
630
583
555
543
565
540
733
628
623
738
575
579
611
539
556
611
557
576
584
646
646
542
644
632
811
822
559
542
559
600
561
585
540
554
550
541
552
540
670
940
621
657
589
1163
934
539
622
550
537
569
539
874
783
624
596
736
755
578
643
608
542
600
540
759
638
586
689
621
583
670
709
939
556
583
557
543
599
865
551
577
590
679
551
540
761
775
798
545
781
934
830
571
621
619
538
587
573
624
697
632
592
685
866
565
712
560
587
613
541
599
630
579
593
538
612
655
580
703
780
538
555
540
1377
871
541
609
575
652
734
623
791
653
686
560
1240
679
562
538
550
549
565
594
541
651
646
612
684
6869
628
627
660
3453
3338
883
1007
3849
1885
1081
597
537
547
2261
739
6544
2586
2525
1560
2179
540
553
1023
959
970
4595
1542
589
989
547
3093
840
1199
596
926
562
905
950
1723
1033
1122
691
2555
586
996
563
901
4775
608
1905
563
583
952
634
994
1278
1232
773
1060
574
1381
1312
2957
2357
2254
1165
2209
573
1039
544
932
1111
1178
2103
2007
946
905
1184
650
1193
778
1663
610
632
566
1047
635
4386
556
3491
554
1073
750
2373
1089
3115
724
2388
618
537
649
1710
2028
2381
659
607
540
1457
547
1057
746
1154
648
922
1010
1173
736
1028
1166
1695
712
1416
1296
1436
554
959
609
923
934
925
1239
633
577
995
930
628
960
999
708
1092
1111
827
1106
1110
600
1005
579
948
816
927
1004
773
1212
988
1909
732
688
1008
911
545
920
1035
1030
1058
633
828
987
555
896
921
658
1030
988
1133
1536
554
621
1154
598
536
1100
914
563
1111
1341
597
1016
1968
575
536
985
613
1170
1107
671
1298
1141
544
931
916
686
1141
551
2257
596
567
707
539
743
3653
569
618
607
538
636
712
645
862
608
4179
569
2493
660
1337
2363
1787
2306
611
627
557
1910
1644
1350
932
1155
997
806
1251
849
1192
542
2207
604
584
1009
618
900
980
675
1681
559
537
977
1017
746
1063
685
924
568
1124
1038
918
561
1056
3463
1385
543
978
1346
690
782
1983
913
630
2483
1219
605
1049
619
1160
992
576
984
1050
618
1213
568
1296
1127
560
5673
1300
1561
4179
737
573
891
1129
561
2710
585
970
562
947
966
3145
558
1094
1268
547
1139
747
1016
670
6104
607
1082
1444
555
536
550
3033
680
597
684
684
537
662
585
549
3840
880
1220
5712
1084
1452
3404
3556
3812
3849
1371
1017
2920
551
2791
1615
571
1366
1333
640
1262
726
1622
1589
828
1247
557
6001
1151
4522
1268
543
588
1097
1249
625
1004
991
951
965
605
1054
870
4038
1695
600
676
961
1245
995
829
4814
1064
542
1053
1219
573
1200
630
978
926
593
933
934
541
931
4529
1264
914
1539
554
1071
2168
1241
2771
2534
2268
3128
1981
956
1529
620
2582
594
660
657
572
2619
3180
658
751
564
610
693
822
571
598
3803
569
1044
628
8239
1272
3617
2820
700
1777
563
2454
607
2177
603
2813
567
1427
1364
2117
968
542
971
595
968
4791
671
1043
545
1789
600
615
2450
689
1257
879
4383
599
572
978
1045
600
946
988
576
967
934
558
924
2554
540
932
1392
1416
2898
2837
2543
2354
939
1055
634
999
538
1421
576
1188
1091
1267
602
533
979
939
556
930
938
802
1283
654
537
1554
1589
777
1253
555
1036
639
977
1061
1334
741
948
961
966
553
881
943
691
4369
537
546
536
544
534
545
608
534
689
532
801
681
809
2386
553
552
586
547
3720
783
3142
614
1078
598
2097
1739
1680
678
582
567
2435
2234
1897
1638
2085
723
536
546
946
581
972
1063
1005
1062
1262
540
986
594
1028
939
591
941
1069
1069
616
1039
1111
927
544
895
977
604
1587
686
1340
812
1234
1614
607
592
970
594
943
1019
684
1079
1075
648
1022
2174
550
585
1278
642
1125
628
1164
1016
644
903
955
547
929
554
956
1006
1181
826
1067
1785
591
563
538
944
932
602
969
836
1384
639
1085
608
2611
4917
303
301
300
327
284
320
283
281
473
862
630
1630
529
1576
639
552
601
3912
581
453
525
488
629
539
639
672
664
596
780
829
1256
688
2359
610
536
581
637
605
624
4280
578
536
2538
629
1414
4770
634
637
2026
634
634
575
691
2785
1645
547
1967
684
641
1315
1027
626
1088
1637
1651
856
1163
647
2067
597
558
2381
620
1058
575
1308
662
1156
1874
597
791
1299
656
18446744073708552903
634
1016
603
1381
1101
1494
686
1335
566
1333
731
953
1245
785
629
1390
1389
595
966
562
979
969
621
961
1279
1159
573
960
1367
1139
650
1191
1337
812
1138
601
690
947
989
942
652
1150
1256
665
1528
1046
1879
1414
1171
587
1153
652
567
1028
1296
959
1196
796
1060
586
1493
767
3303
731
724
739
746
613
780
3133
570
686
611
551
907
786
666
2427
668
555
607
597
825
645
4134
3196
1018
1532
1151
1354
584
2085
2696
2397
751
564
667
649
2546
685
2187
1961
2085
640
1402
925
1193
571
1176
1248
986
1168
1262
851
1629
1457
750
1703
773
585
1347
1415
714
624
1412
574
1074
1037
560
1645
920
1380
772
1501
746
1360
896
1128
1203
815
1326
699
1259
776
1160
1400
1358
907
1599
620
1078
613
1318
667
1175
697
1399
578
1118
909
1365
1112
614
1431
634
1332
673
726
1534
697
1368
1248
761
1517
609
1466
894
1993
1366
586
553
1297
1097
555
1013
1094
3254
612
569
563
634
761
659
657
3935
850
623
610
553
600
825
567
765
891
4269
5400
1265
1006
1528
928
2971
618
2530
1297
1486
6936
612
1330
5755
889
2007
2217
2355
1565
2335
556
4182
631
2204
902
1495
577
1542
716
628
2222
1248
3521
886
1752
716
1194
1242
557
4115
1651
593
1508
700
595
3102
990
1062
1301
2482
1765
1145
593
1029
937
2064
1179
1445
657
2962
3100
1750
1966
1771
576
717
1147
1809
710
1340
2201
555
613
559
998
952
662
3981
597
558
1080
661
581
539
839
619
540
681
779
4152
3223
1146
1157
1578
5522
606
699
1282
1256
955
2160
604
1477
2457
591
1458
1573
603
551
1787
567
585
770
1073
589
1214
1217
686
2058
645
738
1238
562
1143
624
962
1347
1379
568
1089
564
1010
554
1333
815
1384
639
1019
1173
631
1145
695
1061
1179
1246
1819
610
654
1708
1056
1398
663
1121
1563
615
1515
1616
571
661
1055
578
919
936
598
1024
1062
578
990
913
1051
567
980
596
1219
880
1213
902
1166
1590
1581
638
987
563
980
903
1273
608
1114
604
785
1106
998
605
1123
930
547
985
1014
5467
665
548
3787
600
1922
579
977
2200
2371
1716
657
563
563
2845
2659
699
874
1525
1020
1392
1115
681
930
1152
992
807
1254
643
1750
1416
594
1052
1003
10