338337
1554
841
866
789
1191
791
861
925
901
962
2717
6777
932
867
2034
872
3415
897
892
1620
3966
846
790
798
885
936
992
801
905
2312
889
1029
4768
1121
1475
894
868
830
835
976
944
2410
3335
2473
4316
1755
2112
810
801
2505
956
918
2340
925
3441
898
865
1270
948
832
2667
1160
874
873
10518
958
1912
3727
4405
903
867
793
818
4853
1246
1031
2515
2062
2328
2969
1887
1626
4628
878
1064
2295
945
856
3157
865
964
3397
3244
3173
2379
2550
824
2771
1262
975
933
783
1588
1402
1415
1448
903
1485
1347
1207
1373
1319
1546
1564
1694
878
2122
1664
862
1182
1686
911
1507
2085
911
1627
1364
817
1492
1317
1185
1240
1127
1488
1173
1433
1632
1434
2188
917
1290
1199
1183
1263
1380
1256
1103
1067
1798
1129
4020
905
832
798
795
822
826
781
2690
879
980
2585
827
819
842
1485
4065
3144
1339
2911
2339
1498
2206
1633
2251
3414
818
848
1782
840
1257
1687
1203
1288
1340
1397
1369
1483
1416
1546
1473
1300
1368
1155
1184
1536
1254
2066
1455
1166
1169
1198
1763
1554
8794
4973
1522
1073
1288
959
947
1254
1257
981
886
926
903
881
924
1003
880
934
1064
946
1001
865
813
794
878
962
997
1276
799
835
800
800
873
836
799
835
957
989
900
1232
1491
10017
2720
1754
2895
879
896
1274
901
805
841
884
826
1065
975
987
1429
1490
862
841
861
822
861
859
866
820
853
844
853
840
904
835
18446744073708552542
893
978
969
1004
1086
836
872
788
976
927
854
882
841
1118
936
1025
1566
2471
1188
796
936
838
1166
914
839
835
972
930
836
885
875
995
937
890
820
1076
837
849
892
801
842
890
1077
1042
961
1540
1148
834
843
883
871
885
1136
976
948
803
904
890
876
800
786
827
839
1112
1179
869
908
834
882
872
1068
868
1080
954
1091
925
1022
1597
871
863
789
866
849
857
872
1176
832
1020
864
869
1013
960
843
897
952
970
953
794
912
861
889
915
895
921
909
942
1131
1007
957
1879
869
882
802
787
836
866
1075
884
963
870
885
873
930
911
8991
1251
2630
4711
826
821
1750
2516
1844
820
1423
832
1247
1131
1332
1616
1055
1390
1254
1181
1302
1691
1330
1446
1883
1256
1170
1549
1338
1299
7862
1522
1323
1266
4730
1323
1344
1635
1445
1886
3569
1541
1790
1330
1216
1169
1936
3865
845
1176
1336
1234
1349
2585
1573
3339
1487
1207
1184
1298
4927
2730
2387
4636
825
825
2625
1547
3402
2433
2576
1840
2224
2362
863
1848
893
1535
1396
1208
1319
1226
1382
1190
1264
1203
1858
2664
944
878
1336
1228
1330
1309
1238
1226
1224
1135
1153
1354
1395
2269
793
1304
1295
1180
1196
1972
1321
2206
946
1555
826
1345
1322
1769
1181
1144
1276
1252
1165
1165
1665
1302
1509
1444
1280
1158
1332
1555
1357
1445
1609
1242
1174
1211
1355
1199
1268
1184
1368
1197
2307
957
939
1036
1267
3150
1063
801
948
943
4538
3480
1031
3586
2020
894
2286
1705
2895
1489
829
1256
1229
1249
1846
1394
2136
931
825
1263
1260
1632
1340
1349
1206
963
1422
1650
1307
1528
1472
840
1479
1126
1174
1234
1403
1510
1259
2121
1624
1351
860
2037
1047
1623
1634
858
1576
1266
1219
2112
946
1320
1345
1246
1398
1069
1467
1218
2520
833
1273
1600
1181
1286
1337
829
1536
1223
1232
802
1307
1202
1875
825
4473
934
3270
1514
3428
2127
2125
987
1095
3209
2542
1598
1401
1081
1058
1511
1218
1761
1510
1484
1499
2483
1672
882
1256
1298
1729
1466
1506
1281
1179
1541
1287
1386
1496
1133
1347
1010
1446
1165
1624
1646
2185
822
1202
1145
1420
1368
1316
1601
1223
1401
1419
1389
1574
1575
805
1169
1186
1144
1143
1174
1212
1679
2122
1150
1325
839
1754
1225
1532
1316
1181
1314
1301
1319
5242
826
788
839
805
818
795
832
785
1208
951
907
2123
2075
894
816
6682
2232
2032
2901
1098
1955
2023
1766
2069
983
2370
810
976
1308
1231
1557
1440
1252
1370
1262
1137
1181
1667
1508
868
1176
1492
1169
1245
1258
1288
1619
1281
1938
809
1198
1214
1501
1287
2027
984
1253
1371
2141
840
1383
1485
1151
1251
1150
1638
1392
1607
1554
2416
815
972
1487
1220
1424
1498
1246
1003
1119
1610
1126
1381
1496
1414
1226
1551
1456
806
1135
1812
1467
2026
887
1183
1198
1234
1182
2923
874
822
862
861
4375
1079
842
833
814
858
833
793
793
7388
903
1549
2323
1803
11906
964
2627
2156
1936
903
2184
849
825
1191
3406
1401
1003
4279
1596
1416
1452
1201
1365
1237
4180
1954
854
2158
831
1195
1004
3082
1225
1337
2665
3960
2872
2175
976
1653
837
1907
918
1411
1849
1396
1425
1249
1310
1623
905
1591
794
1318
1525
1604
1549
1363
2158
839
931
836
1757
1033
2965
1644
1367
3460
3081
1444
2323
14657
1370
3479
2092
2294
3145
840
1240
1273
1284
1486
1517
1464
1920
1541
847
1231
1257
1817
1474
2331
931
1296
1193
1276
1012
1332
1355
1290
1483
793
1480
1069
1560
1412
1313
1293
1395
854
1479
1312
1573
1370
2029
1230
1242
1282
1230
1188
1483
1256
1302
1364
1151
1172
1436
1456
1153
1161
1486
1339
18446744073708552851
936
2030
948
2360
853
1357
1264
4109
829
3221
1495
2581
2545
2551
921
2860
1986
2465
1174
1308
827
1497
1336
1339
1278
1058
1587
1229
1149
1294
1319
1467
941
1221
1646
1229
1283
1271
1647
1343
2483
910
1500
1301
978
1650
1246
1177
1252
1339
1130
1190
1246
1441
1438
1909
1607
1083
1511
2438
1142
2895
1638
1184
1216
1385
1385
1294
1180
1230
1291
1277
1194
1262
1212
1198
1551
1203
1589
1416
1574
960
1496
4088
900
820
860
840
889
852
909
1878
835
887
1982
887
3781
3163
2102
4973
2370
1968
2382
983
1611
1245
1200
1294
1397
1220
1590
1279
1137
1566
1205
1447
978
1819
1083
2167
1086
1289
1272
1317
1213
1623
860
1210
1248
1259
1504
998
1837
1597
886
1165
1203
1291
1176
1677
1435
1444
2266
856
1912
896
1669
1593
1285
1432
1166
1476
1178
1191
1197
1411
1751
1091
1127
1200
1165
1288
2090
941
2021
1210
1294
1258
1339
1181
4991
799
920
843
936
912
872
1059
826
850
4634
881
3916
1985
2233
2044
3003
2185
2221
1759
1968
1111
1320
1195
1481
1335
1280
2110
1201
2226
1016
859
1645
1263
1286
1377
1392
1238
1284
1531
1279
1475
1330
1566
1511
1192
996
1426
1315
1261
1661
2284
1280
1139
1128
1618
2076
1269
1494
1508
1985
1680
1097
1661
1198
1285
1179
1133
1215
1381
1398
1322
2167
969
1442
1293
1329
1394
1334
6333
1488
3914
1255
1350
1237
1216
1592
4625
3660
1141
1470
1194
886
833
2148
3730
898
3433
3240
1694
2811
3029
1526
5498
835
3274
2513
954
1840
1953
1301
5485
3471
2389
2118
1414
870
2238
956
1427
1427
1936
915
1473
1344
806
1554
906
1587
1222
1522
1414
2142
1560
1697
1185
1238
1232
1421
1178
1217
1331
794
1274
1700
2263
963
1280
1352
1468
1327
1423
1562
864
2304
1280
1200
1247
1565
1277
1496
1178
1944
931
939
3651
950
925
980
898
999
795
1876
869
5450
882
2990
1610
2858
1293
3765
924
1992
2126
1655
1455
1616
1719
1546
2221
1045
1191
1274
1215
1190
1964
1475
1241
1254
909
1193
1333
1713
1403
1435
948
1425
1156
1255
1549
1478
2691
876
1492
1193
1220
1295
1289
1233
1191
2123
1618
1748
1759
1301
2169
1141
1501
1679
1867
1282
1886
1751
1277
1127
1119
1568
1418
1168
1237
1289
1187
1263
1426
2048
897
1365
1238
2524
894
948
2681
1524
816
1245
2663
835
853
883
840
5078
1145
2984
2392
2766
893
837
2124
3531
1865
894
1271
1712
1231
1746
1290
1261
1357
1345
1357
1508
1340
1211
1326
1490
1344
1579
1028
1443
2292
1218
1176
1056
1345
1271
1432
1591
1112
1071
1278
1467
1069
1225
1418
1251
1143
1312
1366
1199
1541
1812
1977
1390
1603
856
1256
1219
1342
1289
1187
1187
1827
1013
1420
1264
1601
1472
1633
1503
1531
1372
2243
2397
898
930
4683
887
872
895
894
997
786
875
814
849
4887
809
3355
1543
2441
2855
1958
835
2092
2988
1758
1535
1382
1232
1242
1364
1522
933
1738
812
1641
1401
1514
1317
1989
863
1259
1363
1263
1587
1519
1289
1226
1141
1110
1412
1278
1771
1429
1502
1315
1703
1289
1521
1644
890
2049
1428
1233
1249
1307
1328
1404
1441
1396
1192
1181
1314
1214
1655
1137
1162
1280
1274
1355
11538
878
1178
2122
871
4084
955
954
1025
1052
900
848
799
1239
1938
1042
5251
3507
1410
1188
3423
2329
1611
2319
1677
1932
1942
815
1209
1628
1791
1565
2074
1552
1224
1183
1279
1218
1800
1149
8602
1360
819
1313
1265
1268
1654
3702
1533
1210
18446744073708553075
1495
1491
5252
1242
1293
1457
1165
1292
1288
1575
1369
1647
5368
853
834
1319
1421
1457
1438
2654
1519
4050
3179
2159
4991
927
801
1804
863
964
892
4487
3487
1540
1419
2703
2128
1527
815
2132
2635
2827
2607
882
1307
1272
1336
1424
1268
1184
1372
1478
1162
1650
1759
999
1202
1165
1289
1561
1139
1614
1172
920
1718
854
1086
802
891
901
881
936
1030
889
790
891
919
1616
808
802
851
897
1022
974
993
834
879
802
846
851
839
790
885
1094
1161
1028
1546
835
900
802
805
1002
1007
961
865
877
845
885
857
847
835
859
918
919
910
1100
896
844
789
891
1060
888
856
839
1125
955
854
1522
898
11492
1921
1461
995
2064
806
823
822
825
1050
803
908
1143
1057
1295
898
1650
859
890
1080
805
913
871
912
2704
940
919
982
812
1049
915
1024
1168
917
851
852
850
847
869
875
834
851
1044
1010
931
1567
1130
817
797
800
823
850
1078
1273
1289
1065
1013
1012
1064
1054
1295
1131
1544
820
906
823
842
848
799
806
860
859
1133
1027
899
1563
1080
1004
879
827
863
838
847
959
863
827
843
845
937
847
833
819
904
1014
991
1191
899
833
1044
866
826
800
827
854
946
925
862
1661
1088
823
991
800
817
1140
868
936
1175
804
883
832
800
823
842
885
835
894
983
994
886
9761
2111
2413
1909
1640
863
2639
827
2589
2269
1712
943
1338
1235
1158
1279
840
1583
1688
1614
1858
1413
787
1595
1234
1452
1349
1201
1446
1379
1311
1244
1395
1224
1171
1449
1277
1323
1266
1457
1690
2374
1187
1072
1263
1568
1329
1451
1164
1280
1144
1202
1256
1375
1640
1523
1257
1260
1314
1280
1519
1727
1177
2267
1079
1351
1219
1703
945
1550
1170
1197
1522
1243
1195
1217
4398
885
967
1236
784
890
911
1124
5044
1175
925
1082
1366
930
827
874
916
3702
3352
1501
3634
1976
1010
2483
2784
1870
1916
837
1567
1891
852
1322
1265
1141
1139
1277
1443
1217
1256
1276
1323
1565
1568
1829
1193
2429
868
1569
826
1179
1747
1339
1171
1261
1407
1421
1340
1408
1556
1375
1148
1256
1330
1458
1477
1331
1492
2129
1193
1175
1207
1223
1481
1318
1177
1176
1208
1327
1433
1275
1492
1174
1193
1248
1473
1292
1504
2154
834
2281
986
823
1374
2392
921
1051
1305
8795
840
2756
893
886
889
4358
4291
1530
5070
2045
2558
997
1895
2535
1722
2530
1775
1054
1395
4379
1187
1279
1462
1024
1390
1279
1203
2705
1248
1510
1376
4496
3052
3653
1411
965
1414
792
1388
1626
1234
1191
2222
881
1304
1339
1866
1498
1221
1186
1138
1250
1181
1800
1711
2720
880
848
1447
927
1332
1267
1334
1201
1233
1133
1571
1654
1720
1295
1179
1204
1149
3712
935
891
1642
1007
879
2314
871
861
3893
2785
1308
2257
4294
909
795
1663
3092
2362
1419
1227
1180
1705
1345
1464
1312
1081
1644
1303
1284
1214
1575
1255
1295
1305
1392
1311
1187
1415
1395
2054
916
1260
1259
1269
1276
2080
953
1273
1285
1513
1185
1166
1294
1391
1136
1209
1247
1408
1432
2126
1025
2717
851
830
1236
1405
1355
1328
1430
1237
1549
1268
1328
1333
1282
1589
1192
1264
1043
1446
1287
871
1360
1741
1759
837
2793
863
879
1087
805
2884
854
912
839
1074
6276
1985
1946
3597
1441
2512
2252
1934
2026
876
1377
1270
1342
1272
1315
1655
1436
1267
847
1800
1363
1209
1624
1195
2053
835
1236
1217
1755
1628
1453
1325
12089
2137
2287
1028
2151
1906
1267
1195
1241
1377
1698
1431
1546
1303
1202
1507
1266
1506
1235
1202
1248
1189
1232
1539
1068
1970
1898
1220
1135
1631
1320
1528
4852
901
902
812
827
865
868
819
818
856
1147
3523
3594
2487
2344
1992
2758
971
1813
18446744073708554174
1660
1103
1934
1442
792
1219
1226
1172
1240
1688
1403
2126
1568
872
1563
1371
1409
960
1158
1212
1281
1610
1245
1325
1604
1440
1334
1503
1175
1350
1684
1655
1683
1938
1079
1331
1506
1382
1335
1320
1349
1232
1329
1212
1571
1379
1336
1234
1408
1113
1219
1699
1542
933
2638
892
1492
1378
1197
1539
1502
1353
1163
1130
1201
1135
1467
5098
889
872
846
1178
1191
982
847
1613
2803
829
821
842
839
4495
1107
817
967
975
929
963
1132
2299
864
980
887
3864
4390
826
794
822
795
835
941
870
1082
1680
4799
987
799
1064
896
2190
883
832
2940
893
3051
3616
841
1527
2783
1235
1215
8993
1418
809
1222
1255
1221
1495
1507
2625
1358
1170
1742
4718
1202
1204
1164
1334
1272
1430
1306
1830
1435
4199
1543
928
1243
2362
906
3078
1495
1657
1586
1816
1195
4333
3203
2630
1554
1085
1589
2166
895
3936
833
853
961
1003
812
903
926
1580
4579
800
2876
1376
2295
2347
2468
2770
2666
2184
950
1292
1212
1263
1132
1946
1342
1925
1198
1380
1292
1192
1229
1629
1533
1173
1567
1550
1229
1234
1247
1419
1442
1224
1370
1207
1187
1208
1623
1617
1196
1264
1279
1177
899
1548
1510
1603
2084
1236
1280
1451
1188
1330
1273
1202
1240
1193
1415
1341
1373
1472
1220
1147
1718
1453
1213
1490
1275
1958
901
1644
1349
1310
1286
1445
1677
850
3290
799
832
968
959
868
2548
914
835
794
813
5002
4073
1854
3159
2101
1567
1394
2972
922
1898
1151
1188
1247
1208
1237
1310
1844
1568
1868
1184
1496
1451
1195
1413
1600
1297
899
1576
1626
2032
1460
860
1246
1583
870
1684
1486
1367
1723
1565
1528
1335
1353
1452
1390
1198
1241
1252
1177
1155
1351
1758
1782
1242
1233
1232
1139
1368
1541
1500
2130
1435
1285
1691
1395
1036
1675
1299
1322
1188
1119
1557
1563
3488
1107
804
834
811
905
894
2920
1763
913
886
4413
1174
3270
1335
2088
3221
937
1878
2584
1882
2279
1312
2046
837
1352
1362
1263
1546
1220
1436
1602
1568
842
1364
1332
1293
1192
1197
1354
1270
1473
1289
1787
1553
2567
858
1259
1224
1506
1331
1355
1247
1346
1229
1736
1411
1692
1346
1227
1200
1164
1268
1290
1718
1405
2241
1519
1140
1142
1577
1629
962
1210
1173
1389
1310
1226
1510
1665
1313
1213
1534
1156
1029
1929
2242
3448
793
1006
1029
2855
879
941
1159
794
3629
3402
1342
1269
3577
1706
958
3486
1637
1862
2318
1690
1438
945
1694
1211
1323
1231
1397
1338
828
1557
844
1779
1056
1873
1374
2303
852
1232
1318
1326
1339
1312
1268
1604
1468
1568
810
1401
1535
1227
1141
1293
1295
1221
1353
1925
1673
2332
1242
1282
1230
1441
1548
1284
1228
1183
1104
1439
1526
1594
798
1268
1303
1534
1186
1157
1579
1406
2122
1652
861
1199
1173
1270
1431
3633
5050
3025
947
931
882
1184
3582
3667
790
864
796
3895
3502
1354
5965
2005
1497
2947
935
2103
3780
1579
4689
1807
837
1307
1327
1322
1173
1311
1526
2349
1231
1725
4790
3594
2077
2280
1520
1056
1213
1423
1651
1394
933
1489
1297
1241
1426
1610
1373
8377
1875
785
1696
3450
1391
1211
1488
1500
16662
1366
1202
1557
1387
952
1056
893
931
1592
931
878
1035
1158
918
860
1041
927
968
2749
919
1033
1083
4624
1169
1051
880
927
936
898
819
5521
1502
1165
2107
3296
1101
834
2551
4146
894
2073
1786
1046
1729
1399
1975
916
1235
1290
1319
1356
1178
1378
1238
1211
18446744073708553257
1672
1541
1585
1238
1231
1225
1232
1310
1594
1308
1388
1565
1624
1386
1347
1681
1411
1241
1448
1358
1395
1514
903
2048
1050
1266
1343
1346
1359
1153
1639
1224
1144
1277
1084
1385
1492
1048
1211
1218
1250
1418
1191
1316
1766
1673
3046
1205
4301
1240
1012
1070
998
1159
950
1734
921
2685
858
847
796
787
4570
996
4139
883
1525
2473
2519
2600
881
1629
2530
1566
1263
1579
1534
1490
997
1829
1398
2419
1157
1801
1554
2515
1091
2403
1575
1021
1455
1484
1346
1461
1138
1276
1369
1754
1668
1355
2014
898
1623
1218
899
1420
1838
1200
1227
1685
1551
1329
1377
1580
1180
1240
1177
1263
1360
1466
1638
1963
1943
1405
1509
1596
1846
1583
1551
1618
2155
1929
1653
1189
2696
792
795
922
970
5657
979
876
891
871
876
898
1108
887
815
819
2341
793
859
897
6209
1344
2280
3266
884
3336
886
2054
2162
1846
1580
855
1160
1232
1279
1951
844
1484
1538
1182
1954
2148
1295
2200
847
1187
1283
1611
1805
1750
1421
1208
1297
1241
1254
1341
1351
1206
1287
1203
1138
1510
901
2296
2164
1298
1351
1241
1238
1271
1377
1313
1210
1429
1544
1233
1316
1400
1285
1885
990
1528
1233
1176
1871
1584
1356
1434
1198
1263
1453
1438
2036
897
893
2603
1048
933
948
1818
2997
877
946
900
848
3979
3781
1473
2571
3572
2205
6955
3427
1851
1223
2024
3931
1548
2109
1776
1459
5398
836
1408
1280
1324
1450
1439
1399
874
3876
2151
885
1316
1177
4908
1743
1526
1245
1199
1735
4699
3423
1981
2871
2575
866
1244
1300
1452
1250
1989
1703
1001
1578
1977
1459
940
1652
1276
1180
1173
1078
1670
1899
2538
1000
1278
5103
2589
4999
2951
1108
2699
2411
3373
1051
2820
937
2730
1839
869
1321
1238
1263
1967
1704
2226
977
1624
1240
1197
1237
1245
1581
1274
2175
879
1344
1568
1363
1280
1387
1224
1196
1178
1255
1007
1841
1356
1248
1353
1553
1392
1291
1285
1688
1410
1769
1184
1184
1299
1257
1391
1814
887
1218
1319
1334
1175
1528
962
1585
1278
1159
1264
1561
1353
1829
921
2286
1346
827
1244
1613
4524
1081
848
840
940
852
926
1005
1073
1806
837
3759
3820
2205
870
2322
3770
1252
1950
1942
2578
885
1412
1263
1278
1346
1388
1179
1413
1770
1520
2093
1436
1254
1179
1217
1090
1569
827
1238
1229
1263
1219
1251
1312
1579
1568
1301
1239
1329
1231
1445
1489
1899
1472
1229
1495
1604
1205
1619
811
1598
1162
1214
1225
1360
1430
1284
1192
1508
1324
1685
950
1441
1051
2380
1127
831
1253
1199
1281
1797
879
1221
1617
1315
1208
1252
3397
842
788
883
871
929
958
3249
845
923
1844
3777
863
3076
1629
2699
2506
1485
2183
1703
2534
1599
951
1650
2587
852
1270
1288
1358
3746
1281
1857
12072
2867
906
858
840
900
1362
1031
1584
1091
2097
1094
1311
1393
1004
1509
1218
1287
1484
1241
1236
1230
1211
1159
1487
1562
1441
2213
929
908
1509
1439
1423
1484
1180
1217
1349
1207
1245
1245
1431
1375
1356
1550
1215
1509
1241
1542
918
4803
1290
3903
1196
3322
2383
914
1918
1859
2480
5644
707
653
5234
1741
1246
1469
808
1138
889
1000
879
847
946
1322
1016
885
880
798
838
850
951
864
855
876
1001
1290
1126
1867
946
862
910
888
933
832
874
1146
1069
869
828
886
839
931
1003
891
966
987
890
894
840
890
835
802
793
1203
900
1034
977
1078
1631
891
876
938
827
939
866
884
955
884
824
817
866
833
1430
963
5467
2869
854
845
18446744073708564170
1029
2408
847
1779
827
4215
1103
805
4595
935
1160
1025
908
1818
883
895
3993
1057
1073
844
841
938
846
1081
3155
3183
2309
1150
1035
1141
977
1121
929
1023
1591
938
882
825
872
973
817
858
1004
1008
876
970
850
839
1135
904
881
838
1036
931
799
799
807
820
837
837
834
904
898
1072
1037
1024
1528
1026
850
875
838
842
888
958
998
883
940
844
793
856
908
969
1076
984
959
1198
907
799
856
819
866
822
839
792
876
1160
5081
859
787
4082
3198
3494
3019
1471
847
2334
1585
2041
2896
1145
1881
846
1247
1337
1201
1320
1307
1207
1283
1300
1290
1218
1422
1229
1264
1719
817
1391
1061
1136
1885
1414
2029
1191
1348
1303
1360
1427
1379
1451
1212
1199
1210
1336
1433
1293
1179
1140
1186
1276
1261
1530
1547
1455
2111
901
1332
1189
1184
1542
1399
804
1654
940
1300
1226
1753
1452
1685
1430
842
1608
1344
1171
1349
2657
1676
867
3328
899
1008
1051
912
900
2704
972
908
937
1012
5391
1212
1175
3652
2191
2806
815
2590
2294
843
1255
1208
1174
1224
1425
1484
2054
1746
842
1604
1170
1240
1584
1429
2273
1309
1588
794
1587
1703
1367
1291
1180
1207
1146
1295
1440
1304
1217
1456
1564
1266
1412
1637
1745
2309
840
845
1249
1221
1847
905
1453
1669
2000
1064
1728
2325
1644
1423
1189
1701
1310
1705
1358
2100
852
1365
1150
1655
1570
1335
4502
876
3468
1387
2295
3392
878
900
4339
893
1980
2506
914
1371
1274
1390
1202
1629
1349
1151
1873
1326
1344
1244
1388
1329
1256
1808
2271
1023
1241
1208
1193
1284
1920
837
1193
1172
1249
1326
1965
1231
1865
865
1986
1393
1156
1450
1688
1922
1470
1243
1486
1432
1403
1358
1454
1228
1236
1367
1338
1520
1375
1304
1577
1326
1427
1345
1000
1537
1256
2121
1313
1194
1789
815
3684
836
887
882
882
885
867
2328
932
884
798
1194
3826
4038
2263
929
1274
3179
1744
869
2767
933
842
833
916
4832
833
787
855
852
884
869
882
1231
3850
896
838
898
892
864
919
2067
857
814
822
3508
2238
1841
3085
849
841
922
923
835
2469
1353
1979
822
1468
910
1383
1339
1233
1264
1441
1147
1674
6254
1587
2647
1690
1402
3490
1261
1427
1307
1182
2935
1195
1464
4988
814
1248
1440
1352
1220
1322
1447
1402
3084
2278
1312
1282
4400
955
1617
1148
1216
1382
6321
2952
2700
1816
1128
881
1943
862
887
6410
2590
1443
1946
2503
2076
869
1932
4536
1315
906
1367
1502
1324
1705
1289
1235
1404
1345
1111
2077
1796
1472
805
1426
1071
1187
1851
1167
2650
989
1360
1239
1242
1415
1554
1323
1416
1150
1191
1914
2102
1268
1303
956
1170
1598
1209
1392
1776
1611
1522
1230
1500
825
1415
1309
1320
1199
1262
1168
1219
1282
1618
1599
1444
1160
1228
1721
814
1220
1964
908
2850
872
838
2122
939
2267
904
985
2403
796
799
877
1219
4142
3322
3929
953
866
1851
1322
999
3519
1970
992
889
3190
1990
1820
1665
1210
1303
1248
1143
1669
1334
2019
930
842
1192
1242
1671
895
1414
1382
1460
1284
1075
1457
1625
1482
1232
1332
1198
1191
1154
1292
1992
876
2369
1281
1554
1263
1244
1292
1261
1186
1302
1424
1144
1299
1423
1715
1550
1267
1289
961
1156
1802
1351
1514
2146
1386
1658
1218
1314
9460
3465
5101
967
2418
1655
5462
3065
3159
1311
2410
1130
1600
857
922
883
895
902
1048
831
795
1324
919
807
1753
895
852
886
868
1019
1020
876
910
992
880
1039
940
925
1006
882
922
793
1113
979
878
791
823
826
868
804
803
813
868
1112
1168
901
1612
964
866
850
870
798
872
978
1174
1078
852
961
875
827
1002
18446744073708552545
856
1186
993
1082
835
2207
1060
838
878
843
794
1185
934
851
1758
1030
835
890
834
908
855
830
1116
895
837
823
833
915
874
809
878
868
1075
989
937
957
807
841
808
965
805
825
896
1110
944
995
1840
947
888
920
987
880
857
865
892
1026
839
870
896
891
841
899
927
883
968
1022
902
795
1215
798
918
846
893
872
919
1099
918
1129
1673
855
843
854
817
888
863
1153
1159
857
798
807
841
842
837
898
1081
1124
1167
1052
1108
1061
1169
1156
1392
1007
1388
1256
1231
1640
913
10127
2923
2975
945
1854
2409
2371
1984
817
2154
933
1306
1220
1637
1488
993
1251
1308
1205
1920
954
2047
1329
1257
1300
1215
1359
1199
1401
1839
1409
1982
806
1306
1196
1333
1581
1339
808
1223
1536
1142
6953
1460
1396
3727
1356
2364
1641
1574
5468
1288
1153
1652
1316
1370
1042
1472
1519
1302
1528
1482
1429
3967
2682
4983
881
782
1737
830
1659
865
3808
2049
3877
1139
4099
4502
2497
2124
3376
886
820
806
2199
2705
2374
895
1200
1238
1840
1675
2174
1289
1232
1176
1220
1287
1444
1174
1042
1486
1143
1366
1627
1810
1260
804
1520
957
1425
1254
1744
1235
2619
1246
1196
1438
1434
1609
898
1544
1178
1455
1139
1351
1956
1311
839
1264
1628
1255
1265
1741
1329
2335
874
1274
1498
1209
1245
1533
1178
1168
1234
1294
1169
1272
1281
1549
856
1460
2290
816
783
895
1924
998
2115
3440
889
914
1244
954
858
3351
2764
1566
2473
1983
2884
863
2484
3804
1627
823
1260
1320
1692
1341
1562
1206
1219
1204
1291
1853
813
1338
1173
1212
1376
1230
1585
1488
1826
1793
871
1233
1238
1942
1641
1869
863
2104
952
1576
2007
832
1230
1616
909
1159
1754
1585
1269
2309
1263
1255
1192
1636
1688
1301
1259
1407
1354
1319
963
2242
987
1344
1218
1183
1191
1233
1303
1387
1267
2192
1256
3233
975
968
1130
919
3338
847
829
783
865
977
993
6241
1386
2825
3194
1136
1889
876
3908
2017
1638
1656
1413
1459
864
1321
1136
1302
1588
1222
1767
1044
1431
1922
882
1225
1251
1259
1901
1245
1512
1393
893
1209
1574
1236
1497
1302
1239
1259
1195
1254
1274
1612
2335
1124
1254
1687
1170
1453
1765
852
1439
1224
1992
1517
1382
1661
1226
1172
1398
882
1545
2700
879
1263
1456
867
824
813
844
900
943
963
1001
903
870
827
872
884
796
5215
846
815
6345
4094
1908
1945
2829
1271
1646
1145
1058
1071
1152
1287
1434
1979
1267
905
914
799
840
802
985
1100
887
1252
1130
844
919
885
800
913
890
1239
1524
841
839
791
838
864
840
874
921
956
1006
886
836
790
914
871
887
1161
873
867
906
1094
1065
1091
1567
896
1020
968
905
878
827
2632
958
946
1126
797
853
872
949
958
964
916
917
802
837
793
835
839
1015
964
1158
997
841
1465
1241
804
799
828
810
820
944
836
1132
834
839
834
836
837
1024
897
801
1170
1053
792
874
893
929
893
911
912
909
888
1121
989
860
1706
1010
885
796
878
802
913
838
966
932
871
893
859
811
838
840
903
1285
5846
1427
4160
1048
1006
1543
875
904
1045
889
4568
848
826
881
807
922
805
795
885
900
11545
2261
1023
2317
3225
3703
809
2527
1915
2114
2405
817
5310
4301
1950
1023
1280
1632
1458
1680
897
1443
1578
1274
1355
1404
1241
1254
1386
1358
1374
1328
1990
866
2753
840
1580
838
1216
1268
1419
1232
1234
1224
1524
2062
6092
8431
1196
1412
1172
957
958
995
926
855
863
854
874
959
908
825
816
1117
5010
882
833
6390
1708
3568
2277
2011
2076
846
879
817
817
1246
965
937
837
1346
1090
1066
1158
1074
1153
1393
1244
1278
1789
1093
1074
852
851
865
1019
1011
901
869
843
855
909
822
885
801
789
991
1043
806
870
837
833
855
1017
876
18446744073708552464
1109
1092
971
1020
1656
844
819
899
830
826
865
870
847
904
823
2457
1139
812
892
882
848
917
1055
925
798
878
884
857
860
897
875
964
1226
926
1035
1280
915
866
806
805
894
895
954
1060
1045
830
845
794
856
1101
933
820
981
1145
823
807
807
856
876
843
795
899
922
895
1052
1001
931
1311
978
816
917
873
827
869
922
858
879
867
828
826
855
814
836
841
900
902
1085
1198
958
911
800
849
818
985
891
912
851
1077
930
1030
1565
906
825
1149
854
908
878
902
1039
873
855
845
826
877
829
793
838
873
962
994
837
910
1014
992
10127
2508
1889
2859
1538
1826
1350
1400
1380
2235
1209
1147
1162
1199
1663
1720
1291
2296
882
1244
1284
1408
1288
1902
1137
1427
1259
1596
795
1262
1361
1245
1193
1212
1530
1182
1299
1332
1803
2615
918
1298
1392
1371
1173
1189
1375
1429
1117
1774
1181
1382
1295
1215
1338
1522
1224
1163
1367
1536
1391
1939
874
1172
1236
1272
1446
1439
1380
1212
1212
1529
1346
1338
1311
1497
1262
1198
1189
1146
1284
4860
1539
872
943
900
813
862
919
936
4077
824
796
849
833
895
929
853
4081
3202
1351
4855
906
2631
908
2289
2561
2437
891
1339
1541
1582
820
1553
1298
1311
1284
1377
1045
1435
2678
828
813
1699
1300
1425
1321
1957
1309
1388
1039
1294
1359
1598
1385
847
1143
1161
1287
1229
2117
1740
2270
1226
1182
1367
1237
1503
863
1283
1225
1730
1204
1462
1434
1328
1299
816
1527
1339
1281
1192
1674
1256
2033
1198
1245
1169
1404
1472
1371
1229
1310
4481
1969
8665
1526
4007
2773
2258
2749
940
2756
4570
874
1107
1396
1281
1870
4628
2005
870
979
1548
1852
1597
1031
2707
1386
1634
5065
821
1310
1445
1465
1616
1534
831
1553
4537
3158
3422
1385
1393
1352
1575
1238
900
1663
833
1193
1520
1713
2202
2517
834
869
1210
1557
1474
1399
1394
1241
1355
1786
1053
1805
1607
3966
908
926
901
1032
1010
843
4936
869
921
3478
1452
2486
3711
1059
964
1349
3271
1831
2964
970
1824
1197
1704
1246
1720
1612
1224
1163
1180
1142
1286
1233
1324
1008
1495
1392
1288
1342
1323
1260
1699
1396
2133
1301
1184
1588
1361
1399
1285
1179
1314
1292
1282
1268
1511
2092
1409
1198
1479
1293
1195
1620
1445
2107
815
1380
850
1502
1437
1254
1469
837
1416
1158
1228
1506
1521
1494
1200
1244
1355
1531
1273
1955
873
3175
893
826
832
859
883
3599
838
828
857
1234
873
3980
3020
1335
2194
3566
1220
2580
2626
2283
1039
1242
1287
1238
1194
1219
1406
1539
1426
1289
1145
1573
1362
1435
1335
1433
2043
958
1998
845
1264
1220
1444
1306
1186
1187
1634
1311
1362
1338
1532
1464
1103
1266
1521
1233
1706
1240
2379
822
1286
1232
1276
1692
922
1320
1344
1271
1246
1198
1329
1485
1044
1643
846
1177
1447
1330
1641
1818
2043
836
1193
1169
1170
1276
1215
2249
899
796
2260
934
933
1685
917
2453
841
877
788
3781
4453
1353
1892
2974
1034
2481
869
2589
2479
1871
867
796
1195
1563
1160
1273
811
1815
1319
2480
852
1268
1150
1369
1519
1855
830
1193
1505
1249
1375
1120
1451
1179
1360
1238
1183
1559
1350
1551
2099
818
1213
1625
1029
1806
1088
1298
1263
1226
1156
1261
1251
1745
1259
1980
1172
1341
1140
1259
1507
979
2474
907
986
1221
1631
1752
951
1371
1239
1538
871
1461
1138
1485
1334
855
2375
805
1020
2322
945
949
2224
885
12311
1053
1223
2950
907
850
1034
6295
1572
1027
4114
3561
866
1539
2855
1397
1918
979
1298
1262
1242
1548
1142
1198
1378
1190
1354
1424
1408
1580
1221
1342
1575
1356
1189
1210
1246
1195
1159
1768
1846
8733
1581
2116
908
1039
1310
18446744073708552786
4437
1378
1345
1235
1180
1174
1463
1228
3684
813
1212
1322
1793
5219
1298
1287
1521
1337
1232
1302
1365
1137
1164
2199
3047
1515
3722
2730
2266
1924
879
2357
899
987
5134
1108
3240
2944
1775
2707
865
2643
3855
1576
812
1191
1572
1419
1876
1051
1816
1696
2341
1416
1512
1621
1654
1178
1227
1431
983
2593
1013
1323
1225
1288
1271
1787
1271
1332
885
1819
845
2366
1097
825
969
904
938
965
807
845
934
849
1171
1060
1027
1674
896
1020
827
828
831
872
883
951
846
829
845
850
885
897
882
898
942
956
1000
1012
1035
812
903
865
843
803
832
883
1099
923
1227
1506
847
842
11997
1685
1584
1037
1870
800
990
1061
854
970
983
1012
915
1298
1441
895
885
902
842
894
879
990
798
1059
1123
948
893
795
850
910
933
978
958
1069
926
848
836
849
914
882
824
825
2812
2002
973
975
800
837
819
861
911
907
1109
905
794
850
961
984
849
1053
886
967
966
967
851
837
917
874
804
792
932
909
1121
1164
903
1802
917
852
845
825
821
821
857
818
857
825
824
841
837
787
797
833
888
992
924
1187
985
937
847
929
872
968
856
834
897
1227
932
985
1531
869
1126
849
927
864
901
1061
1049
859
899
832
842
877
821
875
941
997
1131
789
1023
826
830
878
872
797
845
821
1140
1199
968
1782
910
828
883
856
832
1149
888
889
8925
1365
3331
1926
990
2724
3832
844
2325
1219
988
1517
2082
823
1231
1258
1198
1543
1082
1642
1180
1502
1224
1198
1655
1664
1447
2463
870
1344
1245
1278
1207
1604
1239
1250
1893
1902
1464
1495
1171
1237
1318
1467
1377
1271
1604
1259
1687
1593
1297
1375
1230
1434
1735
1146
1171
1200
1272
1327
1524
1681
1762
1323
1432
2091
1018
1676
3515
1328
1420
1559
1298
1245
1054
1239
1625
1328
842
1641
1480
1932
1021
2782
847
801
912
1070
4497
879
853
857
884
975
909
1016
851
1376
3659
3426
2164
2034
2918
2409
2419
2533
1658
830
1239
1210
1030
1810
845
1282
1371
1200
1257
1245
1426
1366
1145
1256
1365
1157
1346
1570
1343
2091
1417
1765
1031
1315
1232
1418
1287
1177
1843
1336
1386
1460
1139
1282
1223
1212
1166
1437
1284
1206
1795
2112
854
1251
1176
1167
1271
1635
1347
1257
1206
1136
1197
1772
1818
1426
9022
2878
3569
1029
1033
1215
4651
802
2846
963
839
1137
984
6052
1494
6195
2450
2977
865
914
2687
2432
982
1353
3759
1413
1289
1422
1433
4437
2666
3113
2347
876
1477
1324
1257
1310
1179
1184
1193
1232
1243
1241
1463
1636
1393
1947
873
1320
1230
1392
1331
1295
1201
1236
1714
799
1364
2074
1621
796
1291
1149
1186
1178
1385
1729
1537
1742
1731
1236
1235
1451
1456
1435
1298
1175
1396
1079
2509
1087
910
2117
799
890
837
2545
1448
1119
4743
1129
1048
1238
1260
1052
3902
2876
3104
2845
898
2263
1953
4154
835
1391
835
1792
1366
1449
1245
1241
1199
1240
1172
1337
1504
1268
1464
1237
1183
1628
919
1840
1338
2264
898
1162
1206
1580
1291
1337
1489
1876
977
1245
1265
1528
1572
1267
1229
1139
1255
1176
1611
1596
1252
2161
1476
1170
1568
1270
1816
1748
1191
1587
835
1438
1429
1613
1154
1354
1232
1284
1233
1357
1513
1760
1919
2235
789
870
2180
796
954
869
2058
885
920
2365
911
3952
873
2734
1675
2871
3320
2720
904
17853
3219
925
2249
1004
856
1355
1340
1737
1669
1187
1461
1277
1219
1555
1752
1539
1722
1508
1331
1260
1449
1856
1204
2385
860
1544
1429
1506
976
2072
1441
1347
1044
1314
1636
1461
1132
1274
1029
1388
1185
1243
1466
1752
2511
1101
833
1270
1205
1250
882
1561
1281
1336
1515
18446744073708553699
928
961
2290
887
832
2282
861
878
915
5245
3055
1442
3798
2663
860
1695
2555
2102
1892
1277
808
1179
1429
2119
879
2162
1496
1100
1074
1628
1221
1166
1204
1232
1233
1501
1023
1671
1407
1651
821
1207
1303
1238
1214
2147
841
2193
1634
1138
1318
1817
1664
1197
1165
1235
850
1518
1599
1869
1520
1555
1966
1033
1796
1909
2147
1828
1245
1218
1170
1200
1663
1460
1274
1260
1307
846
1694
1534
881
1582
894
3520
1114
1076
976
954
1492
2035
999
2483
898
949
1807
824
6616
1463
2522
3277
1604
2489
1250
1246
3055
2095
2351
2402
1805
957
1464
1793
1596
1847
6876
5888
1230
1567
1411
1735
853
2093
868
5420
1793
922
1729
849
1277
1260
2335
1363
4672
1823
1632
831
1354
1824
3526
1826
1542
1614
1239
1151
2771
2515
2771
4039
4390
4683
1520
1187
1330
837
822
1123
5270
6339
1658
1600
4293
3003
976
1392
910
863
2727
2332
3312
2725
1544
1655
1684
1605
1308
1518
1664
1956
870
1764
856
1421
3217
1462
1216
1648
1660
2402
1369
1846
1909
1429
1676
1112
1341
1223
1204
1313
1183
1203
1833
1188
1864
826
1814
892
1206
1275
1894
1446
2534
1171
1520
1201
2067
1011
2399
859
1569
1481
1291
2448
898
837
1750
4598
1278
1041
1195
1040
1214
1004
2787
1123
871
1085
7398
2020
1214
2801
4226
1216
1264
3198
1945
3282
2976
2807
1441
2290
895
1348
1207
1350
1228
1407
1564
1475
1161
2449
1259
1317
1211
1319
1475
876
1184
1629
1138
1166
1465
1638
1790
832
1472
1272
1316
1136
1380
1457
2000
1566
1338
1447
1278
1349
1559
930
1310
1302
1701
1333
1245
888
1349
1272
1309
1621
1392
1172
1751
1428
2352
872
1213
1241
1560
1096
4681
858
837
789
978
917
944
1044
854
4284
898
3716
1466
2210
2138
3932
1076
2248
2008
2277
900
1048
1138
1227
1139
1217
1223
1571
1345
1860
1798
2063
1209
1531
1165
1397
1477
1231
1275
1243
1213
1460
1321
1562
1345
1276
1213
1540
990
1177
2017
1383
2215
1386
1203
1295
1434
1430
1438
1689
891
1319
1315
1000
1407
1730
1174
1200
1289
1169
1354
1349
1662
1521
2232
1285
1197
1277
1351
1469
1326
1369
1237
1266
1363
1339
3258
809
845
793
836
837
3836
968
996
1688
852
788
830
6704
829
1455
3234
2012
839
2043
2051
2935
1839
1060
1999
1210
1364
1261
1231
1872
1580
857
1445
1199
1359
1161
1666
1418
1069
1056
1134
1491
1176
1592
1612
1591
1972
1218
1182
1164
1340
1310
1702
1394
1209
1392
1466
1286
1433
1504
1437
1213
1053
1220
1164
1699
1202
1541
2303
865
1236
1201
853
1631
1434
1258
1146
1159
1310
1206
1734
1491
1568
1633
5924
8580
943
1030
975
865
849
885
885
836
2897
2038
1028
2224
5678
1522
4897
2432
1559
2705
1053
5799
2524
2630
1108
1229
1778
1587
892
4864
2873
3324
1778
806
1415
1305
1274
1023
1304
1244
1536
1676
1176
2242
1168
1622
2066
809
1293
1220
1267
1751
1196
1366
1402
1510
1301
1657
898
1937
1070
1566
9411
814
2926
2066
1515
1959
836
1382
1247
1399
1371
5219
986
901
3945
3877
2630
910
2807
1754
1896
2354
1104
1413
1458
1657
947
1303
1336
1210
1240
1999
1212
2222
833
1249
1176
1411
1201
1488
1293
1186
1283
1358
1145
1332
1744
1143
1217
1351
1465
18446744073708552960
1278
1385
1030
2636
1013
1176
1297
1187
1350
1423
1663
1196
1034
1265
1236
1326
1361
1435
1288
1164
1200
1190
1774
1060
1317
2830
894
1357
1430
1228
1287
1697
1298
1195
1417
1240
1259
2332
834
801
915
1459
874
3337
1188
1242
1405
4649
2916
1484
1060
3141
2805
2104
2260
2206
864
1269
1236
2089
1116
2520
1895
1058
1660
1736
1764
1479
1172
1279
1528
1345
1395
1668
1763
1624
1580
1529
2230
1312
2243
1504
1683
1617
948
1780
807
1247
1625
1213
1403
1443
1440
1469
899
1577
1248
1311
1225
1313
1484
1820
791
1300
1180
1334
1407
2091
916
1418
1229
1067
1356
1667
1317
1287
1151
1055
1564
2617
881
1098
1746
3995
873
934
969
1068
934
4493
981
3639
1489
2294
1884
2728
906
3553
2978
873
1368
1409
1198
1358
1253
1193
1276
1182
1542
1564
1298
1237
1223
1264
1183
1209
1627
1730
858
2105
1644
1295
1217
1479
1309
1273
1248
1039
1666
790
1632
1295
1555
1196
1348
1353
1601
838
1822
1417
1673
2052
887
1182
2051
1460
1378
1248
1291
1454
935
1561
1416
1038
1157
1142
1919
860
1373
1685
1870
1481
2115
1315
4164
1102
1082
838
1013
924
865
781
2348
1080
1096
5525
3585
3702
874
852
2602
1861
2506
2269
1619
1556
866
1729
1228
802
1529
1221
1153
1319
1588
1579
2177
1027
1414
1034
1434
1326
1396
1269
1210
1406
1211
1254
1567
1501
1381
1270
1472
7326
2081
1281
1435
2794
1155
1517
4742
1269
1471
939
1378
1364
1348
1535
1287
2089
4355
797
911
1222
1745
2685
1148
2642
850
2103
2107
8198
2413
4202
4251
3421
2608
1297
1965
2007
2056
2147
812
1381
1756
1904
932
2593
872
1230
1297
1218
1333
1599
1244
1441
1472
952
1871
1602
1502
1325
1288
1231
1228
1327
803
1890
1048
2421
1324
1262
1256
1165
1492
1787
1237
1206
998
1520
1354
2288
800
832
1367
865
1364
1665
1258
1878
1776
1833
1231
1228
1179
1327
1224
1177
1241
1257
1598
1274
1399
1135
1536
4840
842
852
1015
1044
906
1240
1519
912
3630
3316
1306
2162
3710
1057
1924
2979
1854
893
1496
1679
998
2188
835
1036
1553
906
1665
1698
1213
1208
1280
811
1708
848
1242
1471
1449
1206
1303
1365
1459
1538
1355
2327
854
1309
1187
1177
1392
1568
1344
1210
1557
1261
1472
1556
1438
1238
1197
1381
1500
1183
1377
1696
1805
1713
1210
1404
1217
804
1250
1778
1198
1342
1320
1495
1549
1640
812
1300
1512
1277
1353
3284
897
1462
1191
1091
2527
881
901
833
4263
842
822
2968
1697
3898
2566
1106
6183
1642
2286
1117
1185
1772
1437
830
1202
1551
1239
1393
1402
1393
1396
1906
1468
1604
995
1792
1793
972
1243
1251
1209
1198
1739
1730
835
1219
1233
1269
1569
1206
1332
1175
1117
1090
1140
1782
1512
974
1759
1094
2287
1433
1283
1356
1531
1280
1362
1470
1183
1605
930
1919
1321
1145
1218
1398
1181
1418
1445
1843
1908
1165
3825
831
1057
838
848
840
822
802
1424
4745
824
785
3018
1411
2288
4041
1195
1042
2214
3261
1789
1303
1420
871
1220
1258
1562
1369
1357
1205
1076
1050
1353
1443
1220
2679
866
1224
1285
1513
1358
1358
1603
820
1221
1192
1173
1626
1368
1256
1142
1234
1511
1181
1184
1332
1762
1838
11559
1234
1384
1981
1885
1125
1414
902
1243
1361
1537
1622
1412
2275
998
1319
835
1602
1256
1613
1302
3194
1097
836
801
933
930
2531
829
880
794
6533
2004
1155
3241
1712
869
2395
1787
2956
2064
984
1240
1267
1213
1587
838
1216
1932
796
2565
1460
1148
18446744073708552806
1543
1026
1351
1247
1262
1187
1279
1234
1405
1728
1207
857
1239
1529
1175
1267
1473
1463
2317
1284
930
1793
835
1400
1844
837
1456
1089
1320
1212
1329
1341
1268
1256
1396
820
1559
1243
1386
1451
1839
1740
839
1198
1701
1352
1576
1518
1212
1360
1279
1207
1611
1078
4486
796
803
959
932
938
1474
951
2694
896
922
832
3538
3211
1513
2420
2069
2056
860
1987
2658
2391
1726
1093
1993
877
1209
1411
1312
1455
1521
1240
1364
1262
1570
1755
2302
1094
981
872
841
806
932
811
1111
994
945
1577
1171
879
853
1011
910
843
892
941
900
794
869
829
883
840
907
840
942
901
961
1281
1067
857
799
837
811
874
841
887
1039
922
849
1745
871
878
794
876
1276
817
1082
978
1013
807
881
957
889
883
890
878
869
894
996
837
789
864
1000
906
854
902
873
945
1029
985
918
10850
1798
1966
2186
2243
850
972
901
913
842
800
840
1013
893
1270
997
1009
3568
1288
972
901
831
1034
841
880
879
1185
1064
1129
1096
1096
1076
1272
893
826
838
871
966
824
839
873
923
1115
1210
1173
1539
851
836
881
791
848
980
970
944
835
799
888
825
799
791
857
955
897
1149
1113
919
856
869
801
935
962
908
959
971
1194
841
1191
1638
1176
927
871
911
873
827
1022
865
856
826
886
958
878
927
872
875
966
1147
971
857
1114
1163
802
840
817
835
968
1106
1079
1536
1357
879
900
849
974
826
886
901
916
854
826
867
836
790
9258
1260
1620
4267
2489
862
811
2789
3097
1973
823
1410
863
1226
1755
850
1275
1726
1219
1136
1524
1987
945
2378
1701
869
1476
1335
1519
1114
1332
1610
1295
1310
1416
1492
1973
1188
1141
1279
1357
1156
1917
1269
2751
844
1262
1231
1275
1181
1350
1209
1253
1234
1334
1738
1171
1720
1138
1177
1201
1823
948
1286
2319
1446
989
2033
1648
1123
1499
1321
1178
1339
1568
1195
1328
1597
1339
1018
1347
3818
967
831
1037
1107
885
2429
873
861
818
2771
928
1067
814
2186
840
829
913
3972
3183
1621
3643
2045
1086
3010
1744
2539
1896
834
1318
1272
888
1534
1548
913
1399
1561
1208
1318
1352
2530
1622
3165
1230
2092
1152
1584
1586
1452
1474
1347
1209
1182
1595
1818
836
1222
1372
1184
1240
1786
1522
1025
2005
1209
1280
1348
1383
1268
1341
1398
1230
1305
1449
1491
1806
807
1255
1160
1318
1266
1269
1406
1602
837
2177
1449
1245
1742
1236
3149
827
867
822
861
864
3150
1182
824
931
835
787
6384
2393
1217
3675
3047
850
867
2592
845
3414
1124
1291
1336
1582
1433
1152
1939
869
1224
1155
2415
1358
1312
1216
1953
943
1313
1199
1234
1200
1241
1258
1406
1227
1189
1322
1192
1416
1669
1612
1590
2101
1360
1296
1525
1314
1451
787
1529
1742
1236
1135
1211
1820
1264
1157
1192
1149
1336
1428
842
1723
1626
2036
1247
1173
1293
1460
1471
1255
1257
1179
1115
1712
1148
2149
2789
810
801
796
1726
1178
2660
1375
1083
4340
999
846
3609
1022
2980
2685
1175
2768
1517
1683
1039
1566
2632
892
1338
843
1392
1891
1508
800
1693
1141
1243
1215
1226
1129
1662
1149
1524
1593
1266
1353
1495
1045
1512
1896
827
1225
1153
1396
2432
985
1317
1344
1187
1267
1699
1020
1329
1369
1235
1196
1225
1597
1687
935
2660
899
881
1545
1265
1589
1603
950
1256
1634
1539
855
1449
1592
1317
1188
1177
1182
1185
1550
1448
1723
2377
887
856
4403
982
943
884
947
926
882
834
969
1564
2826
918
839
799
869
6060
2251
1413
3234
7748
8353
1977
2249
2975
1395
2009
1716
1635
882
1397
1782
831
1240
1618
1216
966
1714
1575
1536
1484
1321
1332
1185
1455
1769
2135
976
1154
1151
1574
1241
1293
1462
1266
1238
1663
925
1778
1489
1190
1510
1386
1266
1084
1334
2090
1511
1899
1732
927
1508
1266
1379
1060
1115
1576
1370
18446744073708552996
1453
1550
1304
1230
1265
1429
1130
1595
1387
934
1801
1767
832
1211
1237
1245
1189
2598
909
874
848
1586
3159
945
830
796
850
866
2226
844
917
7174
1351
2243
2557
2047
1735
2608
2224
1658
1545
1272
1200
1386
1072
1843
844
2368
1294
1231
1580
1263
1293
1615
1293
1225
1213
1332
1367
1324
1527
1429
1770
1478
1209
1131
1840
1307
2289
867
1215
1238
1178
1316
1646
831
1222
1575
1214
1369
1371
1499
1176
1706
1228
1286
1528
938
2501
941
2731
1244
1189
1425
1279
1472
1248
1913
858
1410
1292
860
1348
1306
1343
1708
1174
1174
1196
1478
1058
2856
879
1899
823
825
2374
908
823
899
1353
829
5122
1066
3321
1426
2199
2507
2495
1129
2908
1869
2787
842
816
1259
1191
1173
1521
1155
1469
1373
1220
1281
1571
1490
1334
1383
1747
1812
867
1447
988
1690
1017
1248
1177
1590
1176
1345
1378
1421
1436
1187
1471
829
1318
1549
1888
1716
1763
1236
1059
1058
1094
1178
1008
1550
1296
810
792
840
877
845
842
880
1001
929
846
824
930
868
795
878
940
1002
978
1189
983
928
1424
1152
929
854
959
845
868
909
998
921
9204
2098
2555
1539
3291
956
2098
979
869
830
864
820
915
991
981
878
867
849
855
833
802
1056
976
908
1026
946
878
836
888
999
808
838
799
879
909
1091
953
886
1567
1176
870
874
836
823
875
1035
880
2407
1146
875
805
801
845
844
927
1019
1058
820
935
805
928
1091
1072
1059
1327
1255
1274
1963
1177
1055
1141
1029
951
946
1050
885
811
801
803
839
932
859
878
859
915
863
891
804
983
1117
993
853
802
849
906
1097
1050
916
1104
858
922
872
877
913
903
894
1037
989
886
795
882
967
806
840
804
908
878
913
1059
823
798
804
802
886
821
1021
857
804
1301
965
986
1633
795
911
926
1275
793
972
1123
1097
1428
1082
953
1328
927
854
970
1178
873
818
9233
1132
2868
2037
2503
986
2018
2696
2003
827
1597
1078
1284
1277
1465
903
1518
1186
1456
1277
1888
1190
1261
1221
1280
1261
1479
1344
1188
1196
1267
1564
1395
1051
1419
1257
1223
1273
1180
1236
1248
1732
1306
2266
877
1408
1348
1418
1735
1451
889
1740
1137
1293
1265
1428
1582
1190
1378
1240
1295
1204
1189
1684
1613
1899
1306
1202
1263
1070
1538
1349
1292
1189
1207
1187
1233
1310
1255
1190
1224
1264
1178
1667
952
4954
1148
872
870
798
872
853
983
4447
887
1008
908
846
1030
924
1072
5473
1208
4163
2576
849
861
2134
3016
2678
942
1231
1467
1289
1473
1195
1185
1307
1051
1512
1191
1344
1703
1386
1831
1327
1231
1143
1717
1536
842
1233
1738
1367
879
1720
1897
841
1423
1188
1173
1201
1318
1171
1461
1421
2047
1268
1281
1300
1288
1582
854
1430
1182
1376
1542
1336
1431
1335
1245
1278
1454
1250
1273
1753
1059
1664
1795
833
1254
1753
1320
1770
938
1199
2296
834
834
966
4110
871
798
799
817
963
902
795
5013
3483
1437
3335
2921
895
1990
2001
2001
1590
835
1889
961
1121
1918
1163
1559
1915
881
1266
1224
1586
1244
1210
1306
1290
1378
1317
1546
1380
1628
1480
838
1281
1325
1269
1798
1454
1560
1435
1269
1169
1180
1584
1383
892
1563
830
1162
1227
1497
1260
1474
1708
872
1681
1453
845
1618
1222
1734
2386
865
1237
1415
1249
1397
1301
1272
1552
1205
1316
1308
1532
1441
5445
821
889
1463
1199
1646
1011
935
823
4163
1170
3252
1363
3160
2728
839
2832
2740
998
1885
865
2262
921
1245
1256
1233
1196
1262
1190
1327
1260
1185
6968
1059
4175
1286
1438
927
947
1382
1361
935
863
908
959
988
931
959
954
884
824
844
980
983
973
888
870
850
824
827
877
913
919
896
857
838
1745
951
955
1567
1012
901
849
826
815
826
879
897
846
902
823
909
825
806
1008
1087
956
1016
883
943
1047
876
835
887
868
935
941
917
1043
993
891
1715
956
796
974
1020
844
12018
891
793
890
1605
1590
797
18446744073708552532
917
1022
1009
854
1854
2582
870
830
818
835
1108
928
860
830
828
870
799
795
950
967
920
1024
965
895
856
838
876
901
954
972
853
1098
981
794
1459
1246
829
832
799
945
917
944
964
1000
791
889
1027
875
895
899
878
858
842
966
896
860
805
925
887
803
836
1129
914
1043
1000
995
1023
1611
874
827
902
827
816
827
1003
829
918
829
827
864
814
868
1033
928
900
960
1282
809
911
796
799
849
833
803
820
941
1169
949
1020
1683
973
879
869
813
926
962
991
1040
827
972
828
864
844
9004
1349
2861
2583
1264
3126
2437
2417
929
1366
1334
1229
1147
1149
1599
1294
1510
1655
1303
953
1145
1339
1288
1323
2531
893
1201
1181
1478
1385
1628
1353
1290
1237
1202
1193
1173
1649
1158
1194
1196
1385
1425
1409
963
1605
1634
1782
831
1207
1357
1333
1379
1633
1418
855
1339
1166
1212
1807
1537
1197
1141
1260
1117
1181
1608
1314
1486
2109
1534
1212
1385
1164
1288
2391
818
806
910
1911
802
2237
808
799
1889
809
851
2949
1139
1059
798
4798
3127
1632
2493
1919
2545
949
3696
1588
1360
1383
861
1844
992
1481
1955
836
1440
1351
1378
1378
1750
1192
1131
1285
1400
1220
1581
1190
1136
1530
1274
1150
1261
1157
2018
1271
2024
1238
1207
1549
1438
1529
1353
1411
1169
1193
1330
1625
1491
813
1235
1143
1534
1599
1255
1632
929
1394
1944
1157
1138
1238
1433
1312
1159
2021
1276
922
1325
1398
1415
1239
1570
1046
1068
1150
2507
1149
1012
2404
3169
859
885
876
971
977
2599
915
797
925
6647
834
1281
2140
2895
952
1366
2734
1673
2683
2279
890
790
1393
1303
1190
1535
1274
1314
1238
1208
1160
1199
1193
1222
1616
1489
2231
808
1358
1417
1603
1625
1771
1505
1323
1951
1512
1915
849
1260
1697
1453
876
1200
1453
1354
1376
1307
1255
1181
1289
1905
1073
1284
1562
825
1194
1228
1555
1419
1255
1277
1174
1531
1281
1462
1427
1841
896
2302
1191
1244
1135
1361
1654
937
2084
878
883
850
2320
1070
1071
1905
801
797
4078
1168
4405
1470
2999
3348
798
836
1773
2865
2601
864
785
1983
919
1327
976
1887
1008
1465
2036
1325
1084
1282
1178
1356
1223
1191
1256
1210
1547
1254
1306
1851
1394
1179
1134
1213
1412
1209
1627
1358
2140
911
1204
1384
1042
1541
1556
1285
1229
1132
1449
1289
1478
1308
1179
1518
1262
1541
1176
1476
1626
846
2235
1271
1145
1024
1515
1457
1334
832
1552
1223
1135
1170
1412
1790
1023
6055
1822
4859
868
2367
1724
2687
2372
851
1512
885
1254
1910
1181
1188
1163
1090
1357
1267
2586
1026
2272
1170
1159
1306
1235
1312
1308
1317
1199
1157
1925
1305
1462
1563
1237
1193
1218
1331
1243
1412
2682
2427
912
860
1376
1273
1255
1420
1201
1225
1235
1269
1400
1291
1555
1708
849
1287
1259
1537
1538
1460
947
2858
819
832
1684
1229
1273
1350
1321
1142
1325
3719
877
1138
874
903
1023
814
2662
941
971
993
5163
3252
1525
2978
1912
2473
825
3755
1485
1892
1050
1401
1792
1687
839
2164
1241
1276
1176
1178
1161
1632
1348
1464
1411
1270
1355
1757
1494
836
1154
1223
1619
1138
1232
2519
2143
943
1266
1183
1994
1227
1212
1306
1237
1236
2383
1619
1622
1429
898
2647
914
1220
1418
1430
2467
1401
1265
1244
1378
2722
1263
1269
1178
1277
1370
2170
1121
1717
1180
1245
2603
951
1643
886
3418
1003
958
930
3275
1367
840
866
953
882
3744
4477
1458
14838
4341
861
906
830
2367
2963
1903
1696
1380
1576
1995
1387
916
2107
1373
1347
1800
1395
1500
1405
1306
1281
1332
1192
1300
1226
1200
1208
1408
1329
1497
1564
931
2299
873
1295
1244
1224
1256
1217
1310
1289
1304
1444
1307
1825
1581
912
1156
1158
1149
1322
1230
2021
1330
2302
895
1204
1272
18446744073708552878
1741
1866
1469
1200
1270
1181
1416
2366
859
2501
870
818
795
2261
1103
1403
3978
1707
915
952
842
923
961
821
7069
1503
1860
2765
1871
3607
3054
892
1923
2958
1766
910
1255
1262
2414
947
1340
1387
1149
1356
2003
1486
1311
1842
2655
980
1571
1194
1082
1344
2503
1375
1149
1363
1187
1618
1346
1507
1273
1193
1180
2377
1734
1785
1743
2401
1456
1359
1288
1513
1609
1490
1245
1364
1227
1324
1880
1149
1384
1326
1282
1297
2540
1103
2461
887
1808
1401
3066
934
836
940
1494
944
1327
1476
3195
1343
887
886
3587
4953
1346
1288
3507
3750
1593
1478
2153
2729
1845
2161
930
1311
1516
1507
2514
1229
1409
1330
1268
2229
1512
1220
1309
1439
1314
2219
1319
1202
1256
1527
1676
2008
1819
1314
2071
1195
1189
1190
1412
1413
1485
1408
1350
1338
942
1714
1310
1519
1227
1221
1535
1137
1301
1557
1086
2721
885
830
1301
1199
1310
1420
1723
1174
1102
1201
1345
1774
1167
1524
1202
3546
803
848
869
1206
927
1089
2961
834
799
831
1025
6215
1598
20069
1933
2226
3024
8981
3576
2087
2310
4587
1732
2587
1590
2421
1824
4980
1972
1556
2598
1723
2508
3007
2791
869
3499
1687
954
2452
2134
5725
1027
1452
1429
1416
1589
1355
2266
5435
1912
958
1234
1196
2148
934
3000
872
2598
835
961
1768
5138
6053
1434
1066
3099
2785
3610
1561
3944
889
1412
1328
2744
1595
3100
887
1210
1976
1804
1178
1812
4049
1213
1571
1451
1169
1255
4364
1677
1395
1162
1327
1909
1269
5210
855
1222
1288
1537
1801
1426
5067
3760
2763
2529
3659
1719
829
2277
2625
1973
1744
2748
1367
7721
925
3235
2996
1033
3709
4153
3277
850
3020
2062
2756
2744
2592
1289
3482
910
1411
1241
4003
1609
855
1252
1496
1211
2684
3689
1406
1301
1514
2055
2730
1722
1547
2252
1683
1514
3798
879
1481
2769
1565
839
5813
1047
1809
1453
1221
1384
1267
1232
2235
1251
813
2116
1969
1931
1435
6391
884
888
874
2013
903
2086
1063
931
5525
3106
1436
6046
4922
1837
2049
3979
5624
921
3217
897
890
2849
2946
2668
964
1132
2372
1396
4058
1210
1608
1466
1883
2506
2500
1183
1180
2377
1237
1856
2463
2194
1500
2408
1558
3510
1465
1392
1253
1310
2666
1290
2365
2083
3269
1788
1284
4697
2797
3384
4170
1665
3053
1054
1022
5534
1055
946
994
1214
994
1043
2768
2067
880
2251
1915
4178
5416
2820
7591
960
3788
2727
995
1020
4198
2438
3221
933
2502
902
1368
4377
948
1857
5474
1411
4037
1593
1384
1036
1812
3346
1093
1875
1631
2252
1499
1344
1479
959
1710
2043
1394
1653
909
1410
1866
1286
1646
875
1315
1291
2208
949
1491
1647
1731
1582
1304
1480
1321
1259
2205
1320
1247
1228
1504
2961
1100
1034
2147
3622
916
808
865
969
5203
987
18446744073708552475
1265
4256
1528
3370
2038
902
5786
2464
2085
612
1533
1370
634
1198
3605
7129
1324
824
1827
681
3273
592
662
1211
3057
1134
587
1038
866
1130
621
1004
1548
1131
2794
1272
569
1087
1912
745
712
1853
1386
2444
661
1470
1061
5031
740
1088
664
805
1209
567
1060
834
1097
1038
757
1020
5203
660
1382
592
1975
635
671
1030
969
592
1144
1716
699
1615
588
1294
680
4528
2308
1743
1704
2057
1170
1731
891
5666
1027
3796
846
1251
577
1431
4852
578
2931
701
2465
1042
3164
4040
1933
1351
957
1155
632
2241
594
1174
639
1321
4883
665
993
670
1062
1146
1015
716
1342
1025
1760
676
571
4308
628
1243
711
1086
569
1023
928
624
1033
1100
2294
1292
620
1097
1044
577
3102
1957
679
1139
1853
3318
1073
605
982
646
1011
966
968
1332
1180
1036
1358
3474
4733
1040
1030
2050
982
2192
1919
7409
1977
7200
4417
2380
5931
1421
4198
1864
619
1667
671
1472
3273
2272
2603
3818
1043
4563
4211
889
1221
2337
1775
3139
2173
1274
2837
12422
5137
12179
603
13853
1022
2452
576
640
620
605
706
1679
659
693
640
2284
813
729
602
756
3915
867
930
763
625
882
1376
592
628
611
1156
637
3633
634
572
581
582
592
598
571
618
579
570
1712
735
611
782
2279
606
703
586
814
1473
579
795
16602
711
1805
1386
761
1225
894
1876
5261
2197
1475
2007
1980
646
1258
724
1106
1109
1487
633
1726
2103
775
1235
649
2576
595
788
1099
1941
680
1008
1202
1759
2703
758
991
643
1194
2919
600
1171
974
605
2130
1039
2462
2886
2839
1377
3908
804
2092
696
1709
673
585
2153
2206
1275
597
5055
1404
679
1383
739
1362
570
1859
655
1239
799
5931
642
602
658
674
4647
633
657
585
720
592
618
593
629
2800
643
643
596
4560
1508
5116
609
971
1620
3975
2378
2443
671
688
615
3496
2348
614
1838
1311
1450
2150
1681
635
910
4435
1428
809
1310
647
1085
658
2301
639
2612
2322
1925
582
1076
951
842
5853
665
1078
791
1027
1043
656
1710
799
894
1403
4638
660
1857
1326
603
590
3247
863
1152
919
1161
617
3146
883
1379
583
1567
1121
2626
1081
670
1067
1080
4733
863
1100
621
1148
3469
982
818
663
790
3061
1097
642
636
1633
597
621
4425
737
2825
5802
1541
2025
1279
4688
3241
1342
656
3896
612
610
3885
723
2074
1562
1048
1729
1377
977
629
5787
1186
604
1456
588
597
1023
2011
727
825
1099
4882
1724
636
623
1121
953
681
1026
1021
955
593
1026
979
4517
617
1025
1008
1057
990
820
1093
1795
630
1038
895
5331
599
1188
573
999
936
589
961
1589
751
1549
572
4800
1262
592
597
1081
673
1021
1006
1012
1110
1093
1001
1669
1174
3076
1434
626
1488
589
4596
2467
286
832
288
282
295
2086
415
481
285
361
463
368
4631
302
326
292
3362
1391
295
360
290
2513
803
397
4538
1684
2677
315
292
1940
356
214
198
196
207
199
197
968
300
591
2331
678
202
202
335
1072
193
190
192
240
192
189
267
4981
621
7734
221
188
169
244
169
703
127
127
122
140
136
123
4304
209
122
204
222
124
137
132
119
121
118
137
142
184
119
118
118
137
119
125
202
176
124
123
122
189
137
123
124
623
120
119
185
120
118
123
803
548
123
173
169
178
123
189
126
174
263
134
528
201
119
134
123
123
121
142
133
122
124
121
125
121
122
123
125
121
131
121
122
168
118
117
117
118
200
117
119
117
118
188
223
174
118
120
117
117
191
196
164
159
119
119
120
119
155
684
131
118
118
134
118
135
118
118
117
160
118
117
117
120
228
151
260
294
278
295
233
121
117
121
258
160
122
123
121
122
122
154
122
145
122
170
133
146
137
126
125
234
144
122
122
120
125
137
132
177
148
313
140
133
149
137
122
124
125
224
125
122
122
170
125
136
122
122
139
122
121
125
121
375
119
117
129
154
152
162
119
131
119
202
153
117
118
119
153
118
118
117
118
117
119
118
118
118
183
118
117
144
118
137
118
168
117
237
140
135
233
169
137
122
122
121
121
120
167
269
198
1002
145
132
132
123
122
125
127
122
138
152
123
133
123
122
123
218
188
194
132
123
123
122
123
122
123
127
138
126
119
118
118
119
177
119
118
118
211
118
147
119
119
119
133
118
164
119
200
118
118
119
119
123
120
176
118
162
141
173
138
174
128
138
203
193
121
202
119
135
137
226
295
296
232
126
140
129
122
121
123
131
120
167
122
124
124
127
125
125
125
124
383
167
127
175
123
118
118
118
118
118
118
173
118
227
154
118
118
227
201
207
204
132
118
119
326
510
131
117
118
117
117
194
117
118
118
117
223
117
119
119
118
119
118
118
118
222
118
118
117
117
250
118
117
118
164
117
152
207
215
577
123
121
122
139
204
123
145
245
263
494
148
118
117
127
122
121
121
131
122
121
123
121
195
122
122
122
132
124
210
200
572
123
122
123
122
168
122
146
136
137
121
163
121
121
195
120
122
121
122
123
121
122
121
121
122
131
120
132
118
117
197
133
223
551
119
119
118
118
118
162
119
183
133
208
188
120
118
123
326
118
119
118
119
119
120
121
133
203
118
119
117
117
168
118
120
271
626
204
118
118
118
121
151
134
118
118
237
117
118
118
117
121
117
118
118
202
154
191
121
156
127
135
139
136
122
122
122
175
904
171
118
118
118
139
118
119
188
184
166
183
132
125
125
127
122
131
126
121
122
121
130
121
121
122
121
240
122
122
122
221
232
689
158
121
120
122
122
121
121
121
123
121
121
121
132
121
121
125
122
145
118
117
120
117
225
118
119
117
127
118
118
118
117
165
208
191
127
154
117
121
153
161
231
209
117
118
119
180
117
239
126
118
117
117
117
125
118
117
117
117
118
118
118
117
117
118
118
193
203
124
118
118
132
117
167
118
198
118
117
217
139
121
140
140
177
122
121
121
122
166
277
240
262
304
205
118
118
286
630
123
134
121
121
167
121
161
121
121
202
173
121
121
121
121
197
162
199
121
131
121
121
120
120
122
127
178
188
137
121
121
141
123
131
133
120
121
121
127
165
121
122
121
131
127
118
157
118
118
118
118
141
117
116
117
117
117
118
127
118
117
118
117
237
166
153
117
240
567
118
117
118
117
202
132
120
118
118
162
118
117
119
118
127
118
118
120
118
118
205
163
119
119
118
119
118
118
119
118
118
118
130
157
241
790
160
121
157
196
155
195
122
173
122
121
122
241
259
336
178
131
117
164
117
118
132
121
130
121
153
136
157
129
121
167
122
122
124
151
121
121
121
163
164
121
121
121
130
120
121
153
122
170
123
153
122
134
164
122
121
121
134
122
123
121
124
284
628
118
118
118
117
194
117
118
120
119
119
118
119
118
118
117
117
147
117
127
117
117
136
121
151
153
118
263
211
119
118
119
138
203
534
119
118
117
118
120
118
117
119
118
119
118
158
117
126
117
118
120
117
186
135
118
117
117
119
117
117
141
223
166
153
314
195
138
132
154
124
166
135
122
216
259
294
218
117
137
118
207
118
122
121
131
122
122
122
121
146
135
122
120
121
130
121
134
196
584
122
149
122
121
168
179
179
123
167
121
131
121
146
121
121
125
122
121
121
121
122
120
122
121
130
122
122
121
141
254
179
117
117
142
118
119
118
118
127
117
157
118
117
164
117
117
118
188
155
155
118
133
154
119
155
117
118
116
117
117
145
149
117
117
118
126
117
117
117
117
198
118
117
120
173
117
117
117
116
132
117
118
117
117
226
118
117
117
118
121
118
140
119
182
153
208
118
172
121
188
208
118
117
117
196
137
242
17657
129
132
1895
122
123
123
122
126
127
124
125
139
202
147
131
171
119
129
158
123
197
196
133
190
126
121
156
120
129
125
124
165
213
118
139
118
118
117
119
129
118
119
124
159
175
118
118
120
118
151
124
118
125
231
187
220
295
308
229
122
118
118
188
119
118
118
119
193
261
141
198
122
148
132
163
117
119
135
118
220
132
118
125
118
133
119
118
118
118
124
119
179
133
118
219
133
183
149
135
119
118
119
117
118
118
153
118
131
118
129
119
119
118
160
119
118
119
119
118
235
119
118
153
196
203
253
1022
133
117
118
225
128
121
117
118
117
119
133
118
119
118
205
241
163
185
202
162
235
192
224
186
194
2492
136
212
118
117
142
118
117
118
117
118
118
118
118
118
119
117
117
120
255
1400
117
120
117
118
117
119
118
208
3870
315
285
181
135
117
118
118
197
117
118
119
118
118
117
143
117
117
118
117
117
117
118
118
118
125
272
119
218
182
118
118
118
117
199
118
117
118
117
152
170
226
155
153
126
118
118
219
117
138
117
121
139
160
259
127
121
151
121
120
120
162
118
118
119
118
208
153
286
146
135
127
208
252
173
299
130
119
119
127
176
133
119
132
137
120
119
154
123
141
200
199
123
204
194
118
140
118
119
118
206
128
121
131
122
121
121
122
124
123
123
169
183
145
161
158
219
137
121
123
123
135
121
131
118
119
118
128
117
118
118
119
127
118
117
118
118
162
134
118
136
118
200
274
396
299
220
118
118
118
119
119
120
225
182
151
126
214
123
120
117
128
124
152
154
118
151
127
119
135
133
118
166
120
135
118
165
118
118
117
143
118
118
266
188
189
134
211
125
118
136
118
123
227
196
158
123
119
137
208
121
120
286
141
122
122
122
167
121
121
123
122
167
121
131
122
139
140
125
121
121
122
3680
123
122
199
122
122
122
170
122
122
122
124
131
194
123
175
123
121
123
121
157
122
121
121
118
119
118
132
117
118
120
118
117
119
200
118
117
118
122
204
189
118
120
129
118
118
118
118
126
118
120
139
258
130
124
124
154
263
174
152
125
192
224
231
135
136
172
121
122
122
126
122
123
124
122
122
123
123
122
130
128
121
122
122
174
154
160
263
123
122
123
122
140
118
117
117
167
131
118
117
127
121
121
122
209
149
118
138
201
128
118
118
117
213
118
117
119
117
127
118
118
117
117
127
118
118
119
118
142
118
157
119
118
136
251
146
129
154
208
297
367
257
192
118
117
118
118
167
118
134
120
118
153
118
119
147
211
118
117
153
118
276
272
649
166
119
118
118
205
121
130
128
203
137
124
186
139
174
121
196
118
119