18446744073709332682
1525
1082
1116
1717
1469
1395
2961
5706
5610
1117
3583
1209
1996
1102
1072
1199
3191
1174
1070
1104
2584
1224
1844
4021
1116
1111
1392
3145
3215
1132
1325
1110
4823
3036
2132
2396
5170
1157
1116
1116
4927
1125
1464
1689
1178
3101
1205
12330
2637
6969
1146
2063
2370
4223
1591
1610
1943
2555
3247
2078
1854
4720
1522
1594
1905
1511
4485
1099
1140
1216
1438
1589
4563
3459
2647
1556
1289
1112
1115
1167
1266
1344
1321
1365
1502
1249
1210
1357
1252
1093
1113
1252
1171
1263
1163
1497
1409
1880
1797
1130
1127
1195
1230
11629
3579
2662
1198
1305
1223
1795
1517
1472
1126
1105
1197
1472
1184
1163
1205
1216
1106
1201
1179
1293
3342
1372
1704
1168
1778
1413
1317
1924
1124
1105
1250
1714
1358
1297
1328
1126
1222
1180
1343
1279
1579
1156
1117
1110
1523
1197
1294
1387
1514
1972
1253
1204
1178
1111
1271
1337
1427
1146
1161
1170
1107
1189
1292
1341
1220
1193
1071
1114
1140
1133
1608
1627
1148
1743
1230
1076
1090
1122
1215
1227
1278
1129
1200
1532
1075
1110
1245
1410
1248
1091
1140
1207
1072
1201
1151
1452
1415
11536
3089
1111
4145
2414
1666
1932
1753
1944
2602
1680
1925
1801
1821
1421
1106
1129
1152
1161
1192
1246
1328
1448
1466
1274
1104
1134
1175
1364
1215
1730
1346
1318
1107
1100
1270
1296
1405
1137
1131
1232
1105
1150
1156
1258
1183
1135
1104
1126
1462
1122
1185
1457
1343
1370
1889
1153
1199
1140
1134
1185
1309
1189
1119
1161
1148
1065
1122
1342
1430
1064
1182
1102
11239
2525
2781
2871
1302
1195
1671
1233
1361
1160
2578
1362
1078
1109
1503
1534
1561
2079
1161
1128
1132
1202
1234
1193
1161
1100
1136
1122
1071
1417
1251
1515
1069
1160
1110
1106
1157
1211
1437
1281
1347
1747
1378
1126
1155
1214
1237
1446
1340
1234
1070
1067
1151
1157
1226
1262
1457
1157
1119
1203
1071
1105
1389
1260
1343
1857
1231
1100
1154
1363
1303
1165
1105
1096
1127
1294
1103
1134
1151
1470
1099
1063
1099
1334
1207
1115
1215
1312
2219
15429
4702
2947
3851
3451
1248
4804
1641
2100
1607
3179
1172
1271
3568
1153
1158
1092
3813
1939
1169
1264
1239
4319
3272
1869
1133
1412
1261
1261
1269
1128
1124
1155
1069
1101
1365
1276
1401
1738
1321
1431
1161
1211
1250
1211
1212
1070
1534
1208
1157
1275
1193
1295
1271
1195
1318
1094
1093
1312
1463
1283
18677
3277
1803
1683
3492
3664
3195
2105
3585
2294
1175
1603
1762
2231
1994
1979
1292
1458
1274
1195
2162
1156
1156
1098
1408
1285
1399
1297
1161
1202
1392
1243
1132
1345
1196
1242
1072
1104
1272
1109
1103
1129
1542
1383
1949
1126
1150
1146
1147
1155
1174
1338
1108
1069
1173
1173
1344
18446744073708553073
1457
1180
1203
1113
1154
1200
1164
1193
1415
1281
2499
1442
1140
1104
1148
1352
1184
1155
1123
1216
1190
1148
1139
1312
1398
1228
1143
1206
11719
2340
4369
2352
1751
2067
1893
1683
1615
1263
1323
1247
1434
1082
2074
1150
1149
1173
1163
1165
1395
1453
1205
1124
1122
1067
1154
1226
1241
1066
1256
1141
1192
1287
1225
1414
1420
1278
1837
1179
1106
1202
1097
1174
1185
1190
1150
1065
1268
1110
1174
1218
1220
1289
1068
1207
1096
1225
1104
1198
1380
1392
2248
1202
1213
1113
1103
1102
1181
1617
1118
1147
1113
1105
1121
1443
1348
1488
1149
1167
1144
1348
1151
1190
10461
2250
3779
2063
2626
3442
1117
1805
1596
2136
2106
1961
1334
1322
1241
1322
1207
1382
1108
1155
1140
1078
1149
1399
1228
1222
1131
1074
1294
1245
1177
1084
1456
1322
1911
1256
1151
1090
1274
1406
1274
1472
1116
1075
1228
1151
1258
1107
1351
1292
1123
1141
1074
1156
1205
1447
1565
1420
1930
1135
1234
1241
1127
1228
1466
1151
1153
1226
1221
1174
1208
1184
1213
1182
1078
1205
1202
1196
1171
1161
1389
1316
10255
3436
2682
3758
2449
1503
1617
1502
1349
1233
1919
1433
1206
1106
1106
1272
1396
1192
1230
1170
1123
1122
1148
1243
1245
1354
1091
1134
1187
1208
1203
1239
1329
1293
1986
1191
1174
1244
1257
1112
1363
1187
1152
1837
1105
1263
1275
1231
1366
1068
1321
1340
1077
1154
1210
1265
1180
2083
10531
1158
1160
1122
1175
1165
1279
1228
1084
3498
1915
1757
13403
4443
1918
2401
5418
1884
3421
1581
1642
2854
6053
4334
2336
1740
1855
1728
2143
2122
3313
1938
2600
2273
1811
1797
1592
1689
2003
1651
1149
1411
1197
1155
1097
1404
1189
1867
1336
1219
1130
1241
1337
1359
1282
1071
1282
1153
1159
1100
1159
1193
1195
1086
1072
1246
1292
1126
1073
1251
1528
1328
1954
9845
2363
3520
2641
1616
2063
1115
1460
1392
1212
1651
1610
1147
1155
1136
1185
1355
1265
1098
1217
1294
1206
1377
1136
1164
1245
1076
1065
1083
1159
1066
1084
1339
1813
4268
1146
1239
1187
1140
1113
1335
1124
1124
1103
1070
1321
1287
1593
1177
1234
1148
1220
1101
1250
1267
1231
1773
1442
1375
1071
1127
1215
1392
1433
1122
1179
1141
1180
1258
1161
1300
1457
1124
1210
1114
1143
1153
1136
1412
1312
1829
1373
1135
1109
1460
1198
1206
1249
1122
1098
1168
1298
1172
1511
1375
1266
1334
1274
1166
1132
1132
1189
1154
1184
1238
1103
1204
1126
1838
1236
1438
1570
1240
1379
10313
3194
2524
3686
1861
2717
2063
1546
1742
1449
2042
1800
1466
2008
1746
1630
1730
1538
2787
1912
1177
1076
1160
1280
1445
1072
1130
1194
1109
1162
1260
1402
1365
1133
1161
1071
1103
1104
1134
1137
1352
1334
1574
1901
1183
1098
1170
1075
1139
1303
1074
1070
1082
1151
1077
1154
1371
1445
1258
1183
1183
1179
1188
1338
1334
1264
1975
1282
1116
1105
7481
4761
3510
2720
2744
1265
1498
1212
2000
1119
1119
1096
1216
1186
1385
1321
1147
1090
2791
1270
1621
1608
1381
1506
1459
1521
1786
1572
2431
1196
1111
1079
1125
1192
1815
1169
1090
1313
1167
1225
1192
1253
1222
1164
1113
1158
1321
1101
1073
1158
1574
1290
2010
1273
1160
1213
1164
1175
1262
1252
1070
1078
1086
1091
1249
1153
1395
11954
1930
1792
1242
1165
1205
1361
1113
1130
1301
1154
1290
1201
1208
1211
1331
1127
1123
1190
1210
8170
3162
2665
3449
1976
2687
3443
2800
3160
1178
1906
2061
1963
6638
2503
1655
1576
2581
2847
1555
18446744073708556780
2303
2442
1730
1801
1646
2070
2876
1999
2538
1212
3319
1163
1213
1171
4934
3723
1671
1243
1341
1287
1206
1092
1071
1104
1342
1390
1359
1189
1155
1101
1067
1142
12929
2772
3781
1643
1116
1232
1920
1240
1347
1342
1283
1217
1143
1400
1222
2027
1188
1171
1138
1231
1111
1378
1144
1100
1140
1099
1100
1207
1143
1142
1144
2589
1374
1166
1146
1278
1357
1270
2001
1259
1162
1130
1269
1196
1202
1246
1154
1122
1197
1146
1107
1131
1332
1357
1218
1189
1106
1072
1109
1346
1444
1189
1763
1684
1240
1105
1147
1181
1532
1242
1271
1461
1305
1273
1221
1148
1159
1113
1158
1113
1107
1141
1127
1150
1480
1600
2117
1168
1142
1112
1228
1269
1320
1208
1105
1106
1169
1073
1486
1221
1450
1216
1135
1168
1072
1116
1388
1073
1431
1180
10109
4948
1230
2450
2822
2621
2001
1823
1630
2508
1875
1721
1889
1744
1671
1736
1687
1749
1445
1829
1856
2051
1636
1857
1904
2691
1194
1562
1872
1920
2055
1473
1877
1356
1309
1208
1268
1158
1086
1221
1086
1111
1290
1328
1465
1293
2056
1274
1070
1082
1141
1148
1263
1268
1169
1324
1254
1128
1155
1183
1321
1330
1084
1141
1237
1070
1095
8813
3227
4028
2932
2529
2668
1091
1080
1078
1112
1073
1121
1415
1324
1389
2333
1113
1125
1178
1246
1240
1210
1114
1207
1289
1459
1188
1148
1338
1274
1132
1155
1106
1072
2777
1440
1324
1811
1165
1249
1094
1356
1220
1401
1062
1215
1140
1139
1162
1418
1228
1196
1227
1113
1336
1266
1118
1184
1144
1556
1247
1997
1145
1159
1163
1506
1329
1628
1558
1263
1442
1286
1226
1768
1143
1100
1198
1106
1235
1212
1365
1338
1274
1264
1133
1201
1132
1313
1228
1615
1205
1142
1316
1387
1161
1254
1182
1347
1253
1173
1150
1132
1119
1068
1131
1373
1470
1444
1631
1094
1130
1152
8822
1923
4939
1085
2259
3956
2553
1418
1634
1480
2038
1807
1856
1716
1462
1157
1280
1389
1279
1223
1230
1100
1121
1096
1134
1556
1363
1832
1397
1120
1319
1311
1335
1299
1129
1183
1831
1159
1158
1218
1507
1185
1153
1367
1329
1162
1286
1332
1237
1327
1824
1196
1203
1566
5982
4405
1301
1274
1144
1079
1121
1716
2273
1482
13836
4336
1505
2561
1355
4585
1749
1506
4290
1130
1074
1219
1194
1449
4776
3940
1573
1108
1187
1267
1115
1160
1193
1522
1529
1875
1922
1170
1202
1112
1112
1188
1141
1147
1153
1150
1198
1125
1298
1473
1136
1378
1335
1119
1258
1172
1369
1196
1908
1203
1173
1112
1273
1161
1230
1376
1151
1156
1199
1074
1293
1170
1328
1188
1118
1120
1399
1197
1229
1187
1572
1251
1962
1275
1122
1076
1223
10873
2532
3313
2731
2341
2087
2179
2232
1148
1136
1220
1331
1105
1150
1248
1115
1122
1158
1142
1159
1164
1204
1107
1131
1206
1250
1238
1368
1347
2011
1251
1122
1128
1188
1106
1277
1115
1122
1114
1160
1102
1254
1163
1474
1350
1107
1234
1175
1068
1085
1137
1547
1145
1141
1294
1570
1162
1152
1166
1204
1414
1170
1168
1152
1155
1091
1133
1236
1249
1392
1114
1110
1173
1198
1155
1291
1374
1268
1687
1181
1247
1121
12562
1222
1942
3617
1362
1765
1918
1614
3034
1397
1177
1250
1486
1225
1134
1152
1144
1106
1181
1186
1340
1115
1228
1105
1171
5182
1143
5814
1665
1481
1989
1233
1262
1251
1153
1172
1406
1316
1195
1147
1124
1181
1071
1149
1362
1419
1744
1721
1184
1109
1106
1147
1247
1497
1165
1154
1136
1070
1298
1243
1365
1238
1120
1075
1158
1235
1364
1172
1614
1138
2032
1446
10545
4316
1963
1993
2017
1686
2274
1194
2888
1161
2149
18446744073708553169
1380
1255
1110
1171
1121
1160
1149
1131
1333
1230
1147
1067
1457
1211
1194
1608
1448
1526
1159
1816
1113
1157
1164
1225
1275
1375
1177
1102
1191
1189
1123
1139
1248
1340
1068
1133
1072
1113
1070
1389
1433
1312
1383
1732
1345
1212
1136
1196
1154
1386
1229
1353
1245
1171
1450
1380
1241
1171
1279
1122
1127
1096
1108
1143
1706
1323
11425
2829
3903
3020
2254
1800
1672
1623
2132
1629
1276
2004
1893
2097
1692
1435
1181
1213
1201
1177
1472
1214
1125
1173
1250
1210
1159
1153
1627
1163
2019
1201
1190
1291
1185
1295
1252
1146
1106
1832
1167
1241
1222
1373
1250
1070
1375
1218
1210
1222
1296
1479
1124
1838
1107
1167
1296
1664
5981
3788
1414
1296
1213
2883
1078
1467
1159
5525
1117
10170
4437
2704
1173
3313
4717
2751
1920
1959
2101
3148
1598
1765
4186
3147
2974
1180
1607
1293
2334
1463
1111
1223
1212
1178
1172
1121
1102
1190
1148
1106
1125
1452
1714
1146
1416
1120
1108
1168
1165
1495
1607
1801
1505
1159
1253
1169
1342
1306
1302
1164
1132
1105
1119
1306
1188
1287
1134
1194
1330
1182
1410
1153
1403
1344
1920
1206
1163
1167
11210
2700
1287
2269
1092
1213
2956
1324
1736
1553
1125
1142
1147
1141
1120
1385
1143
1128
1270
1144
1324
1300
1599
1133
1109
1137
1319
1446
1152
1327
1469
1296
1678
1578
1108
1087
1131
1298
1247
1362
1153
1247
1120
1211
1247
1357
1540
1072
1168
1176
1202
1174
1190
1180
1377
1244
2016
1263
1178
1106
1139
1177
1290
1157
1130
1184
1122
1152
1352
1241
1429
1676
1311
1217
1114
1723
1212
1472
1405
1999
1350
1187
8674
1154
1245
5234
4008
3469
4189
1177
3092
3622
1731
1499
1816
2128
1922
2602
1316
2321
1938
1762
2588
1616
1884
1749
1866
2006
2025
2000
1911
1849
1144
1545
1144
1104
1114
1226
1442
1253
1516
1509
1178
1133
1119
1178
1214
1365
1161
1252
1121
1155
1444
1213
1250
1260
1310
1251
1111
1205
1236
1311
1378
1392
1420
1667
1215
1139
1147
1265
1264
1184
1109
1112
9847
3165
2702
4037
1567
2213
1169
1398
1475
1075
1080
1209
1109
1109
1145
1170
1282
1115
1163
1347
1308
1246
1262
1427
2975
1955
1164
1131
1116
1179
1302
1324
1117
1108
1224
1178
1131
1145
1332
1409
1074
1136
1133
1177
1333
1159
1619
1330
1116
1213
2019
1115
1135
1176
1314
1210
1291
1320
1217
1121
1166
1150
1235
1108
1188
1103
1111
1146
1125
1136
1320
1487
1521
1570
1158
1143
1139
1262
1228
1334
1140
1184
1153
1223
1280
1185
1413
1392
1156
1192
1075
1105
1086
1180
1451
1208
1531
1900
1166
1165
1140
1134
1358
1308
1156
12613
1126
2164
4672
1921
1579
2250
1390
2159
1691
1499
2078
1727
1884
1571
1734
1204
1145
1243
1202
1532
1520
1686
1142
1244
1157
1789
5869
2894
1180
1357
5175
1444
1190
1712
1256
2037
3823
1141
1103
1338
1146
3598
1284
1196
1214
1516
1839
5030
3120
2540
1138
1282
1135
1384
1242
1439
10326
2572
2660
3429
1247
4212
1454
1816
1144
1537
1279
1275
1261
1107
1103
1193
1384
1308
1118
1192
1180
1076
1153
1212
1342
1223
2159
1137
1126
1397
1185
1222
5306
7384
1800
1945
1279
1270
1364
1310
1544
1691
1155
1179
1239
1224
1360
1236
1108
1100
1115
1236
1117
1123
1183
1480
1106
1141
1161
1110
1421
1187
1581
1209
1872
1389
1135
1256
1270
1234
1475
1232
1270
1253
1190
11048
4406
2822
2537
1684
1905
1588
1586
1794
1842
1451
18446744073708553573
1258
1148
1211
1142
1107
1275
1168
1228
1166
2065
1294
1129
1130
1127
1363
1402
1275
1174
1145
1134
1103
1229
1211
1404
1197
1449
1153
1168
1109
1106
1509
1562
1303
2003
1143
1146
1309
1139
1135
1115
1221
1102
1140
1292
1175
1175
1279
1433
1109
1188
1288
1164
1207
1209
1430
1309
1396
1738
1151
1129
1133
1203
1248
1689
1087
10286
3992
1469
3395
3233
1586
1690
1711
1386
1154
1209
1114
1168
1068
1100
1339
1404
1154
1089
1234
1110
1109
1169
1251
1524
1171
2106
1118
1180
1120
1102
1164
1532
1161
1205
1114
1165
1360
1234
1418
1229
1143
1181
1074
1194
1164
1071
1443
1481
1373
1936
1187
1101
1149
1162
1148
1319
1132
1100
1120
1121
1090
1139
1219
1498
1314
1222
1096
1132
1208
1242
1340
1229
1383
1826
1159
1216
1306
1151
1168
1372
1096
12632
1981
1679
3691
2315
1633
1553
2160
1816
1584
1756
1704
1526
1806
1558
1118
1139
1132
1073
1380
1189
1714
1550
1744
1623
1159
1160
1126
1274
1360
1255
1383
1106
1125
1194
1110
1203
1223
1108
1263
1086
1051
1150
1123
1345
1510
1209
2131
1181
1127
1265
1118
1269
1397
1081
1199
1086
1102
1377
1094
1333
1358
1126
1154
1308
1096
1083
1150
1323
1237
1313
1954
1224
1173
1111
1105
1154
11265
1132
3258
2223
1165
1616
3625
1532
1642
1996
1965
1726
1607
1426
1822
1170
1198
1315
1066
1471
1161
1165
1215
1166
1343
1124
2098
1183
1163
1146
1144
1147
2141
7538
1392
1298
1115
2898
1393
1172
1444
5254
1185
1136
1116
1195
1233
1238
3733
1131
1145
1139
1325
3437
1109
1134
1397
5670
3800
1705
1547
1257
1197
11966
1903
2807
5370
1856
1642
1474
1355
1292
1160
1108
1145
1101
1136
1175
1688
1207
1133
1151
1105
1151
1186
1401
1335
1367
1618
1105
1158
1384
1271
1185
1342
1189
1159
1145
1179
1195
1200
1198
1235
1281
1177
1245
1219
1211
1237
1324
1358
1275
1828
1156
1101
1118
1122
1218
1368
1295
1113
1101
1191
1154
1186
1103
1379
1251
1152
1099
1074
1201
1302
1180
1509
1203
2353
1167
1214
1136
1353
1256
1349
12668
2983
2841
1870
2561
1315
1908
1743
1820
1834
1713
1884
1461
1410
1465
1158
1125
1098
1130
1104
1104
1244
1381
1236
2094
1182
1196
1173
1214
1193
1537
1148
1135
1188
1142
1263
1278
1176
1424
1309
1208
1100
1225
1139
1144
1143
1442
1239
2016
1204
1183
1294
1172
1121
1170
1203
1103
1099
1240
1073
1211
1302
1498
1235
1475
1133
1168
1121
1126
1275
1291
1484
1658
1152
1175
1160
10056
3584
2303
2087
1435
3038
2160
2144
1129
1109
1285
1201
1317
1270
1203
1315
1350
1243
1169
1218
1374
1370
1102
1289
1105
1119
1113
1168
1522
1290
1818
1179
1123
1101
1154
1183
1227
1319
1180
1118
1106
1157
1274
1285
1388
1124
1344
1244
1062
1195
1112
1150
1286
1382
1368
1762
1118
1090
1238
1165
1256
1280
1203
1175
1301
1108
1134
1156
1399
1573
1231
1119
1341
1114
1139
1202
1175
1293
1958
1442
1103
1329
1113
1310
8835
4067
3329
2436
2778
3423
2734
1191
2262
1442
1798
1771
1640
1681
1608
1173
1076
1181
1252
1187
1332
1324
1431
1170
2080
1203
1232
1073
1072
1219
1389
1165
1280
1263
1234
1242
1614
1752
1761
1593
1480
1233
1129
1151
1446
1364
2056
1126
1147
1262
1209
1258
1232
1204
1068
1139
1127
1201
1206
1278
11958
1882
1862
2073
1527
1517
1439
1139
1187
1225
7715
5028
2352
4659
2593
4035
3657
2865
2778
2930
2646
1534
2327
2659
1154
1641
1787
2035
3202
9105
2492
2027
18446744073708554617
4648
2293
1687
2324
1823
5134
1897
2633
1910
1215
3675
1441
1259
3976
1151
1153
1265
4478
3307
1763
1488
1268
1100
1070
1240
1144
11059
2400
4108
2079
1672
2265
1809
1255
1275
1107
1204
1084
1133
1437
1182
1918
1249
1179
1379
1315
1331
1543
1118
1128
1189
1137
1068
1129
1180
1253
1128
1085
1318
1273
1292
1111
1213
1395
3234
1597
1117
1118
1127
1146
1363
1228
1112
1156
1136
1165
1147
1253
1296
1404
1107
1215
1163
1362
1145
1256
1456
1141
2039
1195
1160
1264
1258
1224
1501
1182
1260
1147
1235
1111
1155
1207
1225
1136
1130
1152
1153
1288
1156
1178
1470
1240
2085
1172
1204
1172
1183
1106
1185
1249
1112
1102
1188
1332
1122
1435
1514
1069
1065
1158
1103
1104
1252
1155
1337
1373
1716
1440
1151
1128
1222
1181
1363
1262
1133
12497
2705
3423
5937
1235
1168
2204
1100
1916
1476
1709
2011
1955
1763
1317
1097
1138
1308
1358
1267
1915
1163
1153
1321
1201
1685
1426
1128
1199
1286
1185
1121
1228
1189
1371
1109
1068
1063
1110
1367
1161
1594
1334
1684
1206
1144
1101
1125
1087
1228
1345
1212
1398
1169
1216
1136
1233
1415
1311
1077
1079
1204
1136
1103
1124
1420
1260
1471
1472
1158
1244
1153
1189
1273
1381
1115
1148
1146
1190
1493
1101
10730
4378
2530
2320
1929
1948
1648
1972
1831
2108
2470
1302
1904
3636
1804
1546
1643
1172
1328
1108
1203
1844
1894
1184
1166
1104
1177
1188
1238
1750
1222
1157
1167
1152
1111
1762
1435
1363
1818
1122
1636
1139
1212
1346
1139
1166
1099
2385
1280
1139
1174
1435
2380
1255
1604
1381
1627
2010
1904
1301
1117
1141
2146
1582
1246
1357
1231
1292
2511
1237
12330
3043
3860
1429
3294
2695
1885
2713
2039
1743
2183
1674
1919
1585
3455
1701
1670
1708
2363
1194
1153
1146
1176
1276
2151
1487
1140
1116
1183
1242
1821
1701
1221
1985
1152
1896
1368
1147
1212
1256
1114
1678
1296
1163
1962
1337
1573
1918
1264
1204
1089
1217
1470
1848
1999
1136
1276
1118
2295
1514
1611
1121
6239
13772
1890
5469
1445
3078
2938
1351
3334
1165
4594
1307
1345
1877
1929
1148
3534
1316
1128
1146
2372
1264
1200
2552
4727
3662
1362
1658
1432
1116
1227
1168
1285
1361
1210
1107
1152
1132
1134
1113
1222
1782
1950
1440
1169
1105
1108
1313
1417
1279
2197
1139
1309
1509
1394
1274
1261
1167
1145
1074
1342
1381
1169
1259
1204
1270
1567
1351
1074
1103
1208
1477
1245
11587
2528
2145
3818
1542
1579
2347
1621
1997
2839
1143
1179
2134
1596
1967
1857
1816
1729
1714
1467
1173
1118
1102
1075
1143
1166
1142
1465
1458
1627
1563
1169
1152
1242
1193
1112
1273
1153
1116
1116
1423
1284
1253
1272
1473
1350
1163
1157
1199
1117
1312
1361
1209
1877
1083
1115
1139
1147
1253
1294
1353
1131
1149
1135
1344
1174
1192
1571
1179
8426
4747
5672
1969
3238
1087
2681
1559
1084
1374
1179
2488
1203
1389
3608
1905
1186
1168
1119
1731
1156
1703
1184
1135
1066
1257
1072
1940
1128
1114
1069
1201
1358
7852
7500
2183
1307
1117
1143
1229
1458
1867
1259
1177
1187
1164
1196
2235
1633
1753
1168
1163
1392
2343
1223
1150
1359
1269
1740
1277
1206
1177
1169
1101
1870
1226
1139
1369
1458
1365
2701
1686
1159
1185
1181
1879
12794
2068
3575
4121
1900
2302
18446744073708553352
1494
2437
2012
1591
1756
2157
1391
1080
1165
1109
1101
1788
1628
1241
1970
1186
1099
1114
1841
1452
1302
1072
1204
1179
1233
1178
1141
1274
1777
1599
1174
1315
1229
1233
1461
1327
1732
1361
1143
1181
1245
1189
1378
1365
1434
1248
1252
1150
1198
1197
1375
1135
1068
1062
1116
1193
1138
1150
1721
1554
1736
1261
1146
1207
1135
1101
1117
1196
1159
10917
1767
4691
2883
1152
1140
1765
1537
1872
1902
1768
1587
1959
2257
1763
1627
1566
1675
1374
2609
2394
1275
2380
1465
1546
1260
1146
1326
1102
1145
1121
1154
2219
1143
1280
1323
1198
1206
1123
1174
1517
1160
1997
1119
1204
1122
1187
1478
1463
1297
1673
5386
2882
1143
1111
5612
1208
2076
1133
1105
1147
1142
3286
1352
1173
1392
9852
3090
5893
2313
3187
2737
1224
1157
1841
5066
3781
2242
1441
1353
1461
1704
1208
1152
1157
1188
1101
1193
1179
1164
1110
1343
1080
1252
1431
1793
1565
1121
1127
1176
1370
1218
1495
1215
1697
1143
1313
1330
1128
1361
1452
1099
1168
1206
1138
1103
1144
1163
1257
1183
1292
1241
1213
1148
1154
1284
1411
1350
1906
1217
1119
1100
1251
1572
1350
1136
1066
1108
1129
1103
1149
1286
1516
1156
1169
1198
1241
1348
1219
1230
1404
9168
2032
4341
2000
2589
3619
1598
1643
2424
2035
2351
1713
1414
1174
1174
1148
1174
1103
1128
1445
1089
1161
1978
1646
1195
1223
1161
1140
1150
1412
1309
1252
1416
1118
1123
1138
1139
1231
1159
1350
1113
1113
1219
1071
1108
1214
1449
1198
1435
1096
1184
1548
1323
1212
1544
1414
2104
1413
1359
1282
1407
1253
1244
1142
1099
1170
1140
1397
1177
1520
1262
1272
1278
1168
1243
1140
1269
1346
1170
1276
1144
1166
10448
3745
1958
3975
1838
2232
1745
2746
1645
1634
1559
1869
1756
1774
1416
1797
1759
2044
1568
1747
1767
1512
1959
1166
1844
1132
1298
1143
1102
1139
1137
1550
1099
1146
1391
1417
1173
1225
1286
1195
1100
1059
1144
1104
1233
1130
1346
1479
1170
1224
1886
1130
1191
1284
1233
1274
1236
1128
1146
1204
1065
1108
1548
1548
1184
1379
1119
1188
1178
1221
1390
1152
1815
10332
3343
2477
2487
1384
1086
1302
1285
1110
1791
1174
1679
1605
1175
1131
1149
1340
2854
1103
1097
1228
1103
1118
1182
1254
1327
1097
1081
1207
1344
1162
1265
1502
1207
1752
1364
1158
1140
1217
1265
1260
1404
1587
1527
1148
1173
1170
1219
1196
1238
1155
1105
1109
1092
1104
1348
1434
1198
2132
1220
1164
1121
1224
1232
1162
1146
1103
1114
1308
1157
1162
1311
1429
1110
1065
1153
1156
1102
1214
1174
1468
1228
2129
1350
1183
1192
1133
1183
1426
1115
1128
1120
1129
1125
1171
1394
1375
11002
3050
1425
1142
3541
3006
1856
1828
2494
1319
1872
1663
1781
1663
1952
1912
2312
1446
1110
1146
1380
1493
1116
1122
1664
6846
1129
1077
2100
1091
4688
1778
1139
1101
1116
5775
1349
1410
1127
1109
1343
1478
1147
1810
1115
3347
1357
1212
3635
3521
2462
1469
1125
10850
3844
2255
1893
3178
1202
1173
1830
1150
1287
1184
1107
1394
2442
1264
1281
1313
1269
1138
1247
1061
1181
1226
1281
1185
1994
1213
1350
1127
1103
1298
1335
1230
1059
11180
1785
1879
1192
1534
1259
1893
1192
1101
1123
1132
1482
1261
1362
1173
1106
1147
1104
1129
1314
1356
1131
1200
1130
1247
1161
1170
1398
1191
1450
1683
1130
1155
1198
1257
1179
1329
1446
1138
1226
1144
1183
1221
1386
1286
1145
1158
1179
1287
10147
3416
1830
4268
2241
18446744073708553519
2549
1575
1665
1532
1697
2009
2792
1226
1908
1615
1454
1408
1131
1132
1147
1852
1162
1343
1339
1380
1234
1280
1190
1201
1169
1236
1619
1181
1904
1323
1331
1102
1170
1240
1291
1137
1080
1291
1146
1109
1107
1156
1290
1484
1205
2160
1134
1167
1230
1443
1346
2008
1122
1176
1109
1101
1469
1444
1179
1159
1156
1151
1289
1145
1214
1367
1179
1075
1102
1416
1336
11070
3075
3746
1214
1118
1506
2744
1494
1267
1163
1073
1343
1360
1348
1196
2000
1229
1164
1111
1102
1152
1362
1107
1101
1150
1342
1245
1260
1238
1221
1229
1115
1158
1169
1156
1170
1174
1411
1260
1629
1249
1161
1146
1292
1189
1252
1279
1169
1155
1218
1195
1196
1275
1311
1634
1085
1332
1111
1423
1156
1220
1368
1152
1944
1139
1462
1206
1146
1383
1523
1116
1109
1109
1141
1085
1335
1305
1210
1449
1133
1203
1302
1110
1229
1367
7458
4013
1866
3510
2876
2288
2777
2289
1941
2088
2037
2410
1606
1159
1193
1314
1326
1153
1224
1135
1140
1194
1176
1278
1186
1101
1220
1069
1151
1178
1318
1386
1517
1712
1569
1199
1220
1156
1125
1209
1255
1141
1097
1309
1297
1155
1204
1362
1093
1102
1173
1143
1103
1069
1231
1284
1206
1780
1758
1195
1104
1100
1298
1358
1184
1097
1184
1235
1063
1115
1427
1207
1264
1098
1105
1142
1212
1145
1105
1361
1344
1372
1820
1395
1187
10213
4285
2041
4011
1206
2260
2146
2045
1553
1680
1658
1329
1112
1124
1440
5974
5017
1141
1302
1241
1535
1239
5698
1206
1305
1198
1339
1129
1128
4343
1364
1153
1071
1139
1116
1139
2825
1374
5711
2605
2719
1561
1169
1892
1192
1395
1564
1208
1208
1146
1117
1340
1221
1217
1468
1166
2112
1267
1150
10504
4189
2009
2268
2243
2621
1817
1938
1337
1208
1197
1208
1223
1332
1126
1284
1121
1099
1064
1179
1179
1217
1286
1154
1162
1119
1096
1106
1153
1696
1128
1877
1112
1115
1109
1166
1488
1313
1235
1177
1116
1167
1230
1190
1324
1429
1188
1118
1086
1375
1075
1175
1254
1455
1071
2011
1125
1189
1128
1218
1250
1364
1511
1195
1340
1087
1102
1184
1106
1304
1266
1089
1098
1118
1140
1068
1292
1452
1309
1987
1215
11498
1139
3899
2121
2897
1424
2424
2206
1742
1218
1180
1114
1173
1448
1304
1105
1208
1188
1153
1211
1327
1550
1143
1260
1066
1067
1168
1192
1129
1313
1552
1449
1659
1299
1213
1207
1281
1228
1313
1128
1102
1194
1095
1104
1164
1222
1308
1380
1204
1243
1068
1201
1165
1425
1187
1809
1165
1171
1155
1103
1414
1296
1367
1109
1298
1120
1152
1142
1181
1592
1252
1087
1070
1238
1236
1102
1134
1509
1267
1334
1514
11321
2376
1270
3710
2548
2007
2295
1662
2419
1818
1508
1075
1230
1304
1300
1125
1164
1435
1125
1253
1316
1214
1186
1096
1065
1109
1133
1107
1134
1370
1611
2133
1165
1160
1106
1177
1130
1218
1257
1103
1065
1103
1149
1246
1462
1514
1385
1129
1097
1150
1344
1160
1214
1704
1466
1799
1371
1151
1147
1135
1332
1163
1147
1173
1116
1251
1112
1201
1235
1301
1379
1192
1296
1205
1108
1066
1531
1355
1572
1513
1097
1072
10656
3889
1667
3644
1229
1828
1853
2547
1850
1644
1860
1753
2263
1619
1748
1522
1296
1315
1137
1163
1170
1095
1225
1162
1418
1511
1231
1876
1088
1113
1107
1276
1254
1522
1465
1225
1390
1219
1316
1246
1440
1415
1132
1189
6861
3867
2113
1543
1434
1346
1234
1319
1221
1206
1119
1383
1287
1266
1243
1108
1115
1146
1243
1175
1389
1350
1079
1315
2167
9883
3296
3614
3798
3434
1623
2921
2061
1132
2880
1310
1941
1684
1770
6640
3598
18446744073708553297
1801
4605
1539
1849
1665
2125
5095
1458
1859
1864
1676
1743
3389
2009
6298
1502
1594
3410
1494
1131
2130
4250
2782
1195
1219
1536
1207
2553
1240
1104
1269
1158
6951
4127
4584
2523
2686
2808
1564
1453
1293
1195
1153
1376
1159
1184
1145
1199
1220
1134
1177
1247
1075
1393
1120
1193
1119
1073
1180
1452
1431
1355
1956
1214
1107
1314
1314
1256
1232
1171
1112
1176
1103
1123
1162
2872
1158
1169
1444
1183
1181
1421
1184
1577
1719
1152
1128
1108
1143
1167
1399
1264
1140
1142
1138
1110
1223
1192
1264
1171
1128
1178
1139
1183
1073
1349
1382
1377
2024
1205
1177
1076
1134
1278
1226
1272
1516
1166
1310
1218
1193
1194
1468
1106
1107
1105
1109
1169
1173
1167
1382
1186
2267
1120
1200
1145
1220
1207
1579
1115
1177
1153
1104
1103
1301
1406
1449
1118
1070
1180
1143
1158
1103
1235
1597
9834
1902
3714
1675
2597
4415
1710
1831
2220
2281
1727
1258
1215
1364
1552
1478
1189
1154
1255
1100
1104
1198
1104
1170
1132
1129
1107
1348
1220
1176
1298
1613
1074
1841
1202
1113
1113
1183
1188
1315
1440
1156
1177
1311
1175
1108
1316
1423
1161
1090
1088
1129
1082
1135
1639
1231
1536
1545
1103
1187
1107
1308
1213
1358
1191
1129
1262
1360
1238
1232
1232
1308
1105
1272
1066
1183
1143
11641
3612
1111
2913
2944
2382
1486
1727
1523
1534
2005
1587
1620
1574
1395
1115
1076
1248
1472
1163
1110
1150
1145
1204
1193
1280
1227
1402
1190
1341
1196
1149
1168
1140
1623
1237
1972
1182
1240
1199
1528
1702
1379
1145
1614
1264
1216
1332
1394
1475
1112
1209
1227
1167
1202
1265
1242
1263
1251
1122
1127
1154
1424
1251
1442
1385
1358
1205
1264
1188
1162
1218
1191
1186
1187
1110
1108
1155
12479
1614
2473
4086
1355
1923
1742
1647
2025
1614
1410
2163
1601
2796
1683
1276
2207
2307
1417
1805
1679
2039
1573
1578
1768
1793
1849
1728
1896
2469
1339
1713
2094
1728
1863
1717
1776
1471
1187
1335
2050
1328
1255
1153
1097
1214
1341
1248
1563
1562
1178
1115
1109
1370
1365
1416
1161
1123
1151
1193
1675
12228
1239
7351
4023
1565
2711
3348
3332
1317
1106
1191
4874
1946
1148
1140
1111
1109
1532
2337
1108
2917
1189
1200
3445
3571
4348
1447
2271
1406
1120
1269
1169
1230
1203
1129
1149
1150
1178
1104
1360
1253
1775
1435
1178
1153
1062
1167
1161
1343
1225
2048
1178
1581
1129
1100
1300
1408
1147
1085
1122
1219
1113
1362
1254
1174
1312
1109
1116
1155
1146
1160
1237
1420
1201
1962
1272
1153
1193
1365
1105
1147
1238
1106
1103
1149
1133
1109
1255
1207
1349
1139
1205
1296
1085
1268
1341
1343
1174
2308
1133
1188
1106
1101
10011
3122
1725
3273
2272
1929
2879
1193
1539
1945
1683
1457
1398
1121
1364
1273
1158
1143
1163
1473
1069
1142
1137
1133
1102
1244
1368
1390
1530
1729
1116
1154
1114
1139
1218
1401
1077
1081
1164
1102
1119
1225
1306
1398
1115
1111
1074
1123
1224
1181
1140
1496
1214
1584
1703
1159
1104
1238
1142
1102
1227
1104
1097
1097
1099
1109
1159
1213
1546
1278
1138
1135
1100
1064
1161
1438
1255
1848
1564
1249
1141
9573
3354
2448
2263
5944
4085
4638
2896
1268
2004
1482
1720
1773
1654
1970
1741
1563
1479
2222
3065
1182
1878
1739
1873
1492
1949
1808
1685
1981
1597
1672
1597
1390
1664
2193
2141
2445
1564
1708
1710
1765
1748
1674
1531
1143
1336
1298
1437
1069
1126
1264
1155
1099
1113
1349
1329
1589
1522
1304
1140
1170
1172
18446744073708552800
1399
1100
1165
1136
1152
1195
1341
1181
1212
7483
4932
3428
3942
3010
1131
1215
1200
1346
1551
1616
1087
1131
1409
1080
1173
1163
1354
1293
1460
1656
1167
1190
1096
1148
1325
1455
1176
1183
1138
1062
1185
1203
1181
1189
1094
1179
1100
1121
2900
1384
1424
1873
1145
1139
1164
1124
1229
1339
1314
1214
1119
1385
1104
1268
1315
1284
1294
1111
1106
1104
1067
1117
1473
1455
1401
1995
1119
1206
1072
1118
1484
1320
1244
1239
1197
1153
1152
1378
1499
1355
1110
1106
1120
1126
1122
1107
1169
1526
1197
2002
1396
1088
1158
1182
1327
1239
1205
1141
1065
1134
1269
1153
1204
2312
1263
1340
1112
1150
1326
1132
1271
1263
2002
1139
1111
1133
9361
10094
3165
4199
6424
3564
1627
1723
2067
1753
3195
1288
1126
1372
5596
1091
1146
1152
1176
1150
2026
1573
4548
2910
2446
1130
1114
1103
1263
1129
1319
1477
1629
1432
1123
1111
1197
1164
1202
1178
1176
1164
1185
1134
1116
1519
1539
1582
1158
1242
1124
1064
1237
1168
1323
1318
1748
1471
1483
1084
1186
11112
2966
2198
1760
1911
1578
3574
1247
1148
1142
1479
1269
1273
1134
1072
1182
1105
1145
1114
1234
1526
1148
1106
1378
1257
1338
1259
1472
1153
1890
1500
1145
1105
1103
1177
1426
1464
1118
1114
1170
1103
1155
1226
1267
1276
1250
1242
1247
1111
1103
1434
1452
1381
2048
1201
1115
1070
1577
1148
1307
1299
1160
1368
1192
1284
1160
1218
1457
1149
1174
1170
1150
1253
1219
1615
1538
2011
1252
1137
1106
1097
1170
1375
1150
1142
11937
3712
2839
4137
2054
1905
2107
1572
1665
2303
1672
1844
1731
1788
1455
1118
1172
1297
1286
1276
1874
1139
1128
1144
1298
1145
1321
1143
1119
1136
1127
1149
1119
1282
1251
1183
1174
1261
1413
1177
1511
2187
1262
2034
1123
1173
1629
1256
1179
1564
1327
1167
1665
1110
1109
1173
1365
1346
1841
1240
1203
1155
1422
1887
1559
1604
10272
3616
4398
1982
1732
1539
1177
1361
1503
1845
1881
2682
1186
1151
1102
1157
1149
1205
1223
1078
1323
1359
1524
1110
1154
1152
1132
1100
1180
1300
1256
1359
1699
1455
1205
1160
1171
1216
1468
1115
1164
1112
1139
1195
1180
1182
1542
1245
1088
1111
1227
1171
1187
1339
1349
1385
1728
1154
1162
1170
1339
1111
1221
1131
1233
1101
1177
1092
1103
1156
1366
1347
1068
1290
1248
1176
1212
1195
1446
1150
1111
1580
1342
1436
1169
1235
1500
1259
1107
1135
1156
1098
9835
3593
1645
4006
3599
1964
1613
1846
1809
1905
1919
1310
1867
1602
1416
1892
2126
1764
2094
1414
1932
1725
1696
1818
1207
1154
1067
1456
1397
2184
1235
1077
1188
1162
1152
1739
1392
1565
2212
1282
1182
1175
1313
1199
1244
1204
1158
1174
1105
1172
1144
1224
2914
1215
1114
1077
1127
1277
1457
1172
1890
1104
1246
1118
7653
10321
6089
3597
6851
1560
3289
2692
1540
3155
3335
1600
1522
3037
2541
1550
3370
1420
1590
3828
1190
1420
1718
1494
4946
4577
1847
1296
1665
1362
1285
1208
1240
1413
1656
1351
1527
1370
1421
2287
1172
1243
1115
1187
1472
2780
2268
1509
1264
3610
8565
3847
2750
1381
1625
1324
1792
10625
2729
3212
2382
2572
3300
2674
4791
1501
2688
1892
1734
1549
2069
1443
1935
1888
1734
1646
1485
4621
1389
1796
1221
1143
1180
1117
1202
1122
1238
1293
1232
1353
1150
18446744073708552866
1414
1243
1772
1203
1108
1123
1150
1494
2439
1922
1219
1150
1145
1988
1442
1280
1203
1195
1239
1837
1274
1393
1112
1132
1240
1630
1364
1147
1330
1541
7822
4206
5452
1824
4198
1200
2123
1422
1484
1237
2009
1854
1163
2783
1822
1661
1205
1107
1197
1216
1178
1855
1152
1110
1321
1180
1390
1972
1672
1188
2009
1095
1527
1243
1156
1149
1291
1169
1178
1637
1137
1273
1356
1344
1391
2259
1206
1104
1260
1226
2350
1296
1181
1199
1147
1165
1725
1251
1585
1163
1440
1368
1958
1277
1374
1143
1139
1866
1198
1191
1251
1315
1391
2600
1216
1114
1133
1179
1149
1196
1323
1172
1082
1171
1144
1388
1083
11007
3683
4372
2674
2270
2282
1326
2089
2887
2097
1814
1680
2666
2343
1875
1168
1877
1439
1144
1266
1099
1110
1797
1131
1158
1161
1235
1490
1786
1533
1130
1301
1218
1415
2342
1989
1162
1127
1108
1457
1295
1374
1115
1157
1192
1136
1067
1158
1211
1235
1126
1071
1678
1211
1266
1283
1439
1294
2362
1245
1152
1163
1137
1146
1215
1197
1137
1215
1148
1220
1207
1282
10539
2217
8760
1731
4485
3668
1620
1930
2789
1971
2602
1917
3830
1221
1103
1275
1523
2587
1209
1333
6273
2260
2132
1614
1188
1992
1188
1135
1150
1471
1188
1311
1162
1109
1170
1236
1120
1078
1285
1657
5720
5204
1918
1315
1122
1106
1180
1242
3686
1119
1168
1102
3658
1437
1168
1072
1178
13477
3770
4012
2454
3895
1577
2722
4129
3986
2777
1257
1352
1334
1234
1102
1183
1151
1508
1380
1566
1296
1072
1113
1080
1153
1116
1193
1431
1180
1536
1496
1443
1264
1913
1494
1126
1073
1207
1149
1573
5763
1529
2310
4416
1864
1666
1135
1101
2059
2226
1258
1654
3054
1104
1289
2565
1178
2633
4894
10915
2594
7072
1227
1912
4004
3767
2718
1863
1810
2103
1754
1843
1152
1602
1335
1373
1416
1194
1175
1194
1114
1102
1165
1420
1435
1784
1354
1266
1081
1137
1187
1362
1423
1304
1294
1347
1160
1444
1201
1393
1325
1121
1962
20889
6240
7668
2557
3696
12020
8357
3366
1951
5839
6762
2522
2077
2134
1774
2375
3532
4158
3246
1823
2777
3978
2640
3989
1711
2106
2614
3312
2819
2758
3703
1881
1613
1429
3404
1800
1243
2950
1540
1162
1928
4227
1572
9544
7193
2982
2460
2332
4181
1166
1764
1767
4112
1463
1156
1291
1152
2205
1185
2163
1869
3472
2193
1528
2612
1140
4885
3171
5662
2364
2166
3933
1647
3216
2082
1117
2322
2440
1171
4238
1799
5894
8762
2302
1637
1210
1289
3757
1335
1175
1387
3395
1235
1128
3149
1198
1699
1404
4500
1886
1417
1176
1157
1945
1968
4607
1416
1345
1503
1255
1153
4400
1158
2150
1112
12727
2981
4680
2185
18446744073708555538
2756
2279
1194
2909
1236
1118
3496
1123
1807
1462
3738
1217
2015
1354
3424
2152
1188
2388
4606
3916
2122
5638
1250
1253
1533
1390
4124
1176
1100
1203
1132
3710
1112
1143
1254
1315
4453
1122
1116
1133
1171
2692
1208
10008
4094
5705
1864
3098
1657
1697
1493
5020
1158
1393
1179
1321
1356
2765
1167
1101
3671
1251
1070
1318
1210
3415
1341
1179
1626
1927
4825
3307
2474
2103
1880
3376
1196
1194
1297
4605
2345
1132
1135
1121
1126
5169
1354
1223
1532
1214
1284
4588
1199
1159
1209
1163
1725
2788
14368
2389
3409
1263
1457
3651
1290
2845
1233
2987
1242
1237
1635
3307
3891
2933
2377
3550
1355
1142
3250
1274
4713
1388
1189
1714
1232
1200
1192
4571
1378
1152
1493
1275
1812
4506
1202
1163
1217
1361
2946
1086
1148
2367
1342
1717
4732
3295
11413
4686
1335
2097
4155
1585
1210
1203
1177
1174
1376
2008
1502
1766
1182
1142
1178
1256
1219
1193
1203
1165
1387
1257
1248
1358
1308
1105
1066
1109
1652
1068
1147
1314
1200
1911
1701
1112
1173
1102
1154
1253
1388
1142
1673
1708
1455
1183
1424
1389
1175
1252
1163
1151
1109
1145
1149
1310
1156
1173
1194
1167
1285
1817
1439
1489
1121
2728
1334
16452
5867
2498
3388
1994
2526
2345
5226
1169
1460
1476
1649
3654
1134
1184
2441
4954
1377
1629
1578
1198
1074
1113
2572
1246
1217
4296
1643
1179
1104
2598
1249
4035
3476
2893
2092
2200
1152
3402
1187
2104
1451
4068
1249
1286
1121
1081
14079
1844
5405
2802
1152
4876
1144
2211
1414
1240
1108
4650
1228
1145
1538
1243
2191
2642
1154
1177
4853
3208
2979
2158
2624
1166
3308
1341
1127
4414
1156
1228
1188
3910
1361
1233
1314
4647
1179
1111
1103
1180
1233
1206
5812
1227
1122
1294
1183
1181
1171
1126
3899
11066
2731
3206
5240
2958
5882
1773
1975
2257
3579
5585
4359
3943
3525
6409
1488
1728
2318
1632
1983
2015
3140
1097
1200
3627
1270
1103
4482
1413
2353
1276
1130
1109
3302
1737
3928
1745
1130
11414
4266
4755
1362
3278
2998
1188
1646
3679
3816
2619
1869
2741
3708
1263
1994
4545
1443
4197
1265
1153
1228
4682
1826
3467
1132
2146
1204
3200
2570
1205
5209
1671
1174
1154
1075
1073
1207
4731
1201
1326
1117
1117
1171
2031
16518
2519
1963
2669
4447
1346
1411
4980
1280
1749
1348
1331
4596
1187
1164
1279
1116
1074
2143
16659
5292
2789
2401
2245
3819
4620
2952
1623
18446744073708555199
5637
3903
1843
1434
1767
1773
3362
2570
3185
1418
2096
1653
1830
1642
1520
1123
1153
1386
1083
1297
1220
1318
1082
1182
1241
1439
1244
2150
1151
1221
1110
1209
1620
1284
1249
1164
1164
1764
1240
1162
1307
1117
13511
3447
1796
1165
2488
1282
1308
1843
1504
1389
1208
1122
1099
1642
1171
1140
1376
1125
1239
1177
1626
1228
1169
1258
2027
1108
1314
1200
1103
1293
1193
1255
1275
1120
1146
1152
1132
1085
2992
1341
1888
1465
1194
1141
1147
1160
1206
1288
1182
1165
1111
1174
1111
1157
1407
1588
1123
1139
1782
1067
1088
1210
1258
1224
2285
1110
1073
1407
1258
1235
1430
1070
1117
1177
1112
1123
1191
1117
1220
1159
1106
1311
1083
1376
1152
1172
1508
1336
1981
1220
1264
1125
1162
1183
2385
1397
1368
1391
1434
1531
1378
1427
1412
1131
1115
1394
1222
1353
1199
1577
1582
1113
1185
1102
1139
9432
2915
2440
3333
1106
3670
3566
1174
2010
1956
1841
1743
1548
1353
1335
1437
1577
1138
1076
1199
1174
1074
1156
1260
1407
1192
2212
1124
1145
1170
1147
1249
1528
1197
1195
1158
1225
1165
1224
1490
1333
1152
1122
1107
1205
1112
1144
1423
1635
1697
1214
1215
1487
1198
1205
1162
1178
1108
1069
1125
1214
1163
1192
1249
1325
1386
1292
1174
1325
1192
1381
1430
1180
2147
1144
11230
3234
1358
2354
2036
3111
1338
1567
1143
2156
1193
1106
1205
1156
1135
1129
1168
1221
1287
1330
1165
1215
1390
1529
1143
1092
1332
1074
1134
1110
1506
1218
2086
1149
1067
1110
1071
1160
1281
1379
1195
1247
1160
1411
1127
1293
1354
1737
1197
1139
1177
1651
1157
1386
2241
6834
3805
1117
1182
1228
4075
1257
1119
1074
1186
3153
1125
1362
1116
14284
2472
3347
2758
1806
2180
2131
4671
1515
1971
1715
1216
3209
3781
2808
1140
1196
1168
1427
1210
1319
1453
1192
2143
1167
1232
1231
1211
1190
1327
1143
1261
1267
1111
1478
1158
1316
1263
1116
1138
1283
1075
1108
1151
1257
1630
1326
1891
1172
1108
1128
1217
1113
1130
1182
1113
1106
1214
1382
1374
1274
1379
1077
1074
1133
1085
1130
1081
1431
1222
1364
1882
11843
2385
1288
3272
2792
1491
2419
1950
2679
1736
1499
1237
1156
1216
1315
1122
1120
1173
1118
1138
1160
1235
1353
1119
1341
1257
1083
1147
1183
1375
1164
1857
1462
1170
1193
1215
1325
1442
1475
1160
1126
1141
1190
1160
1154
1240
1092
1231
1128
1083
1467
1194
1392
1475
1356
1846
1183
1133
1134
1308
1315
1257
1149
1342
1083
1176
1076
1119
1211
1359
1111
1071
1247
1107
1068
1107
1195
1577
1227
10706
3333
3201
3372
1089
2260
1515
2050
2079
2671
1559
1579
1473
2010
1537
1122
1116
1172
1100
1115
1140
2110
1203
1076
1153
1111
1078
1121
1164
1388
1108
2053
1232
1166
1363
1306
4219
6151
3289
2482
1231
1115
3723
1346
1926
1166
3160
2231
1414
4190
1088
1126
1395
1505
1239
2443
1240
4801
13095
3820
5601
2633
8845
1142
2379
1736
1883
2107
4031
1848
1619
1898
5654
1689
1293
1920
1122
1151
1105
3522
10397
1892
1673
1289
1130
1240
2605
3249
1267
3475
2486
1118
4027
4252
3224
1224
1087
1291
1077
1552
1600
1981
1842
13198
6627
1677
4201
1843
2982
5314
1578
1317
1191
1164
1120
18446744073708553968
1198
2758
1133
1069
1881
3715
1478
1160
1145
1400
1758
6899
3118
1570
1191
1072
1068
1122
1245
1164
1190
1698
1073
2307
1384
1102
1119
1208
1128
1343
1307
1179
1210
1234
1203
1246
1757
1458
1155
1122
1178
1141
1249
1352
1169
1503
1591
1213
1391
1106
1166
1223
1395
1087
1131
1094
1110
1059
1095
1178
1224
1223
11864
3865
1603
2335
2526
1123
1930
1600
1300
1459
1079
1111
1228
1255
1400
1242
1581
1232
1821
1201
1179
1122
1104
1162
1364
1358
1314
1103
1246
1191
1157
1194
1475
1066
1115
1165
1150
1282
1153
1184
1399
1313
1921
1626
1112
1106
1153
1185
1185
1143
1134
1109
1105
1392
1163
1213
1455
1399
1068
1067
1168
1108
1217
1263
1400
1139
1866
1112
1127
1222
1135
1141
1217
1330
1190
1092
1103
1081
1226
1114
1309
11595
5563
2712
3285
1953
2736
2657
7139
6641
1093
1137
2074
2076
2040
1636
5807
1740
1475
1917
1688
1150
1276
1918
4580
1162
1123
1171
1154
2896
1918
1495
1599
4515
2979
2128
1265
1597
1700
2031
1404
1246
1238
1228
1413
1268
1343
1167
1207
1717
1336
1210
1188
1174
1125
1073
1072
1329
1476
6899
1161
1140
1272
4488
3366
5058
1958
3801
1383
1468
1813
2046
1256
2687
1241
1337
1213
1151
1151
1131
1068
1153
1376
1240
1102
1448
1075
1156
1472
1175
1378
1457
1320
1905
1192
1158
1098
1235
1357
1259
1164
1100
1156
1158
1114
1103
1241
1355
1208
1070
1300
1149
1399
1451
1424
1310
1540
1591
1240
1467
1173
1213
1837
1378
1770
1393
1295
1294
1319
1219
1194
1225
3445
1462
1596
1569
1991
1507
2744
1678
1562
1455
1244
1229
1331
1179
14052
5457
3290
4311
1326
1874
4260
1221
2990
1828
3415
1729
5195
1272
1202
1421
4600
1110
1143
1369
1466
1366
1740
3161
4795
3181
1605
1241
2066
1263
1284
1107
1159
1112
1128
1208
1385
1207
1091
1074
1178
1422
1264
1464
1801
1303
1926
1140
1121
1137
1225
1321
1312
1288
1140
1243
1276
1075
1116
1226
1374
1144
1152
14077
2580
2498
1550
4087
1908
1653
2397
1647
1782
1866
2148
2566
1576
1680
1544
1272
1180
1112
1120
1281
1119
1162
1184
1494
1280
1216
1240
1201
1193
1115
1175
1455
1220
1662
1502
1311
1214
1116
1337
1274
1233
1119
1169
1207
1105
1144
1332
1268
1156
1356
1075
1170
1123
1107
1145
1339
1402
1333
1658
1172
1107
1121
1385
1439
1342
1121
1180
1126
1176
1123
1158
1359
1382
1086
12221
2224
3416
1247
1412
1838
1253
1161
1215
2775
1326
1079
1216
1271
1150
1231
1449
1309
1945
1179
1147
1121
1197
1213
1314
1256
1132
1166
1143
1319
1181
1319
1344
1209
1109
1118
1112
1071
1104
1185
1492
1266
1671
1340
1105
1121
1070
1177
1225
1419
1073
1121
1128
1150
1194
1195
1492
1259
1282
1160
1229
1150
1245
1191
1274
1671
1348
1663
1159
1289
1235
1316
1084
1346
1252
1213
1110
1107
1075
1192
1302
1290
1328
1187
1173
1111
1072
1230
1296
1242
7292
4251
1672
3565
3376
1145
3173
3002
1508
1940
2008
1627
1459
1920
1647
1866
1719
1686
1605
1643
2076
1134
9425
4349
1460
1895
1305
1197
1091
1126
1364
1414
1224
1506
1447
1172
1297
1143
1139
1078
1323
1379
1317
1373
2309
1179
1071
1208
1150
1214
1247
1138
1192
1108
1287
1138
1586
1428
1206
1184
1140
1110
1071
1194
1156
8005
1164
4057
4517
2096
2751
1401
1114
1296
1273
1118
1189
18446744073708552972
1296
2009
1101
1146
1076
1132
1628
1273
1209
1134
1129
2458
1384
1270
1422
1080
1112
1220
1275
1274
1455
1247
1219
1464
1934
1167
1276
1145
1239
1314
1416
1209
1144
1185
1136
1091
1218
1221
1148
1188
1298
1156
1832
1171
6947
3434
1119
1155
1147
1137
4020
1239
1327
1398
1182
3253
1079
1075
1242
4820
1156
1147
1161
1143
2355
1177
1112
2105
1863
4557
2999
1323
1267
12306
3518
1711
2140
3344
1987
1831
2303
2340
1853
2043
2033
1148
1302
1106
1224
1276
1343
1109
1135
1142
1101
1169
1167
1338
1158
1124
1072
1065
1282
1231
1158
1170
1294
1411
2118
1261
1141
1144
1190
1216
1166
1506
1112
1121
1134
1265
1233
1240
1458
1068
1067
1138
1104
1069
1315
1386
1293
1349
1860
1167
1122
1155
1215
1226
1408
1118
1087
1113
1319
1170
1361
1231
1229
1319
1072
1110
1100
1251
1129
11535
5497
1130
1111
2147
2623
1548
1535
1818
1679
1640
1272
2045
5004
5908
4374
1283
1180
1315
1087
1347
5488
1277
1968
1135
1103
1105
1142
3821
1091
1162
1151
1233
3572
1241
1108
1086
4378
3590
2834
1307
1172
1395
1287
1315
1546
1442
1403
1196
1170
1153
1316
1140
1101
1149
1064
1188
1199
8157
3696
3414
3511
2035
1875
2618
2383
1349
1867
1725
2215
2053
1150
1152
1203
1147
1415
1285
1067
1065
1091
1147
1140
1164
1454
1302
1170
1069
1066
1150
1150
1153
1236
1597
1177
2014
1136
1274
1147
3487
1227
1377
1108
1236
1711
1143
3013
1567
1361
1612
1195
1495
1346
1145
1961
1153
1711
6216
1251
3571
1291
1351
1244
5097
1258
1221
1481
1440
1933
1305
18939
2375
1195
3161
2961
1544
1605
1938
2819
4140
3374
1315
1191
1158
1406
1169
1248
1206
1255
1509
3906
1248
1112
1205
1176
1147
3652
1130
1246
1216
1322
1594
1552
1358
1127
1239
1073
1237
1375
1216
1410
1573
1149
1247
1111
1104
1140
1351
1137
1104
1132
1165
1186
1175
1232
1282
1218
1430
1163
1345
1113
1277
1183
1545
1195
1955
1127
1121
10150
2992
3174
2339
2110
5089
2257
1636
1663
1759
1438
3056
1781
1768
1520
1221
1302
1153
1178
1179
1333
1593
6853
1804
2461
1144
1158
1748
3867
1222
1248
1418
1076
2932
1161
1116
5664
1641
1147
1176
1109
1297
1246
3136
1168
1151
1166
5179
3025
1184
1164
1267
1501
1321
8008
3677
2621
3460
3725
1491
1538
1378
5048
1485
1208
1145
1107
1291
1267
1427
1110
1130
1241
1077
1073
1188
1188
1276
1099
1117
1113
1258
1139
1294
1329
1476
1384
1961
1193
1132
1125
1290
1310
1158
1373
1099
1197
1115
1153
1071
1196
1359
1281
1070
1101
1243
1130
1127
1802
1224
1766
1502
1193
1255
1111
1143
1271
1260
1132
1123
1139
1317
1156
1224
1114
1243
1174
1079
1237
1110
1118
1154
1136
1338
1440
2222
1254
1130
1184
1183
1150
1219
12199
1812
2573
3517
2530
1320
1770
1561
1922
1647
1128
1252
1196
1143
1142
1246
1260
1196
1292
1086
1124
1107
1144
1116
1487
1351
1904
9593
1292
1733
1572
1731
1365
1186
1655
3580
1377
1356
1290
1374
2117
1199
2290
1182
1405
1610
1144
1343
1302
1074
1152
1276
1248
1125
1632
6986
1319
2589
1171
3254
10602
2748
2482
6496
2878
2271
2224
18446744073708553540
4410
1841
1716
2239
1620
4600
1556
3113
2876
7282
4019
2572
2960
2024
1739
1776
1802
1953
2373
1178
1134
1165
1152
1525
1664
1618
1199
1194
1072
1071
1244
1318
1166
1224
1145
1076
1335
1296
1140
1145
1375
1441
1951
1212
1107
1122
1221
1238
1201
1454
1168
1110
1163
10688
4020
3777
1185
1170
1081
1208
1590
1597
1481
1695
1476
1450
1391
1453
1455
1094
1192
1295
1225
3932
2222
1163
1126
1074
1141
1218
2369
2570
1213
1199
1116
1420
1473
1262
1238
1379
1142
2459
6897
1220
4521
1468
1365
1473
2953
1231
1276
1678
4511
1208
1161
1653
1122
5926
1513
1247
1241
1079
1071
1155
1848
5008
2879
1256
1160
1242
1392
1221
3692
1588
1338
1179
1325
1584
1403
1313
1459
1150
1207
1197
1239
1114
1155
10841
2615
2483
3409
3478
1972
2629
1862
1692
1618
1635
1828
2092
2638
1237
1928
1631
1571
1311
1069
1111
1132
1111
1138
1525
1321
1362
1217
1110
1123
1225
1155
1259
1466
1212
1949
1248
1196
1072
1122
1331
1332
1086
1086
1077
1102
1177
1208
1134
1327
1380
1238
1137
1303
1103
1149
1198
1550
1150
1947
1099
1162
1149
1103
1394
1174
1456
1103
1157
1173
1146
1114
1178
1195
11341
3294
3888
1147
1165
1845
1119
1168
1112
1154
1068
1200
3055
1234
1188
1141
1113
1455
1331
1190
2083
1228
1218
1125
1107
1144
1186
1474
1102
1121
1350
1130
1167
1161
1686
1297
1281
1208
1494
1928
1298
1612
1286
2925
1220
1137
1184
1277
1234
1253
1106
1110
1121
1261
1505
1295
1499
1232
1155
1193
1150
1104
1340
1400
1223
1665
1614
1415
1151
1108
1286
1267
1304
1072
1072
1171
1071
1068
1165
1262
1258
3483
1164
1215
1141
1267
1454
1236
11127
2587
3724
6854
4976
4210
2044
4870
1341
1659
1982
3907
1789
1658
1691
1742
4280
2331
1301
2067
1162
3647
1084
1482
3122
1510
4602
3077
1913
1273
1479
2006
1237
1221
1283
1197
1412
1129
1222
1262
1169
1128
1289
1628
1204
1225
1181
1068
1135
1158
1163
10679
1216
3494
3644
3936
2921
2795
1145
1201
1900
6365
3942
1240
1118
1161
2517
4939
1095
1167
1309
1179
1130
1138
2601
3107
1217
1110
1710
3786
1112
1108
1141
1076
2267
1377
4572
3430
4586
1133
1144
1294
1121
1313
3690
1163
1733
1240
1377
1152
1235
1160
2076
1207
1183
1116
1472
1250
1533
2355
1130
1097
1159
5954
3181
1321
1418
2234
1080
1897
13970
2359
2983
4946
6958
1774
1862
1760
2244
1690
3456
1838
2782
1670
3413
4101
2505
1203
1161
1322
1570
1216
1862
1103
1101
1263
1186
1426
1512
1534
1280
1283
1127
1164
1272
1150
1186
1172
1077
1109
1127
1098
1482
1910
1319
1995
1270
1101
1104
1136
1157
1101
1161
1141
1182
1270
1213
1374
1179
1371
1313
1203
1122
1079
1107
1187
1198
1341
10747
13735
3806
3024
3492
2836
1180
1838
2130
1768
1806
1496
2271
1559
1823
1996
1859
1477
1118
1202
1245
1157
1179
1163
1115
1319
1222
1433
1177
1110
1265
1297
1141
1176
1419
1294
1134
1188
1149
1345
1757
1257
1374
1224
1934
1230
1158
1117
1169
1298
1254
1452
1093
1334
1113
1212
1165
18446744073708552991
1454
1079
1072
1214
1118
1114
1128
1305
1430
1262
1954
1285
1082
1131
1075
1228
1474
1137
1090
1274
1388
1094
11159
4036
3466
3250
2389
1631
1978
1842
2291
3086
2181
1984
1812
2717
2369
2198
1191
1610
1945
2397
1553
1850
1590
1965
2346
1803
1652
2406
1898
1814
2930
1830
1124
2812
1934
1919
1197
2795
1890
2364
1603
2037
2030
2299
1813
2013
1904
2531
1877
2087
2907
2051
1868
1239
2364
1137
2845
1220
1868
4666
1479
1113
1510
4651
4554
4034
3148
2464
1327
2937
2881
4756
9446
14211
1684
1329
1548
1495
1341
1621
1276
1083
1594
1190
1143
1704
1625
1465
1702
1192
1126
1260
1519
1489
1803
1679
1578
1387
1586
1623
1163
1184
1198
1543
1192
1255
1608
1216
1138
1145
1493
1495
1461
1833
1551
2023
1517
1167
14339
1692
1143
1197
2612
2019
3199
2585
2771
1827
5112
7619
1384
3432
2069
2146
3935
2397
4736
1457
1320
1228
1276
3035
1503
1279
4933
1335
1386
1715
1664
1297
2519
1737
4228
2188
1543
4509
4842
2391
2813
1743
1330
1338
1571
2107
1552
1446
1578
1340
2150
1306
1336
1352
1591
12753
3547
4082
4331
7553
3046
3671
1512
2317
1947
1828
1725
2630
1789
1739
2228
1778
1227
1077
1145
1140
1353
1782
2292
1166
1208
1183
1793
1504
1247
1104
1111
1128
1712
1493
1195
1301
1101
1104
1668
1178
1209
1160
1265
1441
2866
1712
1421
1521
2351
1468
1524
1420
1500
1871
1386
1539
1230
1242
1151
1818
1353
1468
1303
2168
11929
5297
1430
1249
1538
2434
1846
1547
1375
3083
1861
1172
1403
1341
1351
1158
1848
1293
1155
1189
1335
1450
1646
1138
1141
1072
1392
1396
1918
2129
1091
1284
1117
1889
1422
1314
1156
1379
1319
1178
1139
1232
1147
1114
1167
1144
1180
1116
1103
1128
1262
1361
1220
1995
1172
1101
1131
1174
1182
1098
1215
1151
1148
1178
1119
1278
1368
1476
1479
1272
1149
1172
1251
1168
1365
1267
1619
1426
1276
1198
1219
1222
1377
1342
1103
1115
29076
3462
3529
4562
2519
10778
6950
2052
4788
3253
1543
2254
3210
2366
3747
1201
2797
1276
1498
5554
1338
1165
1124
1156
2231
2673
1948
4468
1115
1157
1293
1385
1151
2143
1110
3106
1310
1175
6201
1399
7429
4998
3580
2275
2647
5121
1070
1135
1161
1518
1111
5274
1538
1203
1516
1279
1106
1697
3829
1321
1271
1123
1072
2389
1303
5157
3895
2772
1277
2038
1623
2169
1818
1716
3843
12353
1595
3463
1132
1180
1587
4295
1321
1184
1098
1232
2050
1280
3244
1661
6125
1171
1152
1214
1120
1154
1129
1164
3861
2933
1208
1161
2569
1328
1225
5114
1175
1108
1343
1349
3972
1110
1119
1226
1182
2907
1093
1166
1753
18446744073708555612
1321
2010
1232
2452
1319
1168
4202
3288
11904
3791
4202
2570
5639
2291
1211
4455
1592
1703
1887
2703
2578
5049
1150
1236
1153
1141
1211
1116
4558
1276
1139
1201
1110
1104
1382
2999
2165
4765
3643
2353
1121
1132
1289
1262
1308
1185
1113
1082
3095
1224
1402
1252
2715
1507
1750
1177
1263
1775
1240
1134
1197
1215
1183
1966
1363
1597
1222
1206
1116
13548
1369
3883
2278
3408
2188
1511
1776
1731
2926
1319
2048
1231
1306
1618
1287
1211
1358
1159
1109
1617
1145
1141
1106
1277
1482
1736
1148
1202
1071
1652
1377
1889
2061
1128
1152
1169
2092
1354
1304
1108
1215
1118
1794
1239
1177
1172
1177
1140
2275
1230
1151
1160
1462
1614
2859
1147
1292
1181
1207
1721
1284
1192
1112
1133
1205
2166
1694
1115
1074
1209
1313
1614
13603
1902
1888
2212
4856
1154
2167
8763
2425
2405
4510
2315
1986
1460
1938
2449
5263
2688
2479
1586
1693
2876
4769
1654
1660
1272
1243
1116
3158
1151
1430
2743
1353
3329
2700
1217
4442
3345
3291
1237
1115
1133
1194
1689
1183
1322
1462
1414
8256
5020
5785
2546
2301
3066
1511
1370
1738
1596
2464
1307
1207
1424
1470
1933
1547
1313
1394
3849
1389
1113
1109
1204
1262
1850
1368
1148
1115
1145
1271
2174
2016
1176
1122
1124
1249
1146
1206
1247
1164
1110
1144
1898
1255
1160
1198
1478
1406
1994
1199
1159
1172
1119
1135
2723
1224
1154
1172
1110
1394
1939
4865
7739
2488
1562
4298
1891
1412
1294
3051
2047
1173
1755
3517
1924
1853
10626
3733
3187
4459
4748
3355
2365
2583
1397
2543
1784
2641
1145
4483
3317
3095
1967
1335
1444
2550
1197
1110
1154
1545
1372
1741
1173
1201
1141
1173
1305
2514
1298
4038
1803
1208
999
1135
881
1709
1074
890
3268
5843
2084
1000
5115
934
874
883
1031
1143
962
1163
4435
1044
853
10437
2161
1708
2348
2465
838
3331
2183
5718
1334
1231
1608
1209
1276
1237
1541
2214
4824
1098
1713
1650
2749
1226
3280
856
1259
3890
1452
1274
1346
2667
7840
4138
2674
3132
3670
1860
3180
836
2042
3776
2820
2624
2909
4856
1316
2577
975
1435
4051
5156
1128
1521
1374
1017
8897
921
1330
3253
4348
942
2763
4113
3795
909
1246
2108
1934
2936
3869
1938
1353
1311
1257
1243
1983
2538
1447
1782
4529
3141
4021
2082
1555
909
1452
1213
1331
1297
1304
1211
1404
1476
1511
1026
1420
1404
1308
1338
2108
8674
1511
19540
3100
6406
5471
1580
2302
6463
1751
6557
904
7095
1102
3044
3600
6952
1478
3394
2918
2194
18446744073708554810
3447
1012
868
861
1093
931
4071
882
866
828
875
2196
1979
2232
1582
5588
964
1025
855
869
850
905
890
886
854
820
971
1698
3345
896
845
875
934
1118
4090
978
812
901
1157
3237
1007
935
821
953
3865
1124
933
1131
860
875
1124
3491
1150
875
12316
1608
2041
1066
3414
4339
899
828
1062
919
948
1249
1004
5581
2248
2527
3483
959
909
1183
2658
1342
1359
837
2304
2990
1716
3174
851
1663
1003
952
1662
2312
1422
867
1890
906
2717
1388
866
913
5110
1567
960
1927
950
896
950
870
3173
4411
1443
939
1103
1021
1221
1003
1208
2186
839
1784
918
2084
977
2815
903
2209
1077
964
3085
897
1921
881
2449
1265
2848
1166
868
1709
1460
1118
4373
1332
915
898
891
879
1840
1033
2812
881
812
3167
1496
1299
1002
3101
1044
1762
1525
1888
1501
1510
3984
2223
2074
2474
17541
1063
860
2750
1745
2834
1549
3419
2652
1058
3961
1485
1235
1303
2626
1603
3921
1258
2088
1436
1206
1192
1231
3519
1778
1319
1820
2401
6078
2616
1419
1370
1947
1963
1570
1608
3100
4082
3774
1798
2329
1595
1921
1256
1755
1425
1887
1099
3020
1009
855
861
2209
1022
1558
1214
1671
857
6805
3464
1436
4395
1518
934
2263
3381
6192
694
1628
2697
900
1018
10423
572
635
1227
846
1998
4460
867
697
2341
870
776
3768
1249
1096
726
576
586
574
2596
645
1094
582
679
612
576
3388
558
627
1625
841
760
787
801
717
1964
848
1897
1382
3700
926
1330
646
552
663
682
590
709
588
1283
623
3065
559
571
592
636
687
707
3409
605
11341
645
648
5676
583
573
596
1923
2718
1540
1457
1478
925
1097
1551
1026
3748
765
3977
604
595
643
582
569
631
1693
576
648
577
587
1014
2559
1186
686
934
557
612
3226
735
1108
736
557
873
673
664
584
1857
766
1168
1721
629
576
615
1855
812
580
578
617
1639
625
599
589
2189
716
592
638
670
1085
552
3235
555
612
1668
777
838
571
1150
2303
768
1315
1298
817
3534
806
1125
575
768
627
549
712
650
948
2989
2429
1458
1480
1166
676
1138
631
1234
1145
665
605
618
669
757
602
1266
632
735
754
948
637
585
592
638
585
573
1104
586
627
567
709
699
617
578
591
596
615
648
1559
743
614
564
601
549
638
759
611
787
597
2076
595
633
630
569
580
577
584
654
659
700
1463
1003
575
657
612
576
593
550
630
594
550
630
605
557
802
724
553
563
549
595
575
572
625
550
658
900
643
668
698
849
704
552
782
1265
673
618
565
593
597
639
580
568
657
621
709
882
616
571
613
815
661
582
685
642
568
644
660
657
646
589
718
560
566
615
596
551
612
551
650
590
552
603
548
641
740
970
669
653
631
549
792
1178
640
567
613
612
583
643
658
612
731
579
611
672
594
567
619
592
614
593
637
778
563
551
668
687
706
690
647
19211
2534
2122
961
2099
4015
7447
1136
2851
665
1739
712
1258
557
2427
592
1