18446744073709525454
1964
1476
1599
2802
5851
2294
1834
3643
2167
5013
1551
2022
4748
1518
1543
1689
1366
5457
1777
1641
2283
1386
1794
3796
4784
3043
4579
4904
1615
2337
5768
1454
3548
1333
1351
16741
3640
2238
1931
4130
5116
2107
1583
1435
5923
1606
2000
1497
1548
1672
3479
1333
1385
2952
1624
9613
2902
2743
1499
1393
1448
1681
1686
1453
1404
1399
1674
1504
1707
1443
1478
1398
1753
1636
2178
2525
1479
1360
1449
1516
1719
1419
1670
1468
1461
13174
1510
3607
2427
2923
1870
1424
1401
1642
1596
1820
1367
1333
1419
1333
1372
1670
1483
2005
1625
1370
1439
1501
1518
1552
1371
1390
1555
1409
1546
1854
1343
1486
1490
1472
1432
1739
1603
2275
1481
1434
1481
1406
1471
1486
1409
1421
1333
1424
1473
1701
1334
1587
1522
1345
1367
1743
1790
2018
1431
1411
1448
1605
12335
2320
5529
1913
2605
1844
2405
1753
1451
1561
1379
1379
1551
1398
1640
1347
1338
1372
1563
1461
1752
1567
2265
1835
1434
1554
1712
1924
1385
1775
1666
1908
1638
1485
1413
1385
1533
1516
1368
1650
1504
1903
1496
1373
1488
1519
1489
1434
1505
1328
1425
1467
2002
1404
1394
1439
1379
1399
1831
1556
2289
1439
1465
1530
1514
12062
3760
2245
3481
2808
1548
1624
1421
1668
1455
1480
1376
1380
1348
1559
1571
1612
1346
1493
1656
1495
1753
1489
2497
1372
1497
1395
1664
1721
1437
1722
1492
1563
1548
1469
1340
1366
1330
1391
1410
1580
1751
2373
1453
1431
1427
1530
1543
1556
1421
1513
1555
1452
1567
1694
1558
1501
1506
1397
1669
1539
2422
1537
1440
9536
5200
2588
3894
2329
2637
1783
1496
1741
2075
8393
1576
1654
1404
2787
1462
3094
1523
2934
1478
2419
3554
1641
1395
4567
1457
1495
1385
3682
5256
2766
1434
1391
1724
1748
1848
1350
2001
1519
1626
1614
1446
1489
1437
1558
1783
1747
2634
1425
11360
4745
2643
1585
2987
1773
1748
2107
1502
1392
1470
1477
1411
1442
1398
1456
1446
1531
1526
1801
1593
1346
1351
1368
1680
1489
2052
1444
1480
1721
1544
1664
1492
1320
1394
1326
1578
1582
1581
1384
1671
1623
1406
1649
1844
1933
1678
1437
1455
1460
1972
1411
1443
1331
1498
1388
1583
1571
1454
1451
1494
1905
1682
1827
1969
10825
3387
5001
2147
1942
1946
2536
2047
1809
1381
1372
1402
1591
1502
1445
1463
1378
1660
1665
12536
1994
2324
2109
2014
1707
1391
1600
1406
1763
1943
1568
1576
1506
1360
1540
1617
1625
1888
1890
1631
1566
1527
1424
1451
1394
1415
1344
1681
1792
1422
1623
1793
1571
1543
1808
12443
1404
3853
3118
2027
2567
2311
2402
18446744073708553556
1949
1408
1467
1388
1499
1539
1378
1653
1463
1374
1524
1750
1550
1406
1341
1394
1730
1933
1839
2121
1500
1394
1595
1418
1789
1386
1366
1375
1760
1758
1475
1328
1442
1401
1504
1526
1685
1671
2611
1469
1413
1366
1563
1412
1400
1401
1364
1408
1439
1890
1958
1384
1340
1402
1338
1599
12418
1963
3912
2830
2999
1460
1511
1445
1539
1832
2017
1556
1445
1524
1571
1697
1420
1413
1408
2222
3144
1516
1421
1357
1462
1608
1904
1540
2268
1388
1370
1455
1573
1757
1456
1621
1608
1371
1449
1591
1454
1427
1471
1470
1539
1536
1598
1743
1420
1470
1479
1410
1452
1545
1380
1497
1358
1733
1520
1829
1530
1361
1430
1387
10585
5692
1490
3330
3424
2296
2255
1769
1931
1526
2362
1410
1514
1796
2219
7358
1590
2782
1648
2789
1376
2189
3614
1423
1458
1465
4615
1376
1464
1337
1451
2383
3670
1366
1703
3384
1815
2773
3938
4632
2261
1549
1404
1677
1728
1361
1363
1363
1327
1728
12324
3531
3111
4353
1392
2101
1660
1620
1575
2608
1486
1383
1365
1556
1481
1518
1508
1469
1527
1387
1791
1707
1478
1432
1352
1516
1426
1650
2076
1682
1549
1658
1544
1790
2159
2146
1576
1406
1546
1375
1722
1467
1379
1417
1383
1506
1497
1411
1432
1418
1359
1979
2400
2210
1468
1720
1564
1783
1469
1472
1389
1574
1515
2122
1484
12501
5683
1941
2606
1653
1419
1434
2008
2223
1543
1397
1424
1458
1429
1407
1498
1376
1600
1649
1802
1694
1535
1457
1452
1370
1441
1832
2077
1853
1336
1413
1479
1725
1553
1605
1394
1413
1401
1867
1917
1571
1374
1526
1531
1584
1851
2182
1395
1574
1523
1457
1544
1445
1532
1471
1464
1400
1518
1829
1712
1552
1425
1365
1698
12663
5660
1543
3473
1955
1766
1666
1822
1567
2394
1804
1396
1432
1413
1464
1464
1855
1925
1783
2050
1819
1372
1524
1523
1451
2073
1796
2236
1443
1371
1460
1749
1505
1455
1377
1810
1367
1670
1505
1369
1472
1389
1469
1549
1689
2140
1989
1556
1385
1440
1479
1529
1468
1415
1365
1350
1603
2069
1476
1442
1494
1404
13302
3470
3037
3326
2332
2497
1907
1559
1672
1766
2092
1360
1536
1387
1998
1864
1418
1333
1459
1353
1401
1647
1568
1402
1490
1609
1623
1908
1572
2297
1396
1384
1422
1468
1623
1505
1436
1628
1379
1437
1675
1322
1449
1366
1320
1332
1500
1902
2385
1381
1496
1366
1423
1593
1494
1375
1420
1531
1444
1701
1704
1380
1403
1405
12396
2858
3231
3152
2717
2510
1815
2007
1692
1427
1698
1991
2039
1817
1442
1534
1904
6915
1750
1920
4449
1532
1545
1603
2580
1773
2648
3551
1344
1505
2634
1419
3325
1459
1386
10019
9264
3894
2904
1710
1731
1546
13046
3337
3189
4202
1464
2828
2341
1563
1684
1537
2794
1557
1523
1460
1639
1558
1417
1428
1375
1434
1462
2120
1621
1339
1363
1328
1472
1813
1369
1784
2064
1735
1434
1607
18446744073708553215
1399
1396
1397
1491
1438
1563
1335
1687
1351
1461
1410
1579
1621
2149
1400
1529
1371
1428
2176
1421
1809
1505
1407
1386
1742
1457
1334
14342
2322
2930
1974
3178
1959
1697
1410
1400
1364
1336
1392
2170
1924
1985
1411
1368
1589
1691
1416
1414
1435
1686
1474
1643
1821
1434
1348
1419
1531
1489
1971
1424
2335
1729
1409
1468
1667
1569
1433
1482
1399
1586
1822
1586
1485
1594
1327
1416
1454
2271
1414
2425
1596
1526
1484
1490
1476
1473
1383
1438
1357
1589
1613
1601
10803
2930
5054
2292
2003
4038
1793
1545
1442
1568
1576
1763
1636
2391
1436
1492
1490
1422
1568
1553
1445
1516
1530
1430
1621
1654
1403
1338
1448
1318
1532
1868
2195
1808
1420
1445
1450
1739
1485
1375
1412
1588
1556
1721
1505
1347
1455
1385
1510
1430
1818
1942
1773
1437
1478
1423
1461
1413
1405
1404
1483
1467
1512
1889
1515
1489
11063
4095
3172
2439
4464
1515
2133
2661
1982
1960
1818
2402
1375
1448
1559
1750
1603
1347
1348
1547
1377
1541
1563
1626
1401
1452
1658
1411
1761
1586
2271
1558
1327
1368
1495
1690
1428
1873
1819
1374
1723
1555
1323
1508
1707
1451
1368
1674
1742
2389
1461
1372
1460
1408
1427
1412
1426
1452
1467
1556
1569
1571
1444
1426
1515
1416
1569
12294
4437
2151
2511
2604
1723
1679
1986
1783
1629
2587
1627
2074
1647
1664
9757
1642
1455
1667
1380
2645
4055
1429
1352
1530
3387
1347
1398
5368
1410
1356
1372
1487
1643
2625
5155
3782
2223
1392
1526
1431
1491
1630
1689
1548
1484
1382
1459
11605
3156
3105
3818
3768
1349
2322
1656
1599
1637
1539
2484
1427
1523
1372
1606
1413
1441
1390
1401
1346
1483
1746
1877
1345
1345
1408
1446
1661
1470
2314
1438
1576
1473
1487
1709
1408
1372
1524
1391
1531
1601
1568
1705
1687
1410
1465
1526
1711
2287
1483
1423
1481
1725
1796
1486
1427
1362
1452
1374
1464
1682
1435
1328
1352
1650
11900
4282
4917
1581
1795
2357
1645
1352
1493
1792
1586
2627
1885
1740
2078
1896
1886
1845
1967
1521
1805
1422
1328
1379
1545
1436
1695
1498
2313
1465
1374
1518
1455
1606
1440
1383
1404
1405
1331
1910
1623
1481
1358
1487
1575
1404
1797
1760
2215
1743
1410
1527
1499
1555
1481
1373
1388
1540
1394
1776
1715
1443
1520
1404
11730
4634
3340
1440
3585
1743
1609
1568
1588
1724
1732
2134
1453
1394
1567
1755
1649
1544
1652
1364
1476
1489
1730
1371
1339
1403
1367
1400
1893
1590
2218
1343
1413
1609
1737
1582
1373
1498
1540
1436
1694
1690
1609
1380
1383
1344
1392
2020
1556
2373
1410
1373
1483
1512
1573
1454
1472
1491
1471
1668
2016
1426
1380
1447
12177
3099
14908
3865
2519
3174
1478
1371
1713
1506
1590
1674
1401
1741
1754
1793
1373
1417
1334
1707
1496
1638
1456
2496
1422
1401
1787
1586
1609
1614
1551
1459
1414
1682
1491
1493
1407
1520
1346
1474
1778
1705
2174
1421
1350
1474
1406
1685
1355
1358
1544
1503
1619
18446744073708553239
1596
13042
1893
1418
1698
5035
4182
2134
1778
1969
1361
1806
2076
2000
2341
1665
1395
1492
1495
1889
9116
1745
1655
1526
1530
5389
1411
1378
1458
1626
2339
4585
1500
1686
1466
2073
3048
1444
2393
5967
2896
1653
1791
1400
1500
1421
1529
1604
1732
1561
14425
2411
4034
3224
3691
2445
2450
1732
1687
2318
2426
1904
1526
1792
1689
1455
1644
1453
1691
1677
1884
1601
1421
1525
1371
1565
2434
2461
1533
1780
1418
1545
1775
1844
1393
1678
1592
1584
1780
2010
1852
1700
1785
1711
1794
2315
1797
1519
1811
1661
1639
1570
1857
1688
1961
1570
14945
2620
2640
3008
1956
4316
2363
2201
2128
2761
1685
1808
1628
1636
1807
1772
1578
1900
1864
1602
1839
2030
1549
1849
1790
1424
1743
1733
2055
2064
1783
1603
2031
1603
1692
1614
1735
1727
1611
1728
1607
1636
1570
1651
1797
1941
1890
1914
1771
1838
1791
1550
1674
1800
1696
1759
1930
14281
4163
4274
2078
3051
2287
2656
2506
1940
1960
2080
1746
1640
1704
1662
2177
1444
1782
1688
1654
1670
1675
1702
1583
1443
1769
1501
1906
1415
2047
1567
2157
2388
1893
1712
2110
1970
1893
1725
1592
2269
2496
2675
1624
1647
1608
1564
2313
1909
1460
1430
1424
1628
1905
1439
1378
10404
3147
4338
1938
3433
1826
1562
1850
1709
1403
1376
1624
1627
2325
1472
1485
1375
1705
1459
1612
1387
1447
1410
1545
1360
1904
1421
1341
1730
1485
1648
1671
2171
1568
1442
1431
1421
1534
1778
1569
1405
1474
1398
1557
1542
1402
1363
1416
1322
1504
1652
1681
2078
1352
1397
1322
1584
1600
1404
1403
1414
1466
1672
1501
1783
14624
3286
1644
5275
2399
1845
1395
1446
1385
1366
1455
1394
1940
1960
1981
1743
1403
1574
1564
1886
8812
1747
1488
1342
1428
2303
4227
1390
1564
3987
1731
1726
5356
1747
1330
1392
1609
2163
4274
1934
1404
5126
3628
2112
1542
15665
1433
2591
3513
2282
2604
2720
1885
1458
1419
1428
1348
1413
1625
1542
2361
1627
1375
1418
1445
1512
1407
1413
1493
1437
1672
1719
1611
1369
1570
1396
1402
1743
1510
2372
1381
1608
1362
1443
1760
1365
1410
1404
1368
1362
1552
1535
1558
1691
1489
1577
1475
1971
2050
1818
1454
1322
1790
1553
1430
1373
1407
1458
1400
1550
14217
3304
3253
2832
2136
1673
1409
1578
1460
1718
1382
1331
1501
1587
1866
2063
1757
1397
1394
1400
1518
1434
1421
1359
1682
1470
1644
11645
2312
2821
1775
1662
1927
1412
1675
1435
1401
1761
1517
1393
1424
1478
1417
1500
1485
1562
2471
1627
1690
1411
1468
1460
1402
1404
1460
1597
13876
2885
1847
3774
2332
2117
2132
1786
2290
1373
1341
1376
1619
1503
1557
18446744073708553168
1871
2036
1498
1431
1427
1509
1469
1658
1389
1560
1458
1587
1789
1611
1436
1621
1472
1749
1543
2423
1407
1529
1378
1409
1371
1581
1370
1389
1630
1521
1440
1566
1326
1418
1327
1442
1455
1638
1606
2056
1436
1467
1558
1399
1604
1406
1412
1462
1324
1367
13421
4311
1876
3574
1807
1638
1446
1484
1540
1525
1541
1553
1439
1416
1360
1637
1706
2168
1704
1472
1442
1754
1633
1387
1404
1373
1413
1522
1480
1614
1361
1447
1814
1751
1815
1643
2147
1476
1376
1405
1505
1548
1682
1615
1407
1364
1326
1575
1456
1378
1377
1443
1396
1516
1854
1567
1498
2341
1461
1498
1658
1484
1507
1373
1603
13472
4295
1497
2907
2473
1876
1418
1487
1367
1556
1787
1452
1353
1451
1322
1393
1532
1870
2094
1847
1676
1376
1484
1519
1427
1412
6345
3434
2607
1386
3603
1439
1574
5033
1926
1419
1406
2200
1393
3855
1394
1377
1648
2964
2434
5579
3321
1652
11390
2130
5058
3761
2246
1976
1967
2009
1438
1702
1525
2093
1889
1414
1385
1384
1328
1333
1656
1760
2442
1563
1412
1444
1526
1596
1342
1613
1392
1359
1643
1696
1824
1462
1337
1376
1398
1433
1852
1982
1855
1645
1371
1481
1747
1517
1417
1441
1342
1361
1627
1422
1715
1433
1484
1344
1633
1856
1832
1988
1412
1416
1491
2075
1403
13204
2598
2645
4592
3121
4139
2009
2271
1931
2698
1781
1920
1455
1796
2103
1997
2139
1418
1542
1542
1539
1464
1466
1632
1526
1701
1938
1926
1875
1473
1426
1370
1464
1574
1613
1454
1525
1686
1906
2090
1612
1549
1528
1517
1875
1513
1417
1506
1376
1455
1470
1637
1581
1782
1638
1459
1438
1403
1456
1400
1442
1472
1479
1499
10600
4080
3055
3302
4177
1829
2190
2742
1905
2076
1818
1740
1778
1705
2412
1716
1450
1768
1672
1650
1634
1613
1517
1744
1876
2000
1717
1444
1522
1678
2043
1519
1739
1477
1627
1392
1606
1786
1429
1518
1607
1549
2160
1740
1660
1744
1664
1662
2382
1830
1708
1658
1415
1807
1566
1894
1585
1645
1703
1409
1962
1648
1717
13164
2391
2527
4578
2013
2771
2138
1714
1455
1648
1919
2120
1519
1362
1443
1747
1596
1399
1405
1416
1406
1400
1490
1602
1346
1359
2031
2269
1890
2178
2189
1723
1840
1880
2132
1349
1428
1374
1444
1482
1631
1328
1558
1728
1697
2398
2180
2395
1716
1845
1512
1639
1373
1523
1603
1345
1507
1511
1743
1400
1328
13697
2780
4516
1374
2569
1951
1372
1618
1324
1501
1386
1668
1755
2199
1547
1518
1366
1481
1667
1525
1390
1869
9313
1400
1389
1558
1502
3231
1509
2297
3996
1380
1394
1455
3467
1329
1380
3949
10455
6624
2654
2041
1497
1971
1508
12198
2384
2939
5133
4518
1488
1910
2345
1916
1708
2592
1460
1449
1431
1426
1578
1372
1420
1373
1438
1613
1697
1955
1414
1330
1385
1395
1423
1814
1427
2341
1693
1522
1469
1724
18446744073708553192
1554
1489
1350
1405
1519
1472
1636
1435
1370
1318
1448
1623
1612
2172
1507
1461
1541
1751
1602
1471
1422
1491
1455
1514
1484
1630
1336
1586
13015
3164
2900
3880
2113
1686
1389
1358
1500
1496
2138
1868
2685
1441
1369
1329
1515
1702
1400
1350
1565
1613
1425
1890
1552
1329
1444
1345
1403
1700
1759
2388
1444
1394
1601
1588
1609
1516
1506
1548
1328
1857
1961
1543
1445
1340
1326
1388
1674
1581
2226
1708
1374
4061
1643
1449
1472
1433
1540
1688
1958
1374
12259
3494
3943
2501
2446
2939
1466
2046
1896
1569
1806
1656
2217
1325
1448
1485
1659
1711
1603
1577
1417
1583
1416
1724
1486
1336
1397
1455
1562
2023
1477
2326
1451
1354
1367
1640
1824
1467
1366
1676
1528
1530
1862
1461
1474
1340
1419
1448
1638
1985
2256
1402
1334
1380
1573
1584
1497
1362
1385
1363
1635
1804
1728
13774
2434
1899
4636
2005
1814
1720
1632
1572
1459
1413
1461
1856
1566
2232
1525
1399
1586
1712
1563
1543
1401
1553
1415
1475
1511
1792
1510
1625
1585
1622
1819
1798
2148
1364
1396
1496
1483
2134
1675
1499
1402
1506
1639
1594
1387
1790
1337
1360
1809
1850
2340
1695
1399
1448
1467
1713
1343
1427
1660
1342
13630
3070
3140
1830
2197
1493
1332
1373
1404
1825
2180
2224
2150
1752
7361
3505
18319
1234
1904
1360
4351
1282
1375
1591
3585
1344
1470
5170
1440
1453
1551
1473
5718
1593
1500
1435
1552
1553
2701
1444
20072
4905
2405
1828
2583
2518
2422
2066
1622
1335
1384
1543
1697
2559
1860
1518
1412
1511
1446
1503
1422
1445
1363
1685
1617
1735
1580
1368
1527
1423
1448
1670
1895
2120
1500
1408
1455
1508
1534
1374
1427
1440
1487
1420
1665
1768
1608
1392
1369
1506
1494
1704
2495
1514
1531
1665
1622
1648
1539
1427
1400
1485
12623
5736
1437
3241
2459
3573
2023
2152
1707
1358
1379
1400
1794
1709
2142
1631
1431
1493
1427
1559
1430
1372
1787
1404
1470
1775
1667
1397
1338
1328
1406
1641
1739
1737
2240
1406
1428
1442
1591
1885
1474
1466
1375
1573
1684
1513
1457
1372
1589
1366
1559
1759
1524
2354
1735
1402
1453
1662
1690
1465
1497
10752
5756
2669
2303
3482
2326
2010
2089
1665
1564
2267
1338
1658
1362
1533
1578
1738
2393
1351
1442
1403
1372
1608
1787
1532
1597
1362
1496
1558
1744
1497
1365
1360
1324
2005
1600
2303
1425
1439
1511
1502
1796
1627
1381
1723
1563
1491
1584
1395
1341
1360
1325
1344
1498
1851
1967
1795
1469
1507
1429
1628
1522
1551
1590
12457
3459
3594
2469
2086
5971
10123
1974
1529
1806
1840
1829
1506
1488
1554
1599
1644
1476
1558
1418
1525
1495
1782
1469
1360
1656
1383
1446
1713
1712
2158
1448
1389
1742
1572
1935
1588
1485
1456
1598
1641
1477
1372
1390
1412
1505
1668
2049
2077
1710
1415
1360
1674
1518
18446744073708565328
1726
1343
2830
1572
4095
1441
1448
1739
1673
1539
1405
1731
1498
1987
1530
1353
1439
1433
1513
1408
1895
2153
2180
1473
1374
1407
1456
1450
1422
1430
1352
1940
6777
5134
2320
1584
1388
2195
3853
1504
1533
1499
3104
1537
2423
1620
4194
1703
2281
2531
1372
5623
13597
4338
4675
2948
2435
1777
1789
1668
1515
1575
1664
1443
1498
1431
1334
1623
1513
1866
2766
1399
1407
1436
1428
1448
1401
1406
1380
1491
1599
2018
1392
1471
1381
1451
1397
1746
1465
2292
1685
1381
1448
1427
1661
1423
1373
1458
1388
1396
1536
1771
1544
1552
1507
1466
1598
1804
2271
1617
11060
2639
3320
1525
2981
1511
1829
1506
2145
1562
1371
1447
1373
1715
1668
1383
1480
1411
1397
1557
1481
1338
1356
1367
1340
1709
1711
1646
2406
1454
1372
1403
1691
1521
1394
1664
1433
1394
1511
1657
1509
1464
1329
1437
1573
1701
1593
2269
1444
1425
1465
1435
1548
1446
1370
1481
1366
1715
1451
1693
1561
1443
1496
1406
1581
1708
1876
2158
10963
3454
4491
2120
2332
2162
2061
2030
1511
1504
1660
1537
1592
1332
1516
1364
1374
1420
1567
1366
1481
1564
1440
1439
1609
1726
2368
1938
1552
1447
1588
1901
1494
1383
1401
1451
1408
1747
1349
1340
1386
1371
2226
1895
1515
2713
1557
2154
3526
2326
1603
1494
1520
1449
1459
1458
1386
13053
2558
2600
3787
1739
1731
1624
1413
1406
1561
1330
1508
1490
2296
1712
1473
1373
1490
1761
1431
1443
1428
1568
1483
1492
1891
1437
1472
1385
1412
1391
1780
2322
1722
1466
1587
1608
1460
1511
1410
1423
1463
1476
1398
1676
1404
1614
1632
1484
1519
1728
1745
1895
1363
1525
1462
1727
1849
1531
1479
1488
1665
1650
1441
1377
12598
1900
4767
1418
3086
2606
2356
2035
1924
1748
1446
2178
1931
2000
1367
1468
1453
1613
1541
1471
1464
1495
1772
1591
1576
1366
1579
1325
1425
1488
1979
1653
2117
1443
1461
1380
1458
1408
1439
1473
1370
1379
7098
5240
1532
2214
1344
1464
1964
4894
1341
1537
1514
1697
14933
2200
7199
2065
3172
2196
1457
3974
4402
3587
1446
1418
1489
1755
1441
1615
1699
1527
1530
1645
1457
1518
1431
1365
1423
1396
1969
3059
1869
1382
1505
1504
1368
1459
1452
1442
1529
1655
1994
1522
1364
1472
1347
1564
1714
1603
1835
1785
1327
1412
1538
1854
1364
1404
1430
1496
1446
13486
5183
2220
2132
1895
1606
1415
1413
1580
1699
1408
1705
1520
1534
1521
1904
1694
1906
1370
1356
1370
1870
1780
1415
1846
1474
1463
1544
1436
1482
1514
1581
1707
1739
1712
2250
1365
1418
1332
1646
1567
1536
1579
1450
1429
1367
12920
1718
1921
1560
1382
1591
1722
1409
1598
1411
11929
2192
4700
2464
2791
2500
1680
1404
1401
1598
1610
1854
1494
1420
1913
1595
1804
1463
2048
1377
1331
1830
1666
1711
1474
1327
1366
1373
1366
1513
1437
1462
1872
1395
1577
1612
18446744073708553235
2210
1592
1443
1372
1394
1629
1497
1401
1393
1323
1421
1570
1761
1579
1345
1345
1342
1722
1893
1533
2211
1475
1370
1596
1422
1693
1465
11985
3165
3415
3968
2269
1815
1479
1381
1413
1365
1370
1825
1565
1728
1355
1407
1399
1446
1435
1759
1926
2227
1502
1438
1453
1493
1618
1372
1378
1404
1373
1461
1792
1441
1510
1373
1506
1444
1824
1543
2403
1571
1524
1559
1614
1502
1393
1423
1341
1381
1486
1691
1496
1496
1653
1476
1366
1769
1466
4673
1446
1518
11619
3166
3174
3282
3535
1495
2444
1774
1971
1375
1533
1449
1533
1453
1578
1696
1414
1327
1401
1510
1573
1715
2109
1782
1767
1776
2130
1770
1782
1868
1667
1492
1633
1457
1399
1367
1415
1392
1967
2047
2837
1872
1783
1895
1846
1534
1413
1415
1379
2022
10090
1551
2323
1491
11482
4065
2548
5028
5402
1889
1858
2388
4085
1422
1381
1619
2936
1359
5283
4597
2705
1432
1436
1609
1702
1480
1859
1522
1408
1553
1544
1409
1375
1365
1324
1539
1609
1838
2413
1437
1385
1591
1655
1513
1533
1399
1698
1667
1602
1474
1365
1622
1357
1358
1388
1705
1426
11907
3375
3237
2713
2229
2127
1637
1655
1476
2498
1347
1591
1346
1578
1515
1341
1482
2018
1446
1582
1930
1834
2056
1722
1788
1794
1436
1713
1803
1456
1579
1499
1691
1446
1475
1627
1743
1765
1539
1340
1370
1365
1576
1605
1879
1631
2172
1421
1376
1385
1641
1440
1348
1655
1656
1435
1632
1627
1505
1376
1448
1344
1324
1849
1523
11924
2660
4876
2927
1711
2234
1944
1540
2323
1636
1397
1383
1445
1464
1406
1414
1426
1429
1446
1644
1877
1841
1746
1748
2061
1636
2186
1590
1406
1835
1715
1701
1450
1423
1416
1522
1402
1701
1578
2270
1427
1428
1381
1711
1638
2326
1517
1420
1432
1503
1872
1359
1516
1458
1589
1798
1699
1435
1515
1452
1621
1566
2224
1803
11479
2162
5852
2238
2715
2550
2874
2371
1498
1420
1627
1663
1391
1501
1393
1699
1540
1857
1526
1545
1379
1402
1458
1799
1510
2396
1538
1363
1508
1368
1593
1394
1395
1461
1402
1601
1530
1686
1462
1362
1463
1457
1515
1730
1797
1923
1507
1543
1473
1392
1457
1381
1413
1458
1595
1446
1726
1507
1598
1539
1574
1421
1754
1435
2530
1435
11663
4553
3198
2559
2360
1699
2376
1525
1382
1366
1448
1546
1364
1545
1368
1432
1403
1566
1680
1365
1480
1338
1433
1383
1834
1449
1585
2193
1544
1451
1598
1471
1509
1400
1414
1464
1439
1447
1431
1404
1422
1317
1337
1530
1751
1853
2024
1518
1419
1459
1649
1409
1395
1413
1392
1448
1610
2326
9168
2175
11409
2958
6524
2067
3136
13233
1506
1611
2301
5024
1744
1672
1588
1661
4621
1394
1436
1509
2580
1500
5724
3482
1395
1395
1402
1404
1701
1872
2170
1750
1636
1614
1461
1570
1406
1420
1392
1645
1967
1889
1453
1564
1345
1475
1359
1751
10583
18446744073708556769
2146
2369
2676
1376
1450
1425
1542
1895
1713
1997
1489
2928
1509
1466
1501
1414
1404
1549
1538
1658
1505
1754
1536
1506
1430
1740
1553
2411
1394
1549
1546
1872
1661
1481
1421
1502
1321
1630
1638
1356
1415
1371
1549
1458
1813
1608
2387
1383
1479
1352
1573
1530
1493
1645
1422
1596
1498
1780
1483
1366
1380
1400
1323
1848
1585
2296
1438
1333
1446
1638
1689
1432
1461
1574
10178
3444
5734
2224
2449
1680
1437
1522
1458
1559
1490
1983
1722
1436
1442
1493
1371
1764
1715
2322
1404
1802
1598
1712
1524
1507
1381
1474
1398
1660
1545
1357
1663
1416
1461
1424
1924
1943
1807
1405
1591
1434
1851
1403
1480
1399
1455
1399
1570
1648
1616
1434
1423
1636
1565
1822
1776
1697
1357
1330
1401
1533
1682
1384
1725
10968
2304
6858
1461
2675
2803
1697
1423
1402
1703
1761
1606
1423
1382
1470
1370
1402
1712
1519
2431
1378
1443
1392
1542
1755
1494
1596
1523
1404
1540
1872
1549
1397
1490
1329
1518
1726
1604
2291
1364
1770
1368
1654
1427
1373
1491
1384
1322
1492
1550
1628
1673
1561
1663
1544
1788
1523
2276
1363
1331
1444
1547
2180
1378
1326
11565
5839
2903
1978
2366
1770
1431
1622
1427
1377
1552
1468
1724
1493
1364
1412
1419
1367
2204
1597
2053
1337
1342
1562
1789
1528
1495
1426
1576
1417
1603
1556
1416
1374
1490
1710
1754
2106
1759
2167
1803
1580
1837
1561
1412
1463
1379
1576
1472
2202
7615
1880
3061
1431
3378
1566
1722
12150
10593
1494
3294
2061
1389
4837
1592
1680
1403
1326
3814
4727
3679
1478
1416
1588
1630
1629
1653
1548
1464
1646
1411
1516
1424
1422
1447
1591
2299
2483
1488
1358
1329
1449
1472
1631
1445
1380
1671
1636
1972
1595
1337
1485
1394
1335
1757
1541
2785
1505
1427
1496
1603
1914
1334
9884
4523
3489
4569
2292
2128
2322
2076
1524
1409
1485
1567
1424
1539
1397
1525
1536
1712
1529
2490
1464
1448
1430
1464
1871
1457
1375
1405
1473
1363
1491
1547
1413
1726
1334
1770
1901
1818
2291
1401
1415
1416
1513
1579
1467
1567
1510
1375
1523
1818
1563
1348
1333
1502
1503
1385
1853
1908
1671
1431
1364
1487
1699
1669
13001
1920
2283
5477
1914
2156
1985
1495
1382
1412
1447
1445
1687
1762
1453
1380
1479
1415
1413
1669
1893
2036
1490
1797
1611
1674
1552
1436
1391
1388
1484
1661
1550
1390
1604
1468
1387
1449
1767
1715
2167
1355
1544
1383
2120
1531
1377
1329
1372
1475
1585
1775
1402
1372
1350
1736
1525
1693
1572
2236
1326
1338
1369
12483
3704
2128
1909
4776
1415
2341
1713
1703
1581
1517
1756
1675
1401
1616
1625
1416
1501
1342
1326
1427
1795
1605
2208
1379
1322
1418
1555
8903
4574
1958
1412
1570
1794
1664
2201
1522
1703
1435
1650
1394
1397
1453
1519
1397
1624
1608
1366
1738
1373
1444
1325
1615
1520
2346
1406
1462
13220
2378
2404
4734
2489
2471
1564
1366
1439
1647
1580
1619
1431
1614
1521
1458
18446744073708553351
1410
1342
1413
1464
1397
1952
1558
2336
1385
1324
1454
1527
1708
1579
1411
1430
1634
1795
1525
1588
1600
1494
1413
1419
1951
1736
2363
1438
1378
1433
1454
1459
1433
1402
1431
1386
1482
1871
2075
7563
11279
2164
7398
4861
1908
3118
2479
2933
3153
2258
2954
1379
1743
4778
1494
1458
1611
2075
5966
3147
1769
1465
1708
1534
1468
1336
1631
1664
1417
1551
1381
1325
1622
4691
1819
1380
1342
1463
1532
1461
1367
1366
1803
1455
1830
1749
1403
1408
1495
1565
1442
1848
1605
2497
11781
4134
2779
2390
2691
2148
1885
1987
1658
1338
1472
1522
1624
1361
1395
1399
1554
1444
1673
1626
1339
1584
1421
1486
1722
1698
2100
1518
1435
1494
1878
1492
1385
1371
1470
1404
1576
1461
1500
1467
1413
1958
1598
1820
2286
1912
1409
1337
1541
1697
1509
1726
1441
1368
1410
1470
1680
1424
1327
1381
1386
1536
1782
1885
11422
4554
2305
3835
2024
1751
1695
1625
2007
1461
1437
1368
1405
1407
1457
1383
1502
1464
1406
1384
2012
1514
1366
1501
1396
1407
1901
1846
2359
1832
1544
1536
1540
1494
1385
1469
1433
1330
1489
1694
1476
2378
1543
1438
1542
1535
2198
1464
1480
1445
1370
1631
1406
1370
1514
1325
1556
1474
1733
1406
1361
1326
1595
13349
1968
5972
2261
2412
2267
1960
2690
1879
1437
1467
1434
1484
1442
2113
1483
1414
1509
1864
1476
1665
1554
1362
1359
1457
1364
1597
1601
2587
1452
1436
1450
1426
1666
1534
1439
1365
1485
1452
1840
1510
1415
1367
1467
1518
1491
1605
1742
1909
1443
1679
1396
1609
1510
1443
1377
1465
1391
1470
1739
1603
1672
1472
1450
1385
1758
1440
12305
2916
5752
1355
1806
2515
2410
1762
2101
1491
1371
1412
1478
1488
1507
1538
1494
1467
1509
1692
1425
1361
1322
1396
1376
1533
1808
2005
1711
1414
1334
1498
1732
1496
1518
1467
1756
1662
1780
1385
1376
1417
1360
1468
1628
1625
2351
1476
1490
1395
1417
1636
1423
1438
1553
1326
1490
1584
1918
1470
1882
6216
12474
2804
4113
6247
4432
2758
2069
5349
2227
1627
1334
1439
4751
1456
1438
1694
1547
3241
4910
4329
2185
1454
1550
1472
1600
1551
1484
1418
1478
1400
1477
2351
1671
2167
1450
1338
1454
1475
1537
1430
1440
1548
1742
2325
1553
1336
1459
1446
1416
1690
1608
2263
1385
1443
1326
1581
12155
2851
4987
2268
2669
2775
1685
1847
1533
1321
1454
1324
1346
1405
1604
1712
1672
1655
1453
1451
1661
1517
2283
1579
1402
1466
1692
1788
1346
1407
1438
1417
1452
1564
1452
1384
1573
1859
1460
1976
1516
2306
1481
1400
1536
1477
1570
1503
1529
1393
1470
1416
1642
1778
1330
11345
2511
1715
14466
2229
2510
3772
2995
1898
1677
1555
1603
1571
1479
1424
1480
1820
2101
1659
1514
1546
1432
1695
1577
2570
1412
1711
1579
1668
1697
1375
1325
1434
1400
1470
1531
1508
1543
1453
1421
1517
1554
18446744073708553327
2171
1539
1490
1460
1463
1649
1428
1390
1480
1359
1492
1461
1761
1626
1406
1549
1620
1657
1657
1426
2346
1396
1478
13047
2560
2846
3751
2219
3410
1989
2321
1861
1370
1419
1352
1691
1483
1972
1536
1451
1371
1378
1385
1454
1784
1860
1774
1375
1483
1503
1586
1608
1374
1386
1525
1324
1847
1546
1417
1624
1327
1410
1467
1695
1620
2028
1530
1680
1564
1421
1546
1407
1440
1388
1326
1414
1666
1476
1704
1383
1378
1341
1618
1609
2238
1559
1411
11673
4241
2022
3567
2437
3576
1534
2167
1772
1536
1531
1660
1448
1344
1371
1490
1712
1507
1493
1453
1343
1602
1867
1740
2053
1457
1442
1497
1599
1554
1523
1382
1647
1551
1515
1637
1335
1511
1425
1419
1371
1614
1716
2130
1408
1455
1363
1525
1515
1727
1431
1501
1373
1532
1914
1625
1371
1865
18202
2441
5016
3058
2446
1918
5965
1582
1372
1589
5074
1338
1409
1401
1484
2170
3813
1597
1575
4642
4107
2223
1870
1723
1446
1698
1584
1629
1510
1378
1438
1413
1505
1361
2478
1861
1838
1498
1382
1372
1405
1414
1470
1577
1887
1711
1994
1663
1460
1493
1414
1450
1611
11313
4922
2252
3037
2581
2048
1560
1494
1564
1604
2164
1458
1612
1385
1645
1586
1388
1527
1880
1543
1897
1908
2082
2031
1659
1582
1586
2376
1536
1397
1452
1841
1610
1483
1380
1582
1438
1526
1687
1374
1469
1557
1633
1484
1451
1993
1874
1826
1423
1486
1464
1514
1582
1482
1550
1329
1536
1658
1686
1450
1366
1459
1366
13896
2055
2782
5169
2557
2183
1751
2133
1742
2170
1389
1407
1387
1454
1459
1498
1454
1581
1536
1450
1760
1811
1485
1421
1430
1376
1482
1459
1500
1393
1455
1700
1435
1366
1804
1439
1386
1393
1434
1412
1720
1526
1590
2187
1347
1361
1595
1578
2598
1624
1325
1498
1859
1518
1369
1608
1388
1506
1620
1768
1404
1552
11048
4838
3164
2380
3127
2528
1722
1423
1440
1612
1584
1718
2253
1597
1400
1368
1379
1441
1472
1415
1408
1558
1506
1524
1913
1412
1489
1356
1493
1409
1744
1548
2494
1417
1367
1397
1423
1564
1409
1391
1362
1499
1620
1804
1599
1420
1391
1452
1417
1690
1642
2325
1660
1679
1439
1536
1593
1373
1396
1353
1367
1360
1512
1646
1782
1530
11534
3119
4371
2399
2586
2400
1703
1524
1490
1589
1522
1847
1781
2148
1493
1407
1455
1412
1653
1648
1395
1423
1363
1502
1606
1517
1334
1441
1415
1569
1903
1494
2521
1410
1397
1441
1372
1685
1412
1377
1694
1409
1568
1713
1335
1379
1451
1327
1407
1662
1614
1703
1429
1443
1446
1580
1442
1743
1395
1398
1346
1398
1744
1797
1513
1519
16041
3885
5248
3633
6017
11275
2008
3943
1548
6422
1836
1478
1491
1735
2921
1476
3946
4595
2440
1473
1511
1672
1532
1445
1398
1393
1400
2479
1839
2238
1536
1433
1479
1505
1651
1568
1414
1563
1617
1813
1735
1599
1364
1381
1366
1478
1604
18446744073708562225
3850
4484
1546
1623
1438
1365
1325
1445
1541
1699
2401
1569
2730
1641
1597
1491
2009
1369
1388
1462
1671
1720
1513
1662
1440
1476
1690
1815
2094
1335
1401
1558
1766
1894
1423
1546
1406
1467
1646
1609
1358
1495
1758
1362
1520
1758
1951
1961
1431
1423
1404
1597
1547
1683
1584
1363
1489
1533
1775
1368
1330
1358
1397
1354
1835
1566
2346
1561
1425
1457
1435
1665
1489
1492
1724
10489
5263
4636
1757
2477
1674
1469
1425
1381
1406
1795
1893
1462
1647
1585
1324
1683
1559
2280
1612
1657
1397
1480
1816
1484
1434
1595
1391
1527
1614
1679
1536
1476
2189
1484
1992
2230
1573
1418
1498
1562
1506
1529
1444
1553
1364
1482
1513
1727
1390
1375
1685
1458
1495
1860
1802
1941
1475
1377
1441
1697
11129
4814
3026
2531
3079
1456
1419
1456
1653
1483
1557
1683
1634
1735
1692
1382
1371
1498
1356
1401
1712
1620
2239
1521
1416
1409
1379
1443
1641
1371
1382
1455
1429
1694
1868
1408
1372
1500
1362
1445
1657
1573
2370
1686
1402
1434
1641
1456
1390
1521
1488
1509
1496
1772
1592
1421
1512
1526
1328
1712
1467
2334
1374
1343
1362
9945
3555
3021
5129
2136
3667
1728
1380
1490
1558
1580
1440
1385
1938
2038
1632
1469
1543
1438
1484
1635
1469
1436
1500
1438
1338
1600
1532
1651
1587
1336
1603
1377
1621
1627
1350
1493
1945
1396
1528
1666
1942
2642
1670
1719
1472
1498
1479
1502
1434
1521
1694
1827
1688
1632
1366
1651
1654
1626
1445
2229
2025
1329
1444
10077
4221
3072
3515
4461
1974
2718
2226
1941
1678
1356
1342
1523
1482
1697
1385
1421
1869
1453
1774
1448
2004
1565
1378
1431
1620
1586
1682
1441
1467
1351
1450
1519
1416
1334
1361
1439
1413
1690
1785
1523
2426
1602
1432
1385
1781
1460
1380
1389
1709
1508
1538
1670
1427
1420
1571
1354
1451
1696
1594
2152
1427
1423
1449
1491
1713
11533
5542
2453
2847
1770
2075
2374
1781
1387
1541
1483
1375
1630
1758
1772
1379
1540
1346
1465
1797
1460
2008
1457
1450
1432
1816
1650
1563
1372
1553
1330
1536
1604
1463
1517
1869
1533
1501
1733
1507
2521
1576
1469
1400
1572
1589
1459
1449
1436
1367
1519
1609
1601
1566
1492
1401
1589
1716
1550
2123
1507
1468
1462
1439
1679
12511
5105
2449
3387
2017
1802
1627
1562
1370
1420
1499
1429
1962
1847
1562
1332
1460
1410
1564
1825
1722
1914
1786
1429
1489
1460
1638
1497
1377
1484
1413
1416
1660
1775
1525
1386
2136
1503
1797
2016
1544
1464
1398
1790
1831
1467
1585
1365
1409
1427
1501
1597
1519
1366
1788
1676
1673
1614
2343
1476
1500
1394
11001
2964
3646
1745
4532
2478
1509
1419
1466
1482
1603
1392
1534
1681
1646
1595
1733
1398
1435
1440
1678
1434
1801
1779
2055
1426
1378
1486
1389
1568
1483
1378
11643
2488
1713
1793
2066
1627
1373
1464
1690
1570
1480
1528
1500
1393
1553
1810
1735
1592
1488
1329
1324
1815
1666
2110
1513
11793
6183
2354
1923
2333
2152
1736
1353
1596
1403
1743
1734
1523
1591
1415
1442
1597
18446744073708553192
1465
1464
1468
1364
1623
1824
1425
2270
1397
1427
1383
1578
1965
1687
1563
1503
1433
1611
1487
1460
1458
1498
1403
1614
1653
1840
2338
1444
1420
1451
1488
1429
1394
1468
1434
1650
1770
1967
1563
1443
1492
1376
1429
1512
1524
12006
2209
4386
3009
2170
2087
1892
1852
2003
1450
1413
1370
1598
1471
1422
1388
1675
1362
1609
1455
1674
1612
1434
1743
1484
1368
1633
1828
2095
1489
1398
1422
1599
1939
1507
1442
1375
1373
1661
1427
1430
1398
1442
1379
1836
1809
2132
1716
1452
1381
1435
1753
1362
1333
1511
1679
1529
1494
1729
1377
1448
1450
1575
13563
1446
3105
4332
2189
1742
2270
2142
2335
2419
2531
1437
1402
1553
1497
1420
1383
1338
1405
1419
1537
1678
1561
1447
1459
1459
1399
1769
1397
2479
1356
1399
1744
1445
1760
1330
1547
1413
1483
1480
1553
1420
1340
1539
1480
1506
1959
1720
2053
1417
1447
1628
1457
1816
1476
1413
1358
1449
1404
1829
1471
1481
1325
12343
2488
3220
1502
4185
1625
1418
1353
1435
1369
1446
1482
1641
1959
1775
1428
1460
1475
1578
1420
1363
1393
1406
1326
1655
1544
1713
1409
1402
1538
2135
1665
1393
2503
1612
1398
1441
1417
1460
1409
1375
1368
1575
1645
1469
1637
1360
1471
1328
2081
1602
1657
2267
1355
1430
1422
1566
1500
1459
1404
1380
1333
1372
1477
1695
1362
1342
1592
8779
4951
4634
2844
3841
3640
1778
2630
2606
3016
2142
1991
1818
1587
1474
1518
1425
1584
1487
1672
1381
1434
1371
1413
1370
1953
1482
2191
1472
1438
1413
1559
1870
1442
1389
1462
1485
1690
1482
1543
1384
1426
1378
1397
1495
1682
1815
2148
1600
1530
1581
1525
1610
1520
1416
1410
1605
1362
1777
1447
1470
1464
1347
1413
1806
1664
12502
2748
4437
1351
2514
3183
2361
2480
1486
1426
1572
1802
1639
1469
1548
1366
1343
1396
1527
1657
1331
1482
1431
1434
1803
1612
2298
1573
1396
1410
1574
2015
1631
1569
1589
1598
1666
1578
1423
1436
1416
1326
1440
1683
1840
2406
1383
1408
1461
1590
1574
1475
1464
1525
1575
1700
1817
1385
1423
1372
1450
1324
1614
9736
5329
2070
3773
3443
2003
2207
1913
1598
2270
1393
1425
1830
1638
1589
1382
1530
1494
1428
1701
1638
1365
1325
1633
1485
1517
1798
1436
2368
1407
1378
1458
1391
1706
1534
1382
1513
1365
1501
1621
1576
1411
1523
1326
1453
1975
1692
2415
1478
1490
1394
1577
1588
1406
1451
1579
1599
1461
1888
1525
1364
1474
1360
1375
1596
1837
10159
4344
3210
4879
1702
2555
2040
1690
2288
1625
1451
1460
1527
1738
1395
1404
1480
1401
1445
1703
1704
1611
1468
1494
1410
1733
1620
2248
1406
1405
1714
1707
1630
1325
1509
1453
1561
1544
1554
1472
1481
1890
1419
1435
1787
1571
2053
1389
1362
1585
1573
1860
1383
1481
1327
1379
1486
12968
2047
11549
4580
2791
3725
2724
4018
1528
2087
2288
1726
1403
1512
1424
1362
1875
1493
1661
1438
1468
1504
1467
1640
1574
2266
1658
1460
1343
1415
1696
1476
1327
1366
1443
1364
1463
1668
1736
1678
1454
2265
1551
18446744073708553139
3120
1546
1481
1564
1415
1418
1357
1401
1416
1375
1510
1689
1542
1496
1601
1613
1538
1629
1636
2057
1592
1418
11370
4039
1612
3062
1708
1638
1863
2461
1477
1516
1378
1594
1463
1421
1810
1362
1577
1449
1709
1407
1340
7112
2260
2941
1458
4793
1373
1429
1359
1599
1920
4345
1464
1330
1575
3367
3122
1836
4084
1736
3443
1384
1570
5183
3903
2518
15718
4199
3821
2212
5622
5280
2588
2709
2242
2889
2718
5909
1901
1684
1806
1989
3008
1509
3428
4402
2625
1577
1373
1440
1595
1384
1506
1774
2477
2193
1407
1393
1501
1606
1441
1563
1371
1333
1629
1542
2004
1428
1414
1335
1459
1449
1665
1957
2021
1573
1382
1524
1560
11329
5109
1479
1937
1581
2092
1506
1940
3215
1495
1422
1431
1568
1498
1404
1737
1456
1477
1662
1443
1448
1782
1708
1906
1366
1361
1352
1795
1883
1564
1427
1498
1366
1655
1569
1439
1380
1342
1502
1653
1678
1766
2333
1395
1409
1373
1590
1514
1503
1543
1652
1643
1464
1748
1463
1324
1340
1459
1592
1693
1719
2277
1456
1444
1419
1372
1869
1427
1405
1476
1419
1535
11581
3436
3704
3716
2938
2596
2834
2291
2388
2057
1579
1521
1564
1580
1417
1376
1407
1710
1585
1535
1358
1546
1471
1566
1441
1805
1473
1627
1773
1437
1839
1705
1995
1717
1337
1366
1409
1666
2033
1555
1650
1448
1409
1560
1818
1443
1341
1348
1372
1681
1788
1991
1765
1409
1392
1533
11537
2499
3259
2533
2301
2285
1518
1826
1432
2531
1427
1650
1434
1331
1582
1759
1852
1541
1379
1542
1421
1518
1707
2109
1929
1335
1445
1573
1842
1413
1334
1442
1365
1526
1575
1749
1391
1827
1504
2192
1907
1587
2300
1337
1420
1830
1564
1487
1363
1408
1503
1480
1474
1676
1672
1646
1527
1780
1463
1881
1433
1947
1829
1390
1425
1831
1578
1374
1378
1378
1868
11945
5087
3047
2078
1499
1434
1790
1382
1583
1578
1754
1426
1323
1387
1451
1363
1773
2186
1914
1708
1419
1461
1517
1533
1386
1374
1488
1748
1528
1669
1346
1464
1395
1322
1531
1741
2436
2021
1430
1367
1432
1511
1506
1409
1468
1365
1324
1408
1581
1686
1574
1419
1497
1377
2264
1553
2361
1393
1391
1722
1837
1576
1342
1357
11269
4228
4827
1627
2208
1790
1538
1407
1464
1480
1425
1579
1718
1349
1346
1421
1533
1596
1755
1638
2216
1402
1352
1400
1776
1600
1356
1589
1440
1485
1418
1636
1370
1347
1366
1510
1429
1725
1540
2362
1544
1461
1486
1412
2306
1344
1368
1338
1370
1705
1823
1423
1327
1382
1355
1341
1388
1891
1366
1626
1743
1367
1624
11401
2683
14524
2847
1763
1405
1589
1373
1401
1539
1743
1473
1473
1502
1444
1422
1743
1600
2173
1593
1400
1462
1453
1964
1520
1373
1395
1440
1358
1670
1760
1502
1408
1361
1856
2067
1853
2138
1663
1391
1412
1551
1498
1490
1578
1419
1408
1550
1806
1472
1374
1361
1379
1409
1758
1677
2475
1398
1336
18446744073708565362
3445
1827
1699
2011
2232
2351
1516
1452
1401
1671
1535
1483
1436
1423
1452
1457
1866
1621
1439
1385
1445
1329
1745
1548
2711
1442
1358
1705
1631
1518
1507
1401
1500
1428
1656
1613
1362
1432
1628
1392
1411
1703
1564
2524
1419
1460
1417
1464
1738
1455
1556
1354
1342
1439
1698
1531
1586
1331
1450
1581
1790
13285
2204
3354
2700
2155
2219
1378
1498
1627
1742
2487
1478
1464
1370
1459
1413
1380
1802
1488
1686
1610
1705
1548
1594
1360
1407
1489
1887
1813
2329
1576
1540
1457
1699
1635
1369
1477
1434
1558
1620
1587
1524
1426
1458
1359
1465
1964
2073
1795
1404
1683
1931
1873
1769
1838
1751
1745
2002
1502
1474
1553
1422
1411
12040
3286
4532
2127
1767
1480
1391
1850
1719
1793
1723
2234
1411
1400
1442
1476
1456
1514
1750
1458
1392
1532
1817
1593
1469
1412
1515
1458
1674
1782
2130
1364
1343
1473
1477
1707
1468
1788
1419
1666
1679
1714
1527
1477
1410
1363
1430
1672
1563
2632
1594
1422
1396
1702
1463
1335
1420
1427
1363
1559
1727
1471
1488
1421
1496
12310
2734
2990
4570
2047
1965
2098
1581
1419
1808
1658
2303
1395
1412
1408
1421
1727
1370
1439
1435
1323
1434
1446
1876
1494
1660
1573
1701
1886
1577
2235
1372
1338
1336
1472
1677
1512
1636
1522
1574
1434
1660
1329
1374
1429
1367
1807
1623
2151
2233
1681
1485
1677
1646
1447
1499
1420
1464
1669
1591
1695
1820
1758
1913
1838
8966
4899
2145
5279
2772
4150
1454
2717
2524
1859
1458
1867
1568
1479
1342
1426
1450
1367
1401
1558
1692
1330
2072
1931
1940
1998
2688
1746
1416
1592
1458
1918
1510
1362
1395
1415
1515
1538
1333
1344
1494
1362
1651
1703
1624
2257
1677
1513
1499
1584
1526
1431
1705
1505
1491
1555
1654
1505
1334
1426
1534
1418
1657
1777
2277
1500
11339
2741
4067
3060
1736
3578
1849
1851
1449
1481
1577
1467
1364
1443
1354
1385
1431
1541
1800
1473
1434
1400
1467
1449
1862
1369
1835
1954
1644
1506
1644
1516
1415
1376
1367
1398
1445
1543
1392
1580
1567
1554
1374
1733
1670
2291
1547
1428
1540
1798
1713
1448
1462
1556
1463
1676
1683
1369
1337
1516
1864
1676
1996
2194
1567
13746
2674
2601
3372
2637
2315
2211
1527
1371
1511
1585
1608
1333
1471
1333
1708
1685
1633
1472
1330
1446
1362
1478
1526
1559
2582
1393
1458
1397
1551
1841
1460
1378
1408
1384
1393
1879
1509
1480
1360
1369
1351
1433
1837
1973
1882
1524
1831
1725
1546
1519
1541
1376
1472
1500
1751
1332
1575
1573
1470
1426
1603
1597
11657
2626
3357
4755
1377
2413
2324
1927
3410
1691
1390
1386
1474
1402
1701
1657
1527
1613
1746
1513
1393
1360
1551
1481
1739
1619
2283
1391
1407
1450
10024
2761
2263
1620
1498
1438
1591
1705
2319
1655
1504
1489
1364
1412
1447
1444
1416
1483
1384
1665
1800
1564
1600
1372
1412
1399
1784
1604
11523
4716
1518
4932
1943
1810
1648
1544
2355
1387
1405
1522
1544
1568
1443
1409
1470
1375
1564
1565
18446744073708553162
1422
1402
1350
1560
1607
1834
2045
1700
1428
1412
1497
1805
1734
1625
1456
1344
1521
1611
1442
1391
1646
1332
1558
1461
1750
2070
1872
1397
1474
1501
2147
1767
1382
1407
1500
1581
1677
1423
1373
1479
1516
1420
1622
1501
2352
12716
3999
2977
2479
2136
2794
1850
2191
1436
1581
1418
1471
1408
1401
1443
1531
1485
1534
1748
1368
1774
1488
1505
1571
1797
2120
1783
1406
1362
1513
1695
1413
1496
1328
1510
1373
1464
1578
1338
1396
1338
2401
1489
1902
1477
1562
2289
1470
1589
1473
1329
1472
1679
1425
1490
1626
1591
1478
1379
1616
1542
1447
12971
1447
3943
2719
3018
1778
1344
1338
1630
1701
2188
1853
1434
1394
1431
1432
1497
1424
1424
1469
1394
1607
1973
1618
1536
1456
1438
1464
1797
1621
2105
1387
1585
1504
1624
1495
1432
1330
1397
1401
1475
1676
1329
1499
1463
1756
1551
1562
1622
2458
1457
1544
1404
1503
1761
1460
1376
1414
1319
1452
1526
1560
1366
12866
2460
4551
2819
1877
3441
2397
1668
1334
1499
1925
1802
2273
1387
1527
1422
1464
1544
1369
1425
1353
1692
1379
2003
1444
1330
1372
1347
1357
1618
1656
2467
1691
1395
1469
1532
1654
1553
1387
1389
1446
1584
1745
1464
1565
1390
1401
1467
2273
1524
2389
1555
1501
1507
1493
1612
1480
1385
1447
1330
1448
1485
1613
1468
1632
11786
2848
5898
2422
4003
2546
2718
2926
2331
2457
2569
2039
2293
1729
1684
1533
1688
1656
1607
1661
1328
1389
1527
1544
1567
1726
1526
1497
1424
1429
1543
1697
1372
1350
1387
1645
1517
1808
1414
1923
1455
1327
1510
1641
1539
2408
1509
1495
1418
1546
1560
1500
1498
1496
1329
1500
1765
2023
1422
1531
1376
1457
1601
1587
11747
2650
4489
1594
3571
1601
1539
1658
1477
2110
1582
1442
1482
1600
1602
1485
1479
1469
1472
1536
1683
1526
1330
1370
1442
1650
1849
1517
2104
1431
1387
1465
1523
1653
1430
1496
1598
1578
1472
1671
1471
1493
1364
1420
1402
1488
1896
1406
2065
1651
1371
1479
1514
1487
1431
1614
1367
1601
1660
1576
1536
1387
1415
1359
1486
1631
1426
2415
12060
2022
5893
1520
1920
2282
1568
2428
1390
1487
1451
1458
1664
1412
1691
1474
1377
1536
1513
1585
1473
1581
1453
1477
1476
1651
2052
1568
1447
1383
1460
1572
2005
1786
1857
1700
2005
1854
1738
1689
1510
1695
2036
1649
2280
1480
1425
1471
1659
1557
1464
1563
1571
1446
1563
1534
1564
1396
1474
1371
1412
1672
1451
1969
11229
4314
2898
2606
3693
2151
1826
2200
1405
1458
1487
1522
1573
1374
1449
1385
1327
1476
1793
1512
1592
1372
1481
1411
1553
1486
2219
1589
1423
1650
1419
1810
1566
1382
1410
1452
1498
1582
1524
1428
1991
1620
1532
1661
1569
2391
1566
1407
1411
1601
1653
1406
1535
1404
1556
1405
1773
1455
1427
6833
1563
1478
6182
5532
4149
4120
3812
2719
4533
1618
2289
1756
1541
1419
1426
1434
1721
1834
1573
1572
1331
1459
1412
1768
2133
2287
2115
1741
1880
2018
1841
1432
1447
1497
1369
1554
1622
1502
1529
1427
1437
1455
18446744073708554187
1885
1983
1545
1531
1508
1535
1446
1584
1722
1385
1616
1689
1673
1650
1566
1417
1545
2049
1906
1899
1445
1515
1522
1984
1513
11728
2735
5198
4083
2026
2155
2378
2060
1771
1794
1489
1573
1548
1411
1449
1482
1420
1728
1580
1797
1476
1486
1505
1551
1502
1520
1389
1419
1528
1578
1686
1414
1537
1508
1709
1690
1635
1955
1840
1558
2359
2349
1739
2158
1957
1708
1766
1991
1750
1729
1392
1664
1776
1625
2435
1480
1612
2089
1824
13103
4040
6314
2435
2214
4202
2120
2298
1800
1680
1403
1372
1346
2034
1669
1985
2960
1429
1629
1504
1493
1629
1805
1413
1713
1533
1726
1444
1417
1375
1400
1363
1453
1711
2313
2773
1690
1462
1637
1441
1472
1542
1373
1846
1979
1907
1616
1431
1437
1464
1622
1587
2454
1613
1567
1913
1468
1614
1433
1522
1599
1571
13676
3194
2310
4127
3834
2079
2214
2831
1947
1482
1576
1683
1937
1636
2129
1405
1409
1420
1926
1844
1466
1376
1452
1407
1599
1577
1440
1356
1433
1644
1582
2358
2013
2307
1586
1497
1604
1542
1631
1503
1724
1721
1840
1613
1376
1323
1447
1458
1802
1780
2899
1658
1616
1880
1647
1495
1456
1381
1679
1749
1905
1573
1560
12260
2690
3191
3470
4754
3702
3084
2633
2688
2215
1468
2065
1973
2092
1379
1378
1370
1536
1495
1697
1328
1863
1877
1524
1883
1906
2061
1574
1388
1363
1394
2083
1709
1949
1388
1475
1661
1674
1603
1436
1450
1739
1638
2089
2275
1848
1417
1585
1474
1792
1667
1537
1746
1391
1582
1540
1365
1518
1415
1321
1496
1742
2405
11995
5603
2850
3416
1999
2243
3133
2250
1999
2042
1983
1568
1360
1837
1423
1899
1542
1865
1942
1838
1552
2389
1770
1851
1719
1454
1474
1477
1468
1335
1373
1714
1640
1686
1735
1709
1763
2185
2535
1476
2206
1434
1347
1577
1885
1883
1711
1454
1564
1484
1600
1551
1412
1404
1523
1764
1635
2067
2664
12965
3404
2533
3608
2065
1951
1789
3071
1469
1447
1449
1537
1445
1542
1386
1838
1908
1732
1602
1394
1600
1367
1879
1933
2145
1870
1921
1668
1448
1471
1563
1424
1448
1325
1406
1523
1858
1590
1874
1487
1458
1660
1439
2242
1640
1575
1641
1885
1621
1371
1441
1444
1344
1382
1583
1369
1568
1540
1521
1467
1711
1658
13122
2360
3886
3037
1602
3912
2059
2513
1484
1495
1494
1415
1604
1531
1566
1708
1568
1819
1558
1327
1448
1447
1376
1574
2074
2202
2685
1481
1370
1518
1397
1378
1439
1369
1762
1619
2002
1683
1382
1536
1407
1512
1608
1529
2114
1620
1671
1546
1610
1686
1376
1365
1511
1363
1516
1957
1450
1555
1667
1461
1485
13779
3828
1426
4883
5533
4233
2573
4455
3548
4134
2781
1625
2166
1712
1701
1532
2366
2080
2090
1527
1417
1486
1536
1559
1556
1767
1835
1858
1731
1377
1346
1436
1467
1423
1787
1746
3056
1553
1578
1565
18446744073708553375
1507
1332
1561
1794
1616
1844
1597
1455
1419
1388
1470
1769
1486
1795
3015
1677
1505
1534
1373
1519
1408
1391
1451
1570
1771
1385
1424
1356
1353
1422
11775
3172
3034
3357
4031
1970
2223
2961
2040
1875
1376
1473
1757
1801
1808
1777
1410
1450
1415
1739
1403
1337
1342
1815
1526
1867
1914
1652
1580
1637
1598
1972
1831
1631
2545
1627
1562
1425
1483
1408
1431
1467
1532
1810
1697
1724
1405
1532
1383
1409
1439
1447
1420
1523
1394
1757
1664
1499
1364
1360
1445
1342
1404
1744
11200
1939
3451
4680
2471
3078
3466
1809
2415
2252
2198
2410
1668
1553
1407
1648
1681
1755
1677
1391
1406
1506
1440
1502
1401
1469
1516
1374
1418
1741
1755
1506
1379
1391
1432
1418
1653
1501
1373
1386
1595
1333
1474
1911
1736
1722
1473
1461
1477
1631
1483
1574
1389
1365
1459
1621
1610
1410
1328
1461
1583
1396
1936
1546
2319
1395
1468
1371
12266
4991
1405
2544
3152
2614
1664
1415
1448
1457
1422
1418
1412
1329
1534
1724
1842
1429
1323
1443
1503
1682
1744
2145
1422
1606
1353
1496
1755
1475
1423
1393
1413
1350
1431
1534
1581
1955
1573
1402
1425
1614
1719
2162
1424
1578
1427
1968
1427
1347
1361
1326
1562
1469
1659
1411
1512
1407
1769
1708
1676
2104
1655
1423
13652
2403
4190
1395
4421
4009
1976
1880
1601
1480
1462
1441
1736
1683
1618
1509
1380
1454
1382
1609
1723
1479
1817
1637
1430
1441
1444
1555
1556
1411
1371
1764
1374
1826
1648
1395
1457
1471
1445
1600
1930
2110
1675
1610
1383
1518
1618
1409
1396
1446
1478
1393
1509
1610
1831
1351
1559
1515
1440
1644
1872
2015
1434
13772
2797
1387
2323
3365
1985
1593
2184
1505
1587
1544
1491
1640
1486
1353
1437
1471
1753
1693
1836
1809
1409
1664
1779
1719
1867
1478
1373
1570
1493
1607
1398
1397
1740
1396
1569
1533
1365
1354
1544
1386
1598
1632
1534
2185
1481
1423
1501
1490
1582
1419
1407
1426
1421
1410
1749
1873
1448
1520
1346
1542
1445
1670
1905
11671
4233
4499
2418
1702
1872
1745
1736
2113
1444
1499
1531
1534
1433
1374
1432
1473
1418
1637
1663
1369
1447
1556
1599
1507
1705
1455
2403
1485
1427
1551
1739
1725
1685
1627
1372
1363
1666
1439
1392
1391
1410
1323
1491
1708
1573
2434
1462
1428
1427
1578
1543
1426
1534
1608
1419
1608
1689
1369
1347
1397
1400
1507
1444
14317
2018
2723
2467
3398
1930
1696
1643
2332
2111
1948
1459
1452
1611
1467
1402
1389
1388
1413
1871
1710
1768
1384
1421
1432
1524
1849
1532
2225
1416
1459
1439
2096
1514
1328
1398
1412
1371
1554
1486
1342
1339
1413
1614
1540
1739
1699
2293
1342
1422
1368
1565
1636
1770
1448
1711
1399
1584
1620
1375
1344
1326
1410
1416
24334
3263
2552
3089
2748
3069
2161
2608
2608
2299
1636
1671
1962
1561
1365
1543
1402
1473
1725
2027
1842
1696
1435
1414
1665
1583
1381
1406
1465
1380
1647
1620
1634
1437
1467
1415
1492
1858
1751
2167
1419
1447
1743
1571
1502
1488
1341
1410
1385
1595
1661
18446744073708553016
1579
1686
1426
1450
1794
1934
1847
1431
1327
1489
10303
4139
2981
4193
4247
1391
2352
2250
1932
1587
1639
1410
1501
1658
1621
1592
1423
1441
1384
1572
1656
1865
1523
1490
1324
1460
1446
1672
1404
1339
1455
1362
1631
1756
1427
1430
1420
1535
1344
1683
1668
2406
1488
1748
1329
1555
1616
1341
1438
1579
1383
1567
1667
1667
1748
1801
1480
1433
1549
1660
2278
1427
1394
1563
12810
2214
2603
4048
3047
2035
2290
1664
1444
1473
1423
1439
1409
1346
1553
1722
1449
1376
1433
1555
1364
1837
1608
2120
1484
1434
1405
1440
1585
1413
1374
1485
1542
1744
1702
1390
1413
1436
1533
1448
1599
1506
2647
1350
1479
1369
1377
1450
1425
1483
1452
1389
1385
1789
1849
1357
1599
1525
1387
1497
1536
1464
2337
12985
1965
2472
3405
2192
1686
1798
1812
1863
1436
1412
1414
1644
1611
1408
1411
1429
1367
1435
1745
1386
1339
1379
1812
1534
1782
1595
2149
1611
1371
1402
1386
1584
1625
1389
1424
1475
1396
1417
1467
1327
1328
1531
1364
1536
1788
1571
2497
1463
1406
1356
1450
1618
1379
1353
1736
1332
1499
1462
1734
1449
1326
1392
1416
1407
1836
1580
10218
2985
4193
2898
3744
1820
2818
2614
1679
1568
1431
1395
1564
1462
1420
1397
1426
1404
1418
1846
1674
1405
1389
1447
1780
1687
2562
1433
1495
1665
2036
1995
1710
1709
1488
1421
1599
1413
1433
1401
1889
1775
1658
1604
2274
1455
1407
1501
1466
1573
1593
1655
1492
1544
1455
1742
3308
1493
1370
1379
2692
1588
2219
12117
3339
3321
3759
3766
3665
1734
2505
2404
1549
1461
1449
1331
2951
1790
1471
1410
2158
1444
1652
1714
3447
2032
1843
1931
2385
1922
1516
1416
2218
1786
1407
1593
1506
2351
1738
2288
1386
2149
1666
1757
1621
1454
2100
1767
1470
1647
1586
1879
1479
1620
1512
3674
1655
2056
12110
3316
2989
3389
2176
1897
2378
1585
1382
1514
1563
1572
1512
1460
1695
1677
1418
1749
1478
1374
1337
1381
1486
2100
2146
2352
1461
1346
1580
1628
1529
1478
1484
1397
1361
1793
1639
1408
1421
1434
1433
1426
1804
2052
1623
1644
1539
1407
1432
1639
1410
1503
1338
1411
1615
1653
1627
1467
1526
1404
1761
1918
1935
12379
3190
3785
1934
2488
1530
1722
1724
2299
1483
1399
1415
1409
1505
1758
1866
1700
1754
1910
2064
1698
1719
1371
1473
1843
1556
2431
1421
1481
1390
1543
2019
1359
1461
1604
1519
1515
2340
1451
1502
1373
1438
2278
1805
2276
1491
1913
1437
1596
1498
1438
2037
1534
1569
1757
2301
1531
1443
1409
13156
2728
5080
2156
3655
3234
1695
1655
1693
2978
1410
1389
1607
1959
1521
1405
1397
1330
10823
6380
2894
1521
1692
1874
1491
1456
1450
1370
1443
1601
1379
1466
1565
1448
1586
1674
1947
1939
1550
1445
1418
1391
1494
1373
1415
1566
1738
1495
2028
1874
1693
1812
9523
23202
18446744073708563020
5605
3891
7901
6405
3206
4949
4447
2336
1594
1697
2433
5833
2242
2796
1439
3415
4016
1420
1396
4303
1518
1383
1479
1528
3750
2393
1430
3853
1843
1449
3858
1407
1474
1574
3916
1434
1394
1571
4829
12300
1977
6976
1408
1442
1725
3073
1410
1642
3576
1945
1856
5421
5206
1420
1369
3155
3274
1627
5979
1550
1438
1474
1376
1398
5115
1512
1455
1728
1821
4604
1509
1417
1456
1644
2146
3938
1433
1445
1595
2822
1373
3767
1721
13240
4388
7719
1651
2739
1613
2365
1408
3953
1976
4175
1405
1569
5279
1564
1383
1451
1750
3102
4857
3571
2487
5141
1677
1764
1656
5629
1833
1996
1354
1331
1648
4222
1571
3092
2231
6701
12321
4362
4586
2000
2103
6089
5947
2621
1683
1502
1653
2561
1643
2227
1684
2025
1413
1436
1419
1361
2296
2005
2775
2078
1440
1421
1636
1745
2163
1490
1712
1748
2233
2064
1456
1467
1486
2106
1660
1500
1738
1561
2324
1592
1574
1334
1383
2074
1674
1528
1598
12738
4196
3387
1382
2367
1559
3789
1403
1331
2402
1656
1787
1593
2870
1592
1438
1419
1678
2563
1543
1373
1580
1590
2228
1705
1362
1383
1386
2486
1588
2347
1350
2230
1601
1566
1447
1371
2398
1608
1713
1653
2219
1501
1389
1406
1773
2311
2041
1490
1375
1891
1593
1641
1423
6892
5087
1560
1599
1723
14342
2059
6414
4411
5033
3710
2752
5817
2068
1790
2572
2290
3147
2445
5513
3876
2205
1702
1493
2028
1379
1480
1512
1815
2102
1484
1493
1739
2807
2337
1506
1410
1995
1632
1512
1396
1507
2650
2002
1695
1474
2065
1482
1563
1738
1814
3054
1483
1375
1486
2348
1514
1501
1383
1336
13245
4724
3166
3439
2974
2004
2098
3274
2014
1859
1787
3088
2374
2287
2017
1887
1544
1518
1594
2078
1504
1467
1618
2197
1437
1670
1629
1419
2434
2402
1506
1372
2096
1810
1823
1385
1468
2065
1483
1598
1400
1335
2345
1482
1924
1930
2769
1493
1568
1391
1532
2224
1448
1599
1484
1808
2055
13120
4112
3385
3269
3051
2951
2661
1395
1388
1400
13374
4574
1577
1446
1504
1680
2080
1579
1402
1527
1584
2324
1579
2007
1426
2169
1743
1583
1417
1411
2026
1505
1566
1547
1427
2137
1627
1542
1808
2802
1579
1421
1450
1443
2058
1727
1551
1415
1464
2192
13727
1884
2925
18446744073708556840
2439
2415
2664
2177
1765
1398
1580
2856
1740
2377
1876
1478
1542
1481
1452
2142
1759
1747
1499
1607
2013
1457
1367
1457
1565
2903
1958
1756
1426
1865
1764
1495
1463
1348
1885
1509
1492
1733
1609
2781
1340
1472
1821
2990
1432
1432
1677
1873
2065
1464
1521
1434
2170
1908
13715
2410
6139
1558
2307
1939
2665
1479
1368
1701
1571
1975
1746
2449
1372
1945
1503
1667
1509
1530
2444
1465
1460
1552
1937
1437
1492
1349
1454
1845
2286
2244
1513
1364
2265
1719
1609
1923
6506
3662
1354
1411
4994
2564
1513
1438
2730
1441
2378
4121
1798
1665
15538
2651
2902
4220
3246
5903
4830
3618
1439
1380
1422
1685
1707
1476
1407
1376
1564
1591
1603
1481
1434
1457
1549
1973
2141
2419
1472
1501
1486
1602
1588
1416
1678
1623
1667
1842
1513
1517
1452
1415
1415
1702
1789
2397
1462
1479
1401
1486
1492
1406
1349
1402
1524
1854
1909
1596
1393
1457
13625
1929
1607
4648
1533
1561
1722
1625
1571
1479
1416
1797
1625
2389
1423
1404
1794
1639
1545
1374
1448
1326
1330
1396
1534
1529
1562
1551
1408
1571
1563
1774
2099
1596
1419
1415
1481
1821
1772
1562
1324
1404
1412
1448
1536
1358
1482
1624
2125
1741
1693
2363
1508
1752
1423
2048
1479
1459
1624
1585
1809
1536
1595
1541
1413
1425
12068
3094
1917
4405
1885
2587
1662
1389
1528
1492
1691
1630
3148
1574
1449
1454
1551
1378
1455
1439
1512
1338
1601
1840
1575
1386
1565
1415
1485
1722
1683
2026
1519
1360
1670
1547
1650
1402
1375
1401
1350
1407
1622
1495
1443
1712
1384
1518
1602
1730
1497
2173
1449
1460
1437
1853
1581
1382
1477
1432
1486
11633
4612
2732
2137
3484
1912
1475
1552
1481
1511
1408
1343
1403
1461
1458
1873
1692
1811
1454
1478
1448
1570
1633
1666
1449
1435
1500
1888
1899
1368
1341
1368
1496
1345
1582
1525
2255
1662
1461
1470
1552
1577
1496
1372
1434
1468
1449
1453
1704
1521
1489
1425
1358
1447
1667
1628
2273
1473
1406
1687
1579
1662
1487
1558
1495
1398
11305
6187
3210
3192
4267
2069
1853
1433
1413
1333
1436
1324
1942
2227
2761
1857
1791
1809
1924
1854
1887
1400
1494
1510
1717
1381
1337
1430
1422
1421
1561
1735
2271
1447
1558
1574
1650
1811
1571
1958
5990
3775
1337
1565
4940
2792
1364
3083
1607
1351
5157
13110
2951
3655
4216
2717
2399
4859
4158
1430
1578
1975
2479
1466
1560
1496
1696
2285
1497
1667
1373
1546
1615
1442
1379
1419
1365
1350
1608
1799
2147
1926
1470
1373
1463
1743
1581
1394
13210
2717
2842
2149
1453
1477
1555
2211
1563
1630
12535
4115
4856
2295
1830
3011
1473
2577
1548
2770
8131
1808
2153
3913
1463
6019
1418
1406
1694
18446744073708553265
2057
2609
5162
4744
2826
3283
6105
1520
1580
1495
3461
1651
5715
1883
1422
1391
2019
3393
1690
14793
4132
4752
4248
7805
3453
2578
2553
1735
2526
1898
2051
1473
1697
1674
2823
1504
1508
1708
2655
1533
1538
1523
1