238
180
176
217
175
176
175
189
202
173
174
176
187
290
176
176
175
175
176
174
174
166
175
182
174
180
165
175
176
176
335
183
171
218
174
177
212
175
164
175
175
175
176
175
176
176
175
175
165
174
174
175
173
175
175
165
178
175
176
178
176
166
175
176
174
328
175
176
175
165
175
166
174
167
178
175
175
175
177
174
173
174
174
174
173
174
173
174
227
177
347
176
175
175
174
210
175
174
175
224
180
228
229
229
277
221
186
180
229
175
175
175
176
174
248
174
165
165
182
175
175
175
190
175
173
175
175
165
175
174
175
170
174
174
179
224
178
190
285
2553
180
181
175
174
175
174
176
166
166
176
164
174
175
175
176
182
176
164
174
175
165
175
166
174
175
177
175
174
174
175
175
174
244
164
164
175
181
165
176
175
175
269
187
175
175
188
175
166
190
177
175
175
176
177
176
173
188
175
165
270
178
187
175
1222
1878
167
176
166
164
175
171
166
201
177
166
175
174
167
176
279
176
176
175
176
166
218
177
166
175
175
240
174
174
175
173
174
217
398
177
328
165
175
238
175
176
175
176
224
243
174
175
294
243
176
305
167
175
175
177
175
176
176
175
182
238
166
175
174
174
307
174
191
175
183
176
174
166
176
175
174
173
175
175
212
179
175
175
262
176
174
175
174
174
174
174
176
174
176
175
194
174
175
178
180
166
165
174
165
175
174
175
173
190
175
180
175
174
173
188
180
174
174
174
175
173
174
174
247
178
1197
182
394
225
181
176
165
206
176
164
175
175
176
176
178
174
174
226
165
174
189
164
236
270
183
176
267
180
191
215
175
175
174
180
209
175
182
174
193
229
200
176
175
181
175
175
201
176
175
174
174
173
191
176
174
175
190
296
176
224
213
176
212
188
176
176
184
174
175
166
175
163
174
176
231
166
181
175
165
174
175
176
202
181
174
174
181
175
166
175
174
210
165
196
174
174
175
175
295
166
175
213
175
347
175
211
165
175
175
178
210
175
166
178
176
175
175
174
308
174
184
176
174
178
176
174
175
175
166
175
165
165
175
168
173
164
180
174
166
177
166
165
177
177
180
185
166
188
180
174
175
212
174
165
175
246
238
175
165
171
275
164
165
165
175
218
181
175
177
176
178
175
187
212
195
175
213
183
177
241
191
175
175
175
174
243
174
213
164
174
174
219
174
164
179
217
174
176
173
161
179
165
208
175
246
214
253
183
175
226
177
177
177
176
177
189
228
176
186
177
175
197
176
185
177
175
174
