226
218
162
324
196
177
228
171
235
170
188
257
178
171
222
174
177
161
181
170
232
215
180
171
200
280
172
254
179
184
266
7953
180
175
242
177
179
186
222
179
176
176
177
166
204
191
178
172
227
175
227
167
180
177
252
177
220
177
215
175
179
214
217
178
213
182
175
173
189
178
177
179
188
168
167
172
179
212
187
214
179
231
177
177
175
230
177
182
167
224
194
177
200
267
171
177
226
197
228
197
178
178
225
178
179
167
167
184
183
195
177
179
198
178
178
178
178
178
184
179
234
370
180
178
178
179
181
167
167
216
204
179
173
178
184
225
176
172
269
169
270
181
249
179
187
168
300
168
212
418
243
193
171
178
171
183
265
180
240
343
352
177
172
227
170
179
217
192
169
364
176
180
172
202
170
180
170
179
184
223
171
250
171
180
242
178
234
177
171
222
170
168
255
203
170
221
171
176
173
174
268
165
187
171
181
175
182
177
182
204
165
255
168
175
238
226
244
177
168
210
190
181
172
174
180
188
166
174
159
172
173
295
185
238
180
175
242
173
187
188
164
206
260
172
178
173
180
173
224
173
180
173
179
179
240
267
256
173
376
209
165
178
179
174
165
172
227
179
183
246
157
173
178
224
182
201
170
174
205
226
164
214
166
172
165
173
165
175
219
218
173
175
165
306
156
173
222
191
165
221
174
173
178
175
179
174
180
175
218
274
232
174
185
171
180
223
165
163
172
173
180
190
164
2522
180
173
175
219
175
168
185
177
180
206
242
179
1329
234
1157
219
525
168
182
184
247
171
291
195
188
168
339
300
259
278
258
166
175
250
238
170
287
183
175
179
259
181
259
164
184
168
214
180
257
168
228
166
273
174
187
165
232
168
176
215
173
178
346
182
257
167
243
256
462
296
176
203
174
214
205
181
197
184
174
213
18446744073708551934
184
175
226
210
165
193
171
176
167
191
170
176
178
209
243
230
165
175
178
182
186
172
213
219
227
189
177
178
216
179
171
179
190
230
186
175
181
172
178
175
178
224
167
175
217
177
234
182
181
174
180
207
188
255
183
316
159
165
169
177
159
222
175
175
172
175
159
174
173
241
202
182
168
175
167
164
167
164
167
174
157
165
161
177
191
167
169
190
161
183
188
176
172
174
223
175
246
271
189
188
188
379
332
320
205
444
172
223
173
176
178
181
173
173
172
195
172
176
186
174
347
174
174
202
173
182
228
176
172
177
167
176
166
176
170
177
172
174
190
194
247
176
309
175
175
281
186
175
232
175
175
225
173
324
259
280
174
174
172
188
175
176
173
178
264
173
173
221
190
175
173
174
186
173
173
175
172
173
173
188
173
174
189
175
180
173
173
175
180
254
173
195
212
241
163
177
190
222
173
202
173
173
173
173
172
174
171
175
173
186
214
176
226
178
173
175
205
174
170
175
175
195
171
194
171
230
175
182
173
173
173
175
174
274
262
210
174
185
203
187
251
175
172
175
173
175
173
173
215
261
172
174
172
224
173
291
173
181
173
176
174
227
171
191
173
193
167
192
253
173
178
177
186
259
167
207
181
180
184
390
336
289
168
280
438
305
327
176
249
174
186
253
165
173
214
261
166
174
265
288
164
181
168
174
213
221
168
174
213
258
201
176
227
171
178
173
189
171
167
275
167
176
206
202
177
173
205
172
202
236
206
187
211
200
189
171
206
172
168
174
206
173
289
211
275
237
171
174
174
174
173
194
181
267
184
267
297
174
178
178
171
196
168
176
179
268
210
216
222
175
167
223
165
176
216
175
345
240
167
177
251
174
214
176
214
222
166
208
222
174
168
166
155
173
227
224
165
173
217
177
213
237
219
178
252
224
207
176
304
188
169
177
178
250
168
224
201
172
180
223
165
187
168
177
178
185
169
166
177
172
179
176
180
229
166
175
167
175
168
289
166
191
166
236
184
175
166
174
172
174
169
179
166
195
220
378
379
176
180
188
166
233
168
246
166
172
170
177
214
173
179
189
165
173
167
188
164
296
168
173
295
174
178
274
164
208
166
221
167
242
169
270
177
174
202
228
181
193
220
187
164
