224
238
275
176
165
211
177
241
233
218
155
230
174
251
205
172
177
166
300
277
172
293
177
166
247
207
224
171
184
214
183
165
221
175
156
202
218
165
213
203
166
217
227
167
250
190
166
174
185
164
211
185
168
164
220
165
211
184
166
174
163
167
253
221
165
173
170
250
164
235
165
211
179
160
210
196
154
216
183
163
175
268
164
211
232
177
175
258
164
174
188
162
165
228
176
241
312
164
176
188
165
211
174
214
163
173
165
179
340
180
166
262
165
212
189
219
175
221
164
176
210
164
175
237
164
248
268
171
276
268
165
177
185
163
270
179
220
243
185
191
168
263
163
166
186
199
156
175
218
158
202
236
167
189
410
186
636
667
488
190
578
178
210
162
261
254
241
290
271
164
210
232
154
154
218
162
174
184
167
164
210
155
200
210
155
202
183
162
174
219
164
174
282
164
175
220
163
209
218
164
210
216
154
214
224
164
210
261
169
190
183
163
174
212
155
200
215
163
212
343
164
163
185
165
231
261
153
245
236
164
210
186
164
161
183
164
163
180
164
174
256
327
319
172
165
177
195
164
175
187
299
199
210
167
175
204
167
210
173
167
166
170
291
156
233
184
165
163
191
211
162
166
180
168
256
195
170
168
175
170
206
154
170
170
165
172
200
180
169
169
313
161
170
164
169
187
170
170
168
164
171
170
175
169
179
328
178
160
155
170
182
164
169
173
165
222
247
165
171
276
185
172
168
340
169
273
261
159
169
212
173
168
211
172
172
211
158
180
155
170
167
209
170
170
220
168
155
250
172
282
165
170
169
212
169
345
200
172
171
164
189
184
163
290
161
201
170
255
184
162
166
261
170
156
201
169
172
176
172
185
165
170
173
175
167
170
175
159
244
163
184
259
163
171
165
212
171
155
230
271
217
164
172
183
163
162
221
163
173
290
191
215
169
176
171
169
183
171
165
174
159
170
212
173
172
216
169
165
176
165
165
176
321
166
175
211
154
153
186
166
209
231
164
210
218
155
206
217
163
175
275
165
247
220
163
182
249
200
216
216
163
282
174
163
226
181
164
163
185
164
164
182
165
163
191
165
260
253
165
278
339
212
164
219
164
179
220
163
164
206
200
163
308
256
303
170
250
189
173
165
175
172
166
225
192
165
211
162
156
253
172
251
198
163
166
178
171
242
167
172
161
164
170
166
166
171
214
167
173
248
156
174
165
177
174
262
176
182
163
257
222
164
231
220
166
163
169
165
162
191
165
171
209
156
174
169
163
173
257
171
167
227
164
222
230
183
158
170
178
161
191
179
170
202
205
190
215
180
177
172
164
173
184
203
170
336
164
171
181
169
169
171
211
170
220
164
162
171
200
171
163
250
169
173
164
171
173
210
224
170
164
173
190
163
175
325
167
187
167
175
172
158
240
173
171
183
163
182
166
172
163
203
161
217
165
172
171
211
171
167
176
172
171
175
172
189
166
163
169
212
173
170
181
172
186
164
239
223
164
170
184
163
169
231
210
176
183
163
179
271
175
173
173
250
174
220
164
210
172
212
171
169
211
185
273
169
205
168
248
175
303
164
172
231
164
163
165
213
172
169
200
171
170
245
162
217
164
186
237
164
216
181
166
164
172
273
174
220
161
172
221
155
254
217
163
173
217
165
218
184
205
179
221
165
162
216
164
216
185
164
168
185
171
170
267
170
186
235
197
172
226
190
284
173
164
171
292
347
174
174
176
174
224
164
174
184
164
197
220
180
170
218
163
173
235
154
173
237
163
163
239
171
191
170
168
214
232
181
159
266
170
172
182
167
168
211
160
172
220
165
172
185
165
173
162
225
175
222
162
171
226
164
173
222
162
170
169
183
160
256
164
171
246
166
169
321
170
165
222
164
188
178
171
178
212
164
170
178
210
173
188
181
159
227
164
158
211
214
170
303
166
172
242
213
171
266
165
309
195
168
250
252
165
159
164
166
161
172
190
169
172
252
169
160
229
161
173
176
166
171
167
157
163
204
169
222
163
162
234
166
174
225
155
154
196
153
154
223
162
166
188
165
163
245
155
258
215
167
164
223
201
166
220
155
154
213
155
155
213
164
215
221
156
202
275
156
165
256
167
249
243
156
203
171
167
220
259
164
227
173
178
164
232
192
166
279
155
241
186
214
186
250
164
217
191
200
180
210
156
167
225
207
213
271
298
179
183
165
164
220
165
177
175
155
155
182
165
177
200
380
175
168
165
162
177
155
172
159
155
171
202
153
163
202
156
191
210
156
170
158
161
165
201
156
162
165
167
236
156
155
191
165
166
186
224
167
199
171
172
170
263
191
268
265
253
173
212
187
212
196
159
173
184
341
171
165
162
253
165
176
178
154
172
207
258
161
218
155
280
307
196
4721
271
267
168
162
256
160
169
177
172
165
156
171
173
216
160
163
156
155
203
200
170
178
217
156
173
213
160
288
164
171
229
165
171
310
165
167
162
167
157
162
203
165
346
171
165
171
178
160
163
173
165
171
167
156
218
214
157
171
177
157
173
222
184
163
270
183
173
179
157
214
158
157
172
404
169
171
181
168
164
152
167
172
178
161
161
255
155
171
248
188
171
165
159
173
175
165
159
204
166
175
154
166
169
165
202
242
179
166
220
164
166
196
164
167
181
164
166
232
163
167
240
195
167
203
164
165
286
161
165
216
163
165
218
164
169
163
276
163
220
165
168
224
164
180
221
166
216
256
165
273
221
165
170
263
255
171
169
223
167
173
212
170
172
216
158
164
305
158
247
166
166
174
198
167
170
214
171
173
213
167
173
211
173
241
179
171
169
216
155
164
251
165
170
214
167
174
178
165
312
156
167
171
214
167
174
211
168
222
182
165
281
166
165
189
181
165
253
163
163
256
163
241
242
207
165
256
176
160
169
175
165
172
245
164
170
185
164
172
215
178
159
251
155
172
178
164
172
175
181
171
163
165
171
164
165
174
212
163
204
177
163
233
164
210
222
165
164
274
208
272
185
164
167
172
229
168
186
162
166
265
156
158
184
165
164
231
165
176
184
166
166
254
166
212
293
198
211
234
165
247
220
166
213
182
166
213
278
183
213
233
166
213
234
165
176
185
164
197
182
165
209
266
171
261
232
154
154
189
165
177
221
165
163
223
166
235
189
164
163
185
164
166
172
164
177
174
163
167
271
165
236
263
164
215
172
241
181
214
153
405
171
164
221
180
220
162
438
221
164
190
167
178
224
164
270
189
164
178
173
163
163
278
182
222
396
256
167
229
162
222
176
178
165
206
178
164
250
195
177
189
165
192
301
225
164
173
163
178
353
167
166
324
263
326
190
165
174
163
155
189
182
191
155
228
163
286
197
155
165
165
155
220
191
165
192
207
164
216
245
164
220
382
273
179
185
164
163
201
165
239
183
164
163
293
164
249
175
155
154
172
248
235
222
163
250
224
262
215
186
163
176
195
168
220
189
165
177
185
165
176
240
155
167
187
163
177
174
154
154
166
170
155
233
164
217
185
163
212
251
155
167
174
154
154
242
178
213
222
165
164
162
155
274
175
164
176
176
164
243
249
165
176
230
174
181
243
164
177
271
164
211
220
164
176
171
164
231
268
158
202
259
164
175
220
164
165
219
165
165
269
164
211
256
165
163
261
165
174
215
170
170
185
164
163
182
165
165
221
164
213
171
164
175
183
165
164
221
166
216
172
164
177
174
163
313
176
163
178
186
2338
173
280
165
178
185
165
164
217
164
163
186
163
164
204
165
249
180
165
178
269
164
249
220
165
164
184
165
220
182
164
173
222
162
212
172
176
164
185
170
265
266
163
211
184
164
175
237
163
194
295
202
176
218
165
165
220
166
165
207
261
163
268
204
191
270
164
225
219
165
163
267
163
212
2448
177
196
200
164
175
221
164
276
226
164
178
184
165
164
271
178
210
