231
275
210
210
281
278
217
215
166
217
169
220
242
182
190
169
187
173
230
170
174
368
263
283
186
173
180
170
178
234
291
172
180
181
167
170
185
333
221
162
174
182
172
171
177
171
201
171
176
165
220
171
193
166
179
172
178
171
179
171
232
256
167
253
178
166
164
172
231
188
224
167
176
172
177
194
162
163
158
279
178
177
169
218
274
169
219
167
180
169
167
167
177
178
168
171
221
252
172
166
192
166
180
169
261
157
254
163
178
222
208
232
179
284
166
172
175
253
168
195
210
213
167
185
246
228
172
232
192
169
220
168
175
181
167
235
190
168
183
172
180
157
174
164
182
160
174
158
168
217
267
167
187
160
157
157
175
168
181
172
178
168
239
167
178
185
172
166
235
348
169
217
208
184
167
167
263
206
166
244
191
262
170
179
181
228
166
193
241
166
181
173
206
186
171
219
250
316
336
180
215
234
170
186
196
172
167
171
193
166
216
170
168
163
170
162
343
243
239
169
191
166
250
184
165
162
198
161
189
169
218
172
182
268
229
185
175
207
227
170
228
167
216
211
187
170
186
170
181
166
183
169
1093
396
224
188
229
172
240
172
239
172
160
159
189
165
169
184
195
172
217
171
272
169
187
166
212
171
180
169
171
158
171
157
188
174
160
157
173
172
183
171
216
166
256
174
174
192
189
252
246
184
177
161
233
168
252
166
304
185
220
169
175
172
179
170
180
166
178
170
225
159
258
158
169
158
207
160
164
160
167
162
197
180
168
236
205
172
191
167
182
201
166
172
221
255
189
230
538
173
182
174
213
170
218
186
177
177
165
267
231
184
204
191
175
180
201
217
175
312
243
158
176
316
166
181
162
179
168
173
175
214
162
159
174
186
167
171
166
180
193
170
176
167
159
177
161
186
165
186
229
274
190
217
179
186
167
172
175
308
173
249
166
187
167
172
170
192
167
286
160
197
168
173
175
265
181
180
169
186
169
233
210
176
201
177
172
176
173
190
169
335
193
169
267
198
175
190
179
171
265
175
232
180
172
168
166
276
167
182
172
177
236
168
231
190
171
251
190
176
169
184
171
253
159
255
182
247
167
183
231
250
226
168
166
242
169
217
172
211
222
204
228
291
176
238
171
239
181
172
171
178
183
170
182
176
182
172
168
174
225
167
185
181
297
189
199
238
167
244
172
173
172
179
168
181
256
168
238
290
263
191
185
178
169
192
207
190
169
186
171
177
187
173
168
189
158
181
161
183
209
169
168
250
239
209
231
244
255
215
176
187
187
173
174
176
321
183
190
192
168
252
170
229
173
213
167
194
217
169
168
195
244
217
316
226
231
172
262
188
229
175
226
424
346
442
257
221
289
169
184
263
169
185
169
370
256
182
212
369
185
173
168
193
172
180
170
180
173
192
178
184
263
173
185
323
267
325
281
230
190
175
174
182
216
169
215
192
174
187
179
221
173
167
217
207
185
174
173
319
450
281
213
286
167
216
173
198
284
173
282
216
239
173
182
243
215
173
200
229
201
238
255
195
179
186
176
275
340
196
240
176
170
182
190
277
369
305
271
282
260
187
357
205
289
201
218
182
219
167
173
479
257
182
176
250
167
177
171
184
174
175
177
185
283
211
188
338
287
244
328
193
171
253
183
207
232
183
288
177
256
180
221
226
168
173
169
191
215
217
239
175
168
183
170
233
174
268
331
258
169
216
172
203
156
191
175
173
167
186
170
323
207
168
220
263
181
172
171
182
167
182
170
194
167
180
171
165
160
181
196
175
165
186
170
189
159
158
162
199
245
168
184
174
167
192
173
327
234
202
283
367
180
182
174
181
182
170
181
179
169
203
290
183
182
168
214
181
169
177
169
376
260
183
172
259
175
178
200
254
172
170
169
178
184
186
168
286
168
252
167
188
167
220
171
207
208
169
168
179
168
213
171
188
172
199
174
188
172
216
169
226
166
180
171
202
208
201
242
183
185
178
176
217
193
281
256
270
211
230
266
227
234
217
257
214
243
207
328
207
212
177
277
197
178
184
180
654
180
199
283
262
220
180
185
193
194
187
184
175
168
178
224
201
175
185
172
266
200
174
195
191
232
226
296
188
195
193
186
317
410
277
183
402
371
235
350
311
210
215
277
292
184
187
233
183
332
231
1079
262
296
589
865
1106
188
175
1296
206
177
187
520
318
274
290
334
233
181
198
180
174
294
202
172
195
168
182
166
179
204
184
170
255
194
310
174
180
219
166
244
193
178
350
214
180
165
227
169
187
256
166
276
186
189
176
183
181
170
275
170
195
255
170
178
265
200
169
239
241
180
173
193
190
224
221
173
290
282
189
301
187
172
185
175
268
240
315
319
304
199
174
188
197
259
172
221
192
212
209
305
185
183
199
174
225
171
189
169
314
215
247
196
205
230
176
187
189
190
184
252
249
173
253
181
314
239
247
176
233
176
184
178
182
175
175
178
266
280
233
226
193
212
172
231
192
314
167
171
217
231
202
182
231
200
179
251
232
296
279
235
279
339
301
199
207
245
197
214
173
174
216
205
229
187
166
215
191
270
166
219
335
238
404
285
191
216
165
171
204
285
218
208
179
168
191
166
266
165
179
169
189
170
168
214
206
271
253
239
266
202
175
199
219
223
193
194
231
175
191
171
182
216
231
220
307
244
358
241
232
273
328
330
276
295
248
247
306
241
278
318
220
208
205
235
237
229
270
239
185
229
210
405
217
195
185
191
182
173
189
178
198
173
267
328
227
229
201
244
190
197
194
252
270
265
195
344
206
184
240
289
212
182
265
188
258
291
258
305
197
233
254
203
208
243
221
241
250
228
283
245
257
319
240
188
193
224
188
316
188
210
236
215
235
251
241
234
194
226
179
176
220
200
221
221
256
253
234
212
249
273
226
245
207
213
181
193
234
177
262
230
185
212
193
172
202
184
266
211
226
174
189
174
202
189
260
189
179
203
201
200
210
197
243
269
189
184
191
179
217
217
168
169
240
228
299
188
258
226
182
166
193
255
172
188
179
169
181
167
181
171
173
178
177
173
180
164
277
169
182
172
279
255
316
233
193
209
234
186
182
188
191
172
178
203
193
211
175
180
179
263
281
174
220
236
191
237
179
236
194
171
218
178
207
197
196
172
240
175
187
180
240
176
225
181
207
181
195
180
313
172
184
172
265
169
230
180
195
172
183
173
282
189
222
180
230
168
218
234
175
222
185
187
175
230
180
179
179
247
176
231
211
178
194
186
238
176
227
258
227
250
197
183
295
168
267
210
319
257
203
203
199
224
176
245
175
224
168
173
223
211
172
194
183
204
216
314
177
299
531
261
219
253
200
176
260
170
173
175
170
250
217
176
169
222
168
274
174
189
240
191
220
302
246
176
244
195
216
210
165
295
174
196
174
238
178
185
229
200
217
186
168
217
172
219
271
202
274
178
173
186
215
200
167
268
169
179
184
168
206
194
166
219
171
182
252
224
238
263
173
184
169
354
277
291
254
274
336
334
409
210
290
211
192
232
212
187
245
181
176
235
178
334
187
209
195
184
178
245
272
190
182
187
181
242
227
174
227
186
182
201
179
204
248
216
281
180
172
231
215
212
226
262
364
197
197
174
220
182
217
168
214
241
243
221
201
257
229
276
257
200
232
222
210
190
198
177
220
208
181
192
204
223
205
178
233
246
239
310
257
240
248
262
228
290
241
238
191
200
211
181
187
352
281
298
262
250
199
196
188
215
223
211
224
179
233
169
210
255
204
215
252
210
177
209
181
186
188
177
188
231
308
168
269
188
334
179
270
254
247
268
292
227
217
168
202
230
202
222
200
212
232
207
281
187
172
268
191
217
212
207
173
235
234
173
179
220
268
202
225
230
216
192
195
219
206
194
252
233
222
168
213
229
267
228
218
306
209
216
244
260
230
255
237
178
200
223
197
213
360
239
176
182
228
175
177
243
230
197
196
212
169
170
172
183
182
175
173
239
183
233
176
254
219
287
351
279
239
199
202
218
219
179
197
380
204
289
209
271
259
222
280
324
232
314
274
272
197
196
210
363
259
282
259
191
210
189
190
183
189
171
175
305
195
228
280
195
224
180
195
188
223
187
232
223
196
210
200
224
173
299
168
178
194
173
220
180
170
214
166
186
169
173
240
227
200
186
175
291
246
175
285
181
180
168
170
177
207
172
187
204
187
206
174
178
172
193
166
423
231
249
227
305
221
173
168
244
174
200
188
377
549
173
173
306
283
281
168
311
199
322
187
182
189
173
174
264
173
184
175
267
185
215
175
181
216
169
220
270
319
359
173
196
182
172
166
308
277
196
292
228
212
208
251
185
177
198
174
197
221
282
178
236
188
198
187
267
183
265
235
272
211
171
172
237
179
189
174
439
272
171
168
182
174
184
177
178
180
172
166
204
179
200
202
258
223
171
237
190
187
174
226
255
216
181
171
198
213
191
199
224
170
178
176
180
227
167
182
180
217
167
168
241
168
210
168
177
206
218
167
186
203
254
218
223
170
220
168
212
221
187
179
231
218
236
215
191
202
216
169
222
168
184
168
223
168
171
170
193
184
204
168
181
165
216
167
186
178
185
174
177
180
172
195
190
173
273
166
273
326
217
171
380
264
208
168
173
172
217
168
232
243
185
216
180
1734
257
5515
179
240
347
176
245
173
228
170
267
188
217
174
223
172
165
171
