232
222
224
278
312
253
168
186
191
175
250
212
239
216
195
176
170
192
203
170
170
256
192
171
284
176
251
166
194
169
175
301
170
168
173
219
172
176
212
178
179
167
179
165
184
178
167
167
164
254
176
217
171
231
168
177
168
179
167
182
186
166
169
172
178
178
219
169
225
167
224
166
268
227
260
196
185
231
187
184
178
178
170
171
167
176
262
169
262
271
244
168
166
182
167
176
166
249
297
169
179
166
169
170
176
182
261
342
166
283
178
165
185
175
176
177
168
226
167
217
191
218
171
187
241
178
180
172
172
189
178
262
207
182
266
181
219
181
248
183
235
223
286
171
168
180
247
193
185
266
176
184
172
169
308
205
236
177
173
271
178
169
182
167
190
194
222
167
169
169
173
170
170
168
180
258
223
273
180
187
180
367
390
347
173
177
183
168
168
178
179
177
167
172
180
177
204
171
169
179
175
242
291
302
185
176
272
170
265
165
177
173
171
168
227
181
182
166
168
179
179
273
173
186
170
220
189
167
180
170
177
173
180
171
235
176
171
167
168
215
176
187
175
169
188
181
184
171
209
173
174
196
171
182
169
173
171
180
169
217
176
175
172
170
214
175
223
237
250
169
208
218
168
178
167
229
357
263
291
181
176
286
185
231
169
175
257
192
219
173
213
167
195
169
231
312
197
303
256
239
229
172
222
190
225
290
218
214
305
273
178
271
181
232
173
182
224
188
231
175
177
305
220
317
183
173
181
169
183
168
175
182
168
169
272
175
274
169
266
170
174
182
170
168
217
175
182
205
179
169
303
172
238
211
177
191
165
178
170
168
189
229
169
181
167
177
172
170
168
177
213
221
281
286
294
180
172
175
173
203
175
235
171
215
205
176
185
167
167
181
175
251
170
180
169
176
221
208
182
172
175
174
167
183
168
177
253
168
180
172
174
182
172
168
235
175
171
278
171
246
174
227
171
251
168
173
171
179
167
181
257
168
332
371
295
174
172
181
168
181
285
176
909
250
169
178
178
187
292
241
174
249
209
198
299
178
218
175
296
245
175
236
202
301
251
233
277
279
252
385
256
173
310
275
217
178
167
169
166
214
172
184
168
167
263
206
208
199
244
199
176
228
172
225
172
177
173
168
168
178
175
181
169
168
178
173
173
181
167
236
173
179
170
169
169
178
265
161
209
156
211
185
173
169
235
177
168
214
170
167
177
184
170
180
265
174
182
173
167
168
174
160
262
162
275
181
175
189
176
185
172
254
181
217
168
204
240
171
217
165
177
164
179
168
183
181
226
321
254
235
178
271
181
214
168
171
256
169
233
240
174
217
172
338
218
175
184
244
218
268
199
259
269
174
168
176
180
171
187
167
258
289
286
186
178
203
170
209
270
197
173
180
170
172
340
177
287
346
214
180
302
257
251
197
184
376
211
235
171
167
178
281
219
282
302
177
303
240
185
184
177
202
324
249
217
309
270
169
218
8671
340
176
168
182
166
184
183
169
192
171
181
187
170
182
165
182
177
166
295
229
180
191
170
238
169
178
202
168
169
177
178
195
172
165
176
179
226
169
216
174
176
216
168
186
174
178
222
179
251
173
180
173
167
300
172
179
258
184
183
173
181
183
168
169
176
180
294
282
221
172
179
308
168
264
175
180
219
184
243
172
177
261
168
181
173
180
177
218
166
225
249
184
167
174
189
229
189
174
165
256
175
224
171
331
224
171
221
166
181
246
183
183
184
213
188
172
190
170
202
246
236
197
283
210
227
188
188
169
181
230
165
185
169
215
182
296
264
304
220
216
167
224
171
250
233
200
190
173
191
287
321
271
169
180
175
172
291
187
268
192
165
227
179
168
176
256
272
224
175
225
166
223
167
229
176
183
184
169
167
178
185
220
170
169
194
172
184
169
169
179
253
218
197
283
174
172
254
175
188
190
168
183
172
168
174
226
221
199
300
228
168
222
171
211
177
173
182
170
170
180
166
192
183
181
257
211
181
168
169
225
182
189
171
166
206
180
169
183
168
189
202
244
262
174
184
171
229
177
172
173
170
180
167
181
178
164
258
222
169
174
217
169
167
192
175
169
250
168
182
176
182
167
164
252
177
288
170
213
218
178
183
168
165
179
196
169
166
165
209
247
168
220
166
218
264
171
181
165
194
243
176
169
179
177
181
256
167
219
182
176
169
232
168
174
190
169
178
167
165
190
165
184
166
179
177
168
231
168
177
185
169
241
242
184
181
158
158
252
175
178
165
219
168
173
262
248
168
291
173
192
165
181
167
172
234
202
184
213
232
180
172
188
173
166
190
240
416
265
169
178
182
171
183
171
217
222
168
217
172
179
170
220
167
217
194
167
183
184
186
236
169
182
166
171
231
322
235
166
184
177
254
171
213
170
206
367
265
212
213
221
168
254
168
314
219
304
263
312
256
175
267
173
278
257
176
180
205
270
268
175
204
172
359
344
224
167
225
185
165
234
212
212
195
268
178
180
170
294
211
178
182
172
276
275
177
187
170
235
296
215
187
286
239
219
180
183
347
268
184
239
183
181
168
292
284
229
304
285
209
175
183
167
310
275
209
319
262
321
301
178
220
168
270
202
175
219
169
212
185
178
180
167
172
178
192
182
167
167
213
178
254
202
217
216
178
171
171
167
212
180
169
186
170
247
174
236
171
236
199
258
172
297
291
285
177
220
166
167
212
179
196
170
166
215
176
182
170
168
223
176
274
171
215
168
177
180
170
166
178
176
215
170
214
170
172
256
170
250
169
238
222
167
171
212
175
167
170
169
225
176
253
165
249
170
192
219
170
179
168
176
216
167
167
189
177
184
168
198
169
178
172
169
166
212
222
167
216
172
232
185
186
175
174
195
182
175
187
176
189
184
187
250
251
176
178
271
176
335
292
177
270
343
253
294
176
256
389
281
351
174
302
245
168
305
176
266
171
267
167
177
183
165
204
171
179
226
172
170
249
199
304
189
203
189
179
166
188
168
181
177
165
265
290
169
173
237
170
166
180
175
180
172
229
203
176
176
183
168
166
181
252
168
177
179
179
180
172
171
286
181
253
180
179
171
179
166
270
214
208
180
254
181
217
170
186
171
171
176
249
230
254
206
317
173
176
216
170
200
171
358
425
185
182
167
258
214
406
204
230
218
286
374
212
198
192
202
172
171
169
223
169
256
171
182
266
176
296
173
183
182
299
268
173
181
239
180
199
172
180
225
367
373
189
168
267
195
184
172
180
187
168
183
282
247
351
259
207
171
181
223
169
218
168
182
187
174
258
189
173
187
212
271
171
180
191
169
240
214
257
176
231
169
214
174
225
187
237
172
185
183
218
172
168
177
183
190
183
173
296
178
172
180
167
216
178
184
167
165
215
179
183
169
167
224
178
255
166
250
169
174
182
175
168
179
178
221
166
211
181
185
175
184
170
185
182
221
174
206
178
218
248
185
202
198
199
233
256
186
176
238
181
172
264
172
211
184
372
261
224
180
215
172
218
166
180
181
168
167
216
176
173
167
216
171
183
185
176
184
176
176
166
218
167
215
259
170
212
186
166
176
166
317
194
167
177
187
167
169
212
176
167
192
177
261
177
183
167
177
257
174
218
171
222
168
175
171
171
167
179
177
173
267
168
177
225
169
167
247
167
177
216
218
303
258
175
181
169
201
268
174
267
175
215
353
184
172
1457
181
5735
178
168
173
348
170
191
204
183
275
167
175
219
167
375
168
194
167
181
205
169
175
171
180
204
174
247
176
305
227
167
172
173
181
203
165
182
251
286
391
167
168
157
245
168
167
196
267
176
277
171
307
168
171
294
165
178
202
184
356
168
199
184
169
190
167
175
183
236
237
168
178
169
199
242
174
197
219
174
298
168
175
167
219
169
179
180
195
169
177
168
178
172
169
166
216
180
168
168
167
219
176
169
183
168
188
178
173
251
166
216
175
220
168
257
185
178
239
169
250
386
177
181
171
171
217
183
184
176
172
256
182
174
169
179
172
211
182
172
167
293
209
167
185
170
228
313
186
214
167
181
179
203
217
215
168
180
217
183
179
166
179
256
198
226
170
179
168
187
165
182
178
185
168
169
275
177
217
173
165
186
180
169
218
221
176
181
185
173
172
172
184
172
249
170
173
192
217
440
324
176
184
170
181
168
169
186
171
236
182
169
190
168
167
166
169
193
167
214
282
170
186
171
216
169
178
177
171
266
166
278
220
168
185
226
177
179
168
218
166
169
249
168
347
282
172
201
291
226
188
169
180
239
185
284
171
177
171
237
164
181
177
168
168
166
188
180
237
346
309
184
176
180
172
168
229
178
185
170
165
216
178
269
181
225
168
176
172
171
164
182
176
259
263
296
342
224
172
213
168
215
176
170
179
168
212
177
178
171
169
175
177
216
188
181
171
404
242
180
175
217
175
216
170
216
172
190
184
168
168
166
178
170
190
169
178
180
170
165
173
179
200
326
341
235
190
181
170
169
167
179
195
182
171
181
169
178
180
165
169
181
180
218
185
181
167
225
172
169
190
168
178
170
168
169
215
177
247
169
177
166
179
180
172
171
180
178
218
186
169
168
359
284
267
327
169
179
215
253
187
170
203
271
199
320
318
179
225
169
186
201
178
170
215
166
178
179
289
166
213
169
176
283
170
230
185
177
180
164
168
221
186
213
168
170
169
219
195
208
201
198
177
261
168
183
165
177
252
170
265
219
178
185
169
182
168
206
212
196
212
196
177
167
252
171
169
209
177
166
182
167
193
411
330
197
193
206
172
253
168
167
194
171
176
277
168
274
188
170
166
166
179
277
386
332
6863
202
176
184
172
178
226
170
252
171
171
225
158
217
168
281
191
169
217
171
169
226
171
178
172
171
209
247
237
311
168
190
171
217
167
166
178
178
236
166
174
228
170
217
169
167
205
173
172
189
283
236
175
188
173
173
188
168
216
174
169
298
352
234
172
218
191
170
255
170
168
190
169
217
167
166
189
169
202
167
170
221
171
221
168
214
178
217
168
164
212
228
171
168
222
165
175
170
169
165
181
175
172
181
169
213
225
168
167
188
165
176
251
184
215
184
192
169
180
170
222
188
226
318
257
199
179
226
168
178
169
263
217
171
217
170
180
172
172
166
181
174
179
169
171
266
174
207
169
166
229
177
168
171
172
165
210
218
171
167
171
173
181
170
169
187
177
168
314
216
171
173
182
170
170
228
176
167
182
231
302
176
222
240
186
167
242
179
170
214
169
179
179
171
168
166
245
300
222
256
217
172
182
171
169
273
174
222
166
182
169
173
325
326
300
250
289
173
189
174
232
175
260
167
183
165
179
167
216
168
294
175
165
228
169
182
178
174
172
176
192
175
167
168
169
312
181
168
169
171
233
179
182
168
170
183
283
171
221
280
199
211
292
187
185
169
192
171
617
174
534
196
175
189
175
184
184
249
172
186
177
423
323
296
172
174
173
182
170
218
175
176
237
170
217
177
176
257
169
292
217
177
187
206
180
325
177
192
176
321
268
181
218
170
220
288
199
325
254
174
188
176
231
169
309
243
235
234
172
353
343
178
184
194
251
273
177
266
171
184
167
180
181
171
275
174
193
181
200
235
295
176
280
168
270
253
177
181
205
221
224
180
183
205
236
204
194
185
187
186
247
178
185
169
205
175
175
346
245
281
249
184
193
257
252
185
176
167
190
241
239
192
273
223
442
255
176
227
171
254
175
178
240
235
198
509
178
318
243
173
168
176
217
223
185
277
176
244
190
282
227
180
219
171
302
186
175
215
254
218
302
178
217
241
222
314
174
180
204
247
187
228
173
387
226
190
197
220
201
250
213
175
171
254
237
184
178
167
173
171
179
178
218
208
255
213
176
213
185
216
182
210
212
199
259
196
193
177
168
182
168
181
265
169
215
169
173
335
222
220
279
327
173
170
168
347
177
180
169
171
180
305
222
170
215
166
333
375
214
187
166
175
197
201
179
170
177
215
201
179
171
199
232
216
182
169
177
197
204
173
165
258
187
217
171
185
293
282
201
968
248
179
173
252
167
180
177
262
181
181
171
191
221
165
273
253
347
385
202
297
216
176
185
171
166
178
177
183
167
168
212
177
255
165
180
170
175
219
166
249
171
176
232
170
167
183
176
218
172
217
225
262
173
169
178
168
221
233
307
166
168
179
183
170
170
214
179
214
170
180
169
221
225
212
268
203
186
185
171
189
173
203
277
188
182
168
179
170
181
168
215
280
300
260
185
211
179
168
169
168
179
179
170
171
230
170
176
220
169
168
232
178
167
171
170
222
177
182
168
216
169
173
266
171
218
168
234
222
189
177
184
178
220
169
182
169
196
218
170
168
202
204
226
213
196
199
222
224
185
192
231
279
166
224
170
219
196
217
166
249
181
206
239
169
216
175
177
218
164
168
238
177
255
283
171
166
176
272
186
214
166
180
183
171
167
178
187
183
170
180
169
181
170
236
167
168
2287
232
171
9487
7344
178
183
173
217
169
178
172
174
176
168
177
171
172
176
215
177
243
174
174
253
176
174
175
190
167
176
172
174
176
234
177
178
205
170
178
177
175
291
175
181
177
271
203
172
180
176
178
253
174
185
178
173
179
210
181
177
175
207
171
180
176
186
167
176
180
177
174
172
174
189
176
188
168
195
166
177
171
250
174
168
176
177
171
168
178
178
177
253
167
214
178
222
235
170
178
193
255
254
175
170
319
176
207
168
216
177
215
168
169
178
188
175
256
168
179
178
221
172
169
179
306
175
173
172
214
178
174
282
170
180
179
172
260
170
178
177
185
168
196
168
179
471
191
233
364
268
202
2451
205
178
355
175
239
180
233
272
193
225
190
250
197
207
221
240
270
234
213
211
252
242
184
225
171
223
173
177
252
275
313
170
179
175
168
186
167
388
415
237
204
182
178
234
180
168
170
176
182
222
186
263
176
264
168
172
166
179
237
169
179
225
176
176
169
251
165
176
173
182
168
164
175
244
215
165
167
178
174
171
252
165
176
260
168
180
175
246
176
217
170
167
177
358
285
248
14582
247
214
235
176
215
178
179
167
258
167
176
180
180
304
232
177
214
167
188
166
178
172
169
250
172
176
197
323
191
169
177
242
218
171
166
176
178
167
252
177
177
258
166
219
171
190
174
182
167
170
177
172
170
202
165
176
194
174
221
172
286
228
184
310
269
176
174
172
213
169
177
272
173
313
334
176
173
171
179
167
175
179
166
219
166
175
173
170
215
167
176
189
167
178
169
176
274
309
220
167
245
176
170
266
170
178
172
170
197
215
223
173
172
187
167
175
173
168
230
167
174
852
909
301
220
197
261
168
178
168
176
234
169
180
172
291
172
166
217
171
177
182
309
236
225
175
176
172
179
171
175
182
171
184
165
172
180
167
181
167
349
176
170
270
165
176
175
217
163
171
172
173
167
215
170
177
179
222
177
183
273
185
167
182
171
178
207
199
241
235
177
175
167
251
171
173
195
167
182
167
177
173
169
219
169
174
253
265
195
214
179
189
168
181
208
177
202
157
252
157
175
262
168
181
172
174
180
264
160
163
170
188
169
202
187
176
174
169
293
276
177
193
169
191
174
190
176
169
197
170
179
188
171
218
167
349
180
172
181
169
178
175
181
219
183
178
176
169
263
191
179
204
168
169
170
179
258
170
168
166
178
185
168
180
171
174
310
263
369
168
180
189
179
171
178
178
194
167
465
233
270
178
204
166
224
176
181
171
196
172
406
191
173
186
176
178
175
166
231
167
287
210
304
216
266
184
188
212
180
188
198
226
166
365
272
181
394
239
185
168
178
300
173
176
207
178
210
166
180
183
293
180
165
228
169
183
184
185
173
181
184
272
171
218
168
193
185
173
184
166
269
181
178
186
171
177
179
170
289
234
345
228
172
180
165
177
177
172
239
171
177
185
187
175
170
195
199
284
180
222
193
175
225
206
171
185
184
171
217
168
201
180
169
178
168
176
244
182
187
171
284
174
167
249
184
264
187
173
213
168
177
177
283
254
198
183
179
195
169
167
184
385
247
167
283
178
193
169
180
166
192
218
235
187
268
205
209
171
179
165
178
195
203
184
230
173
175
203
182
385
208
174
235
198
236
190
188
218
199
206
206
173
188
180
350
179
231
256
165
264
263
226
178
174
243
176
193
253
173
169
171
268
170
183
241
172
205
213
198
198
200
176
179
172
168
275
237
167
219
174
187
256
169
256
226
220
195
169
167
173
186
201
174
181
172
222
189
172
166
170
184
195
173
302
202
172
198
169
164
170
182
191
172
167
176
184
194
169
252
169
268
177
173
169
237
197
181
166
182
176
185
244
187
255
193
208
190
169
264
170
183
268
183
182
173
168
225
172
167
170
218
