18446744073709487675
1387
839
866
871
1110
834
936
850
857
2615
5175
2703
905
1023
1872
3447
914
889
832
1637
3940
844
796
868
804
937
989
801
2416
881
959
891
4770
1382
1190
902
868
828
988
878
955
3106
3217
2494
3706
2980
820
809
2262
1135
955
895
2296
3521
831
899
949
1263
881
819
2782
1043
865
1074
10395
1717
1200
3708
4305
968
795
791
4885
977
1238
1174
3411
2322
847
2979
2690
922
4572
868
1292
2140
849
881
3153
963
1965
3349
2633
3313
3475
849
882
2796
1187
977
924
1409
972
1498
1340
1492
1324
1527
1201
1327
1184
1562
961
1824
1427
1764
1563
1339
1189
1296
1245
1490
1463
1610
1581
912
1375
816
1886
1265
1183
1176
1125
1264
1088
1487
1665
1373
2252
885
1226
1200
1181
1319
1367
1199
1104
1434
1425
1531
3724
843
790
797
819
794
826
2430
1105
943
1146
2304
825
817
1480
818
4127
3083
1332
4446
1459
844
2212
1638
2939
2726
883
910
1731
787
1404
1543
1235
1280
1299
1450
1463
1463
1451
1680
1662
1313
852
1154
1181
1585
1208
2262
1247
1166
1170
1200
2006
1311
12253
1611
1665
985
1228
947
887
1499
1072
963
845
941
885
883
960
968
940
976
1004
908
1010
845
813
875
892
991
961
1190
839
800
788
818
856
836
868
833
1027
970
871
1518
1111
11902
837
3210
1446
873
928
1245
897
804
840
886
906
983
1065
903
1802
1157
862
862
811
823
877
842
866
824
860
866
820
832
901
18446744073708552453
928
891
978
1064
912
1080
833
874
846
1052
857
788
881
984
1028
881
1299
1293
2540
1108
870
870
1001
1108
843
791
836
993
911
834
884
879
1034
898
887
957
977
811
836
892
818
825
889
1152
984
976
1745
893
851
920
872
789
889
1202
937
926
792
933
878
861
799
795
865
791
1235
1111
931
839
787
883
890
1071
871
1100
1126
996
804
1212
1409
883
849
851
861
796
928
851
1125
837
1074
803
928
954
961
843
913
952
1026
881
880
870
895
810
913
914
986
826
1021
1075
1013
1224
1579
883
868
802
833
849
997
977
787
977
856
885
872
1014
6781
3090
1499
3747
3318
829
1720
1858
2511
841
819
1427
845
1225
1143
1443
1583
1484
1359
1187
1220
1205
1359
1405
1473
2148
1246
1158
1702
841
1951
7225
1511
1377
1724
4312
1264
1582
1374
1641
1665
3570
1709
1701
1297
1212
1827
1449
3749
1172
1245
1220
1365
2515
1592
942
3333
1495
1209
1179
2357
4406
2614
2473
4146
809
814
3078
1443
3314
3836
921
1845
2231
2362
999
1784
919
1420
1407
1195
1367
1233
1329
1239
1215
1660
1494
2608
968
825
1349
1283
1267
1323
1222
1231
1214
1134
1272
1352
2043
1509
1247
1199
1328
1173
1299
1518
1292
2221
932
1558
822
1349
1393
1699
1192
1144
1295
1220
1215
1286
1653
1146
1580
1413
1259
1158
1455
1451
1410
2168
829
1256
1171
1271
1300
1194
1276
1242
1316
1176
2442
938
950
1369
803
3314
902
802
944
997
6683
1364
2207
3548
885
880
2292
3042
1560
1521
1196
1225
1207
1321
1473
1379
2194
842
1259
1183
1326
1213
1344
1361
1191
1213
1336
1485
1279
1566
1477
1136
1138
1147
1153
1325
1311
1585
1187
2130
1645
1334
1089
1812
1725
1029
1563
1375
1440
1266
1413
1601
1309
995
1224
1373
1298
1631
1241
1310
2084
812
1447
1431
1288
1182
1334
1166
1245
1175
1224
1125
984
1619
1490
1117
4198
885
3912
1136
3174
2187
2115
1108
2341
2844
1519
1684
1314
1082
1411
1171
1386
1693
1437
1651
1420
2528
1583
1226
1232
1175
1460
2023
1352
1234
1006
1348
1322
1405
1441
1137
1345
1313
1143
1233
1896
1307
2190
817
1201
1171
1395
1392
1370
1524
1287
1453
1308
1445
1553
1536
802
1203
1151
1161
1479
1152
1581
983
2432
835
1355
1293
1280
1331
1553
1209
1261
1227
1281
1369
5209
811
837
804
790
817
795
831
949
1150
881
2078
968
2074
891
3862
3647
2228
2432
2611
1006
1935
2020
2787
1202
812
2384
950
880
1261
1834
1415
1416
1297
1303
1192
1128
1219
1291
1508
1201
1202
1183
1501
1224
1318
1559
941
2338
919
1191
1170
1171
1257
1347
1969
1284
1380
1349
1663
915
1962
1148
1173
1226
1261
1183
1420
1584
1618
2319
811
1231
1281
1200
1488
1474
1192
1058
1497
1162
1608
1337
1547
1308
1171
1275
1408
1131
1231
1398
1457
2118
791
1207
1186
1232
1212
2973
822
844
842
879
4500
933
886
794
807
854
831
795
792
7417
1623
843
2363
12548
1081
1638
1956
2225
1865
913
2205
813
825
2760
1858
1507
4269
1598
914
1527
1327
1203
1366
1298
4157
1949
1176
1799
849
1202
2796
1321
1219
1298
3607
4093
2316
1648
1319
1310
1166
1609
1390
1741
1018
1535
1305
1251
1361
1621
836
1587
800
1938
1591
906
1630
1319
2203
785
933
836
1761
1074
3003
2016
983
5623
1394
1135
15508
1514
3580
2152
1540
3400
1446
1244
849
1666
1238
1304
1427
1638
1859
1361
845
1232
1733
1385
1433
2366
891
1315
1178
1407
1408
1266
1233
1249
1186
1415
853
1700
1041
1353
1348
1225
1451
1276
1376
1546
961
2410
970
1286
1191
1282
1231
1810
899
1236
1317
1678
1173
1211
1673
1146
1139
1159
1192
1319
18446744073708552839
1496
1520
1368
1948
867
1334
1219
4114
823
3848
1094
2401
4197
847
1868
1963
1992
2797
840
1265
1178
1149
1354
1385
1214
1421
1225
1224
1233
1206
1409
1440
1290
1169
1340
1175
1307
1384
1518
1440
2364
941
1496
1329
1297
1299
1230
1204
1226
1330
1132
1236
1200
1476
1625
1755
1670
1524
1516
2000
1064
2912
1568
1207
1298
1301
1454
1225
1180
1247
1341
1224
1231
1319
1461
1172
1266
1312
1437
1448
1613
1460
4141
879
899
818
861
869
869
848
1948
835
824
1975
891
888
5601
1534
3523
3718
2027
2408
1923
1703
889
1245
1242
1754
889
1390
1903
1139
1153
1207
1308
1344
1224
1612
1463
2044
807
1362
1212
1316
1272
1592
1221
1206
1215
1264
1187
1236
1560
1677
795
1180
1189
1623
1267
1223
1575
1430
2182
1308
1421
1229
1394
1631
1298
1301
1192
1453
1176
1190
1648
1299
1419
1092
1121
1198
1588
1530
1470
1849
1073
1256
1293
1224
1660
5010
841
785
918
876
903
911
968
993
797
865
4714
815
4208
1695
2209
3963
1146
2122
2277
1699
2055
1065
1322
1481
1247
1254
1561
1952
1173
2197
963
1197
1347
1218
1332
1396
1334
1231
1308
1514
1375
1365
1332
1911
1216
1142
1284
1138
1400
1638
1321
2233
1211
1153
1269
1548
2165
1618
1472
1414
1660
1729
1668
952
1213
1275
1177
1136
1272
1322
1501
1240
2268
951
1430
1202
1328
1492
1850
6303
3417
1401
1255
1391
1198
1216
5403
853
3832
1040
1581
972
885
2127
867
3733
932
5731
1431
3116
3054
1524
3856
2491
1856
2372
2514
1840
849
2319
2204
4628
3576
2107
1902
1363
1285
1795
1422
1404
1986
917
985
1478
1272
1089
1306
1280
1178
1224
1528
1430
2542
1670
1188
1187
1257
1281
1352
1176
1232
1309
1173
1224
1769
1954
889
1379
1254
1573
1223
1551
1418
1548
2013
1271
1204
1207
1235
1340
1432
1179
2058
886
943
3561
1026
870
1005
847
998
815
1860
1058
5270
877
3119
1705
2641
2433
2608
920
2077
2048
2300
938
1494
1768
1572
2288
1275
1272
1201
1208
1176
1624
1483
1236
1358
1190
1233
1228
1412
1373
1586
1347
872
1156
1394
1987
1377
2273
1276
1398
1195
1292
1221
1333
1203
1074
1948
1799
1546
1873
1711
1697
1571
1301
1686
1514
1571
1821
1507
1279
1130
1684
1091
1686
1145
1237
1344
1177
1359
1535
1514
1314
1239
1397
2121
916
984
2721
1353
885
1160
2669
824
897
860
3279
2614
1546
2589
2393
2854
845
1710
2369
2695
1543
1311
1224
1345
1408
1594
1277
1273
1343
1443
1294
1523
1287
1239
1388
1405
1477
1521
1495
1062
2132
1217
1181
1488
906
1398
1407
1517
1087
1505
1174
1138
1461
1289
1413
1144
1223
1114
1133
1314
2258
1053
2516
1570
835
1289
1224
1176
1378
1266
1175
1354
1313
1495
915
1267
1665
1512
1598
1499
1534
1853
1880
2314
792
4702
964
833
968
799
984
907
871
799
806
4925
823
797
3320
3101
2753
987
1968
828
2806
2292
2433
838
1383
1234
1278
1386
1606
1250
1282
1147
1414
1294
1565
1272
2026
816
1354
1292
1911
962
1493
1273
1224
1453
1323
880
1738
1553
1470
1237
1408
1614
1285
1745
1408
1654
1290
1449
1214
1298
1306
1280
1555
1742
1335
1180
1236
1210
1266
1265
1137
1165
1379
1173
1358
11811
716
2539
1010
4071
967
953
994
1081
901
852
798
884
2287
956
1093
7644
1519
960
3643
1213
2724
1028
2161
2290
1343
1882
1201
1143
2175
1485
1907
1911
1225
1181
1225
1252
1378
1590
8066
1360
1371
1274
842
1727
1573
905
4377
836
18446744073708552891
2039
1403
4843
1367
1227
1789
1312
1292
1240
1158
1386
2091
5365
812
875
1180
1567
1128
1612
2713
1530
2061
4405
2491
5458
972
800
1451
1216
787
966
902
4782
3816
1543
2651
2191
1513
832
2065
2653
2758
1851
1744
869
1597
1442
1404
1286
1163
1288
1602
1162
1644
1114
1666
1208
1163
1174
1348
1138
1760
1356
920
1427
1141
1092
803
790
916
878
934
1064
937
802
891
916
1613
799
803
864
872
1047
853
1111
813
900
804
845
789
872
822
864
1104
1100
866
1738
847
915
801
791
916
928
1009
938
922
883
847
895
848
834
841
836
888
971
1108
883
879
844
801
1108
932
857
839
905
1171
857
1130
1262
9888
3546
1346
973
2190
812
812
831
828
1014
838
871
1179
853
1325
1002
1443
1147
890
1056
829
913
836
908
2666
980
846
1050
862
943
1022
1010
999
1014
891
853
849
847
881
860
807
832
956
1159
839
1289
1497
817
797
790
832
850
974
1232
1381
1053
1013
1013
1058
1023
1211
1173
1293
1188
907
824
840
792
849
799
852
885
1095
1043
920
1246
1399
1011
878
827
815
862
872
915
907
827
841
844
815
920
847
836
933
940
1019
1030
1023
909
1044
845
849
800
824
792
911
964
852
1398
1399
863
927
866
817
1102
839
976
1165
849
868
802
836
830
843
886
832
892
950
1013
901
9745
2121
1075
3216
1665
864
2580
875
1628
2696
1413
1795
838
1298
1283
1121
1315
1564
1595
1481
2102
1399
806
1206
1229
1263
1567
1231
1295
1512
1214
1658
1342
1264
1220
1447
1180
1422
1264
1430
1584
2363
990
1283
1343
1270
1196
1856
900
1204
1212
1140
1327
1633
1683
1133
1364
1192
1727
1282
1419
1693
1310
2263
935
1435
1280
1234
1299
1574
1265
1184
1252
1522
805
1609
4342
944
928
1178
883
886
841
1089
1466
4827
846
1101
1321
1026
830
847
942
3604
3438
1456
2290
3376
908
2572
2797
798
2939
847
1612
1880
861
1317
855
1209
1139
1226
1870
1218
1224
1209
1420
1477
1654
1676
1347
1887
1366
1607
831
1177
1301
1387
1214
1214
1756
1477
1339
1288
1616
1406
1143
1210
1283
1553
887
1456
1398
2556
953
1207
1545
1210
1433
1068
1135
1171
1522
1330
1482
969
1618
1359
1192
1148
1243
1616
1298
2331
888
2167
1088
828
1323
2399
913
992
1371
8818
878
2722
934
886
891
967
7665
1535
3814
3207
2661
957
1935
1827
2408
2552
932
1901
1328
3964
1307
1241
1288
1541
1406
1307
1212
2702
1213
1422
1481
3353
3773
2276
3213
967
868
1340
1298
1614
1319
1205
1477
1626
1301
901
1629
1720
1276
1209
1190
1538
1233
1665
1804
2675
944
807
852
1533
1355
876
1704
879
1538
1184
1400
1756
1613
1447
849
1496
1187
3634
1014
893
1287
1232
971
2326
874
813
961
5765
1313
988
3526
2934
812
1658
3007
1994
1859
1177
1226
1703
941
1414
1432
1423
1145
1370
1250
1265
1367
1549
1512
1344
1468
1252
1248
1287
1384
2166
933
1262
1260
1196
1350
1430
1601
1254
1228
1157
1245
1168
1632
1379
1170
1220
1250
1034
1541
1570
1863
1553
2000
828
1238
1309
1377
1047
1748
1270
1446
909
1382
1725
876
1883
1321
787
1321
1305
1134
1333
1338
1665
1911
845
785
2803
937
922
962
2880
856
910
839
947
4875
3019
1434
3399
2245
2887
1715
2397
2080
837
1405
1314
1206
1416
1318
1527
1134
1227
1271
1396
1329
1365
1895
868
2250
1012
1233
1149
1369
1897
1602
958
5152
9399
2256
999
1859
2221
946
1268
1179
1725
1581
1581
1435
1418
1182
1514
1247
1396
1380
873
1563
871
1471
1210
1327
1442
2110
1719
1137
1524
1423
1074
5271
875
919
872
824
868
870
818
809
837
838
3860
3588
2399
1108
3322
2755
899
1832
1866
18446744073708554011
978
2012
938
1354
1167
1274
1172
1240
1586
1507
2125
1018
1346
1305
1233
1302
1442
1258
1199
1279
1278
1143
1248
1941
1627
1279
1206
1199
1583
1616
1814
1446
2179
1076
1005
1833
985
1308
1743
1352
1169
1393
892
1869
1396
904
1234
1286
1523
1368
1340
1887
947
1498
1917
1058
1463
1241
1323
2111
1319
856
1167
1516
1131
1364
5204
786
911
842
1101
1155
1100
904
1196
3206
835
821
840
839
4480
931
1009
966
935
974
912
1036
1017
2229
923
959
3587
4702
839
798
784
823
861
872
939
1084
1203
1281
4980
800
1019
964
1197
1878
832
2918
816
1127
3375
3091
1533
2781
831
1241
1641
8563
1409
1189
1253
1175
1436
1647
1433
2564
832
1747
5010
835
1255
1189
1177
1742
1346
1410
858
2407
3558
1563
1510
1283
2351
820
3160
1427
1659
1269
1544
1849
3072
3932
2394
1792
1593
1560
1943
1079
907
3952
819
999
927
918
895
892
1613
4526
866
2865
1282
2390
2273
2301
2996
1663
2561
1454
1388
883
1531
1232
1885
1315
1554
1618
1382
1236
1247
1132
1531
1710
1175
1426
1658
1194
1272
1246
1330
1527
1223
1351
968
1452
1210
1533
1586
915
1306
1257
1560
787
1331
1739
1604
2079
1331
1017
1691
1209
1329
1257
1220
1202
1239
1294
1459
917
1920
1245
1133
1655
1373
1370
1397
1361
1715
1150
1255
1365
1675
1228
1415
1762
826
3324
803
787
830
1034
929
2589
917
836
795
801
4628
4021
2240
3162
2110
862
1529
2836
1572
1933
841
1191
1592
1204
1239
1215
1813
924
2146
1665
1495
1446
1180
1375
1597
886
1308
1586
1574
2107
1482
820
1295
1223
1182
1264
1458
1414
2027
1401
1825
1347
1351
1338
1410
1292
1208
1293
1173
1141
1248
1521
1927
1440
1248
1231
1138
1282
1413
1698
1711
1782
1356
1434
1067
1464
1833
790
1441
1576
1118
1510
1535
967
3685
793
802
853
904
871
2901
1498
1213
889
4273
1174
3381
1344
2088
3078
958
921
2756
2790
2159
931
2550
842
1347
842
1784
1039
1398
1794
1601
1545
874
1258
1435
1279
1155
1246
1353
1222
1521
943
1834
1781
2615
874
1197
1283
1412
1405
1376
1203
1398
1230
1634
1506
1735
996
1178
1258
1204
1517
1350
1633
1327
2141
1790
810
1472
1075
1391
1569
1350
1171
1339
855
1730
1377
1795
1296
1231
1154
1190
1167
1503
2678
1802
2645
824
1142
921
2883
913
871
1107
881
6096
1379
1282
2276
2892
978
3576
832
2536
2420
1710
1447
947
1259
1315
1209
1674
1397
857
1302
1065
1347
1175
1657
1712
1100
2728
866
850
1211
1405
1334
1312
1311
1880
1496
1597
884
1324
1239
1584
1139
1276
1325
1172
1402
1639
1774
2064
1362
1227
1621
1411
1516
1339
848
1529
1118
1441
916
1661
1341
1256
1313
1189
1138
1190
1829
1058
2252
1973
866
1195
1174
1173
1488
873
3620
7246
957
939
885
1180
3471
3720
853
864
795
3858
3455
943
1423
7036
1481
2904
920
874
3720
2952
4492
1985
860
1308
1240
1404
839
1619
1528
1951
1219
1260
4766
4071
2249
2491
1531
925
1405
1328
1693
876
1527
1376
1411
1242
1283
1413
1183
6120
4697
818
1271
3766
1250
1354
1352
1642
16488
1401
1199
1640
1275
1064
1013
942
882
935
1678
891
981
1020
1106
862
958
1010
921
2791
923
980
979
1389
4447
1137
826
955
921
905
855
3443
2977
1479
2402
2207
2172
811
2577
4048
1025
1861
1916
1015
1872
944
1484
1771
894
1337
1280
1744
1228
1104
1492
1173
18446744073708552897
2001
1059
2154
847
1205
1292
1570
1208
1689
1263
1358
1487
1777
981
1239
2155
916
1727
1441
1319
1462
894
1506
1531
1386
1456
1361
1201
1503
877
1911
889
1153
1194
1497
1385
917
1474
1364
1196
1257
1434
1164
1249
1418
1987
3098
1166
4272
1230
1097
1060
1006
1083
1086
1743
870
2725
870
847
788
799
1127
4355
4204
833
1425
2606
2522
2610
886
796
2625
2301
794
1406
1444
1741
1480
1165
1713
2612
1122
1816
1607
1655
1949
2368
1019
1660
1403
1384
1388
1203
1198
1531
1439
1672
1617
1478
1872
1045
1257
1181
1219
1395
1479
1299
1187
1308
2337
1227
1446
1392
1410
1196
1221
1177
1413
1279
1795
1605
1919
1707
1581
1561
1825
1362
1822
1516
2163
2079
1136
1348
1181
2699
795
921
879
5725
934
940
827
870
879
922
1061
897
891
820
2326
813
858
895
3899
3649
2280
2523
1580
3374
869
946
2108
3022
1569
833
1208
1191
1318
1262
1527
1381
1643
1168
1341
2727
865
2611
905
826
1198
1282
1951
2372
1424
1188
1307
1227
1269
1335
1356
836
1236
1247
1193
1138
1513
1663
1742
2422
871
1384
1196
1214
1366
1355
1246
1332
1320
1508
1202
1772
1251
1332
1687
1544
1234
1193
1602
1318
1891
1378
1258
1283
1360
1508
2042
907
824
2669
990
999
947
1584
3227
792
950
913
887
3831
3922
1512
2531
3541
2254
6059
2681
2587
2155
1517
4005
1314
2573
1935
1021
5827
882
1302
1371
1326
1201
1706
819
1455
3400
1382
2147
1194
1291
4779
1543
1516
1589
1219
1579
2494
4373
3040
2998
2196
1428
1266
1264
1472
1266
1276
1750
1500
1688
1909
1060
1461
1278
1659
1181
844
1406
1149
2385
2179
1339
1350
4922
2494
5074
3113
1132
2663
2441
3219
1043
2989
828
2060
2562
937
1303
1251
1242
1998
1425
2429
1036
1605
1260
842
1590
1213
1487
1386
2191
880
1309
1601
1305
1335
1386
1191
1231
1178
1253
849
1470
1835
1297
1235
1616
1441
854
1255
1650
1794
1893
842
1194
1555
1335
870
1657
1570
1218
1216
1434
1177
1526
964
1198
1270
1191
1625
1462
1410
1788
953
2313
914
1252
1273
1227
1258
4733
849
839
884
907
878
984
1114
1815
845
3618
3892
2265
803
2381
1903
3073
881
3067
2561
806
1420
1337
1169
1446
1336
1230
1412
1725
1473
2125
1021
1297
1246
1178
1240
1810
821
1249
1221
1247
1206
1293
1314
1571
1383
1011
1372
1624
1269
1240
1684
819
2562
1181
1405
1285
1664
1160
1261
1193
1221
1557
1171
1428
911
1377
1290
1833
1324
963
1674
794
1621
1283
2317
824
1254
1200
1263
1304
1378
1205
1289
1276
1192
1324
1266
3272
834
883
872
929
911
3174
958
887
1333
1433
3774
2989
1706
2683
2079
1878
2246
827
2689
2304
876
1604
1682
1891
1264
1310
1301
3123
1899
1833
6735
8345
911
858
843
893
1013
1389
846
1653
1643
1754
1219
1482
858
1131
1312
1302
1883
804
1306
1224
1177
1212
1279
2083
965
1625
1965
897
1530
1331
1521
1538
835
1223
1582
1330
1207
915
1586
1554
1339
1594
1151
1180
1639
1502
960
4635
1444
3220
1621
2424
1971
2478
1935
1865
1402
6699
552
807
590
5283
1791
1555
986
808
1170
856
999
908
969
1119
1038
997
866
878
842
849
911
833
877
838
881
1131
1161
1480
1631
870
819
930
894
907
871
938
1172
943
869
829
892
833
1125
893
865
1004
978
860
825
877
851
836
804
1009
989
1046
982
880
1454
1335
879
932
831
815
939
871
914
981
830
824
827
867
866
1404
926
5508
2833
850
18446744073708564128
953
1075
2291
842
1787
3910
1368
850
809
4719
999
1015
1073
1089
1632
793
897
4079
1011
1065
813
862
919
844
1159
4340
2315
2183
978
1109
961
1211
1016
837
1281
1280
952
867
823
952
896
824
895
1087
932
918
895
847
817
1179
856
878
913
1056
837
799
799
835
794
836
834
835
921
895
1181
931
1140
1630
847
837
831
835
841
923
1001
941
893
928
847
851
894
855
1102
997
918
1046
1131
860
841
808
820
865
823
839
872
883
1147
5020
847
831
6398
1402
2994
3579
871
845
2355
1568
2038
2900
1298
1741
834
1341
1247
1223
1315
1306
1217
1295
1257
1313
1198
1490
1623
1202
1317
1161
1305
1138
1360
1386
1554
1842
1191
1363
1344
1415
1488
1442
1230
1213
1200
1327
1219
1432
1331
1143
1161
1164
1292
1368
1492
1476
1531
2104
863
1318
1163
1252
1470
1415
1135
1440
1173
1366
1193
1408
1517
1642
1354
1173
1337
1284
1170
1529
2701
1451
3399
793
973
963
1023
912
899
2733
1013
842
966
3673
2719
1194
2260
2629
2372
2593
1617
1787
2311
852
1226
1199
1176
1316
1366
1744
2033
1477
1256
1188
1167
1422
1418
1717
1985
1292
1591
916
2216
1511
1291
802
1248
1155
1551
1453
1281
1222
1474
1421
1449
905
1806
2091
797
2333
856
1228
1183
1253
1531
1247
1641
1631
1493
1619
1736
1881
1495
1554
1017
1766
1249
1741
1303
2083
1420
794
1606
1218
1714
1167
4506
3525
1313
1033
3363
2262
843
2518
2762
1978
1535
1809
1013
1248
1697
1282
1179
1368
1285
1658
1456
1233
1343
1392
1240
1331
1746
1382
2343
904
1228
1211
1275
1203
1932
1225
1176
1240
1270
1266
1625
1702
1371
1192
1660
1387
1710
1586
1760
1792
874
1355
1969
900
1372
1899
886
1268
1217
1338
1410
1503
1320
1427
1474
1464
1274
1343
1540
1387
1890
1161
1614
1135
1479
3669
857
787
887
913
854
881
870
2335
926
884
801
1195
4016
4069
2036
1186
2297
2052
1602
956
2663
931
837
875
4827
878
834
853
848
792
884
869
942
4145
878
899
868
871
891
904
879
2094
833
823
2314
2007
2306
4027
818
849
842
922
925
2336
976
1541
1819
953
1335
1389
1346
1287
1264
1014
1594
1581
1240
6582
923
2752
1687
3524
1275
1263
1521
1211
1280
2856
1180
1455
4990
810
1857
959
1267
1205
1409
1379
2240
3625
1333
838
1283
4487
1250
1233
1165
1264
1372
7471
2649
2139
1843
868
826
1967
827
904
6497
3055
982
2485
1879
2121
1389
1458
4830
994
1313
879
1883
1431
1215
1287
1299
1341
1430
1366
2020
1744
1242
1161
1074
1460
1267
1502
1437
2428
884
1277
1260
1224
1445
1991
1368
1253
845
2262
1200
1774
1194
1327
1305
1142
1251
1314
1422
1669
1876
1216
1240
1522
1297
1420
1292
848
1545
1286
1202
1163
1278
1301
1583
1542
1494
1224
1294
1145
1555
1297
1568
2190
892
2019
935
1058
2192
846
985
2408
803
787
877
4469
913
6004
1304
901
1118
1615
1328
2334
2186
1972
1042
2215
1844
2920
1561
1017
1258
1205
1249
1142
1820
1186
2085
863
858
1174
1612
1338
1395
1263
1569
887
1288
1709
1388
1568
1408
847
1621
1240
1162
1240
1387
1509
1730
1848
1219
1228
1689
850
1296
1226
1613
1397
892
1144
1402
2124
895
1654
1166
1289
1302
1205
1451
1314
1939
1772
1334
1643
1273
1280
11878
5302
940
2397
1115
1620
5713
3680
2244
2325
1531
1348
1153
833
904
884
894
903
1069
810
961
1195
866
1008
1634
848
797
888
867
1160
879
878
1049
903
846
1041
939
1034
897
878
923
916
1079
972
806
803
810
824
867
804
804
882
811
1188
1095
978
1694
829
825
851
867
800
939
1001
1185
977
886
929
877
874
1035
18446744073708552490
970
1106
1015
1002
838
2208
1060
837
877
843
855
1176
937
1065
1706
835
820
890
852
892
852
830
1157
858
836
834
876
833
874
809
879
871
1163
901
1026
848
810
853
964
805
794
848
870
1136
923
1309
1591
880
889
1049
861
894
843
963
893
971
839
825
893
891
841
898
930
880
1039
1005
848
1034
977
852
909
880
810
872
1175
966
795
1448
1354
853
841
854
881
891
844
1298
950
859
805
797
842
869
808
955
1087
1196
1096
1131
1042
1101
1118
1327
1273
1105
1313
1275
1435
1288
9222
2730
2113
2987
935
2612
1948
2105
1864
947
2145
1267
1221
1198
1404
1479
1352
1262
841
1638
1495
1466
1577
1308
1208
1724
1307
1178
1100
1683
1320
2551
854
1267
1199
1311
890
1579
1332
1177
1186
1185
1637
6539
1974
1219
3807
1778
1906
1201
1771
5762
1157
1196
1252
1399
1330
1332
1253
1473
1331
1431
1961
3518
1783
6360
1004
809
1729
818
802
1659
867
4197
3523
2251
905
7111
1488
2618
2973
2441
856
820
817
3016
2342
1908
889
1226
1311
1920
1819
1858
1299
1229
1177
1244
1378
1343
1186
1246
1263
1658
1493
996
1866
1210
1169
1140
1206
1176
1376
1632
1480
2370
1270
1177
1441
1454
1589
1261
1179
1293
1333
1174
1422
1936
1227
1191
1332
1234
1226
1267
1842
1475
2076
1245
1528
883
1200
1324
1458
1176
1220
1172
1295
1170
1302
1398
1450
1467
817
2275
830
879
1810
973
993
2092
3453
854
1108
1086
919
856
3462
3251
1264
2186
3981
940
1078
3384
2621
1643
851
1602
1364
1291
1454
1429
1616
1184
850
1627
1484
980
1170
1171
1319
1268
1231
1695
1376
2717
923
1256
1255
1291
1503
1812
1671
1374
1693
841
1660
1929
825
1232
1644
885
1485
1531
1565
1387
2504
1276
1225
1215
1314
1710
1272
1263
1362
1386
1269
1307
1951
1438
849
1166
1206
1608
880
1253
1408
2058
1697
3302
894
915
1101
1034
883
3362
804
828
864
912
966
3995
3125
1382
2874
3258
2115
887
884
3913
2025
2233
1038
1330
1480
843
1322
1136
1390
1502
1363
1811
854
2424
968
1265
1183
1339
1282
1533
1154
1509
1429
1210
1188
1315
1414
1241
1303
1243
1269
1196
1240
1664
1660
2244
802
1728
1217
1255
1462
1675
848
1865
887
2010
1469
1520
1513
1230
1172
1390
1167
2558
1396
841
1669
1034
872
822
823
915
818
945
1060
906
902
868
829
887
862
4152
1904
798
5710
1466
4094
2096
2174
2500
1802
1058
1191
1070
1058
1106
1344
1727
1828
999
907
915
843
802
794
1206
973
790
1458
906
973
885
800
792
910
890
1362
1406
837
839
839
834
822
839
873
920
972
991
884
837
899
898
894
999
1014
847
836
1113
1097
925
1310
1261
904
1028
958
908
875
2257
1267
976
1030
955
854
839
828
993
943
933
969
863
801
838
804
871
793
1173
805
1297
906
908
1699
912
803
799
831
834
858
889
1019
977
797
837
833
836
906
1001
852
1000
1048
979
873
849
915
929
811
911
931
916
898
1096
982
1107
1577
889
887
874
808
790
916
907
967
926
821
878
874
842
837
793
904
1404
5805
1353
4231
970
1197
1323
877
934
1025
890
4606
809
828
880
885
844
804
883
805
8677
4073
2178
981
3365
4758
952
801
2522
1931
2903
1600
2180
4756
3633
2036
1170
1247
1340
1533
1577
1295
1196
1415
1261
1514
1247
1242
1367
1362
1267
1379
1503
1819
2324
1282
870
1557
832
1315
1709
957
1186
1573
1501
1544
1443
12745
2027
1135
1433
1004
905
908
1075
847
847
876
834
945
895
910
824
868
1152
4938
908
3633
4377
2198
3667
863
2318
1769
835
892
804
962
1100
980
960
982
1290
1028
1102
1191
1121
1090
1435
1267
1320
1678
1082
1001
852
897
899
964
999
944
828
869
817
904
819
885
800
952
973
911
869
835
806
820
852
1046
18446744073708552467
850
1168
1103
906
1367
1304
841
880
857
819
826
884
851
900
849
879
2424
1107
813
928
844
919
885
1016
926
878
887
837
811
862
895
877
1173
1084
863
1349
1062
872
808
796
806
921
868
1004
1096
961
831
842
841
890
1158
826
866
1135
956
809
798
805
888
845
843
878
912
923
801
1137
993
934
1347
861
870
918
833
815
973
831
861
866
864
826
849
833
851
838
791
903
901
1247
1165
964
799
791
849
850
958
890
924
989
958
907
1360
1225
908
872
1110
892
918
899
831
1079
819
857
842
827
867
832
836
789
875
981
1005
804
999
934
997
11085
1554
2040
3408
1352
1309
1344
1906
2269
839
1214
1145
1210
1512
1434
1636
1355
2199
882
1246
1326
1367
1324
1901
1661
887
1265
1577
835
1643
1384
1140
1201
1187
1252
1132
1331
1592
1789
2366
899
1316
1382
1394
1146
1698
1330
1275
1138
1438
1314
1278
1459
1540
1145
1242
1178
1160
1367
1615
1313
1944
865
1218
1566
1079
1771
1444
1252
1190
1188
1316
1249
1467
1829
875
1232
1199
1173
1145
1284
5303
1102
873
1014
829
861
862
951
4098
860
792
796
848
833
896
928
1067
3882
3198
3125
3183
2614
830
894
3407
2008
1960
897
1275
1619
1493
1137
1299
1218
1420
1193
1365
1487
1403
2263
824
1314
1609
1259
1444
1428
1497
1406
1260
1514
1273
931
1565
1392
1187
1139
922
1517
1292
1774
1922
2110
1175
1168
1371
1241
1488
1319
1231
1181
1366
1258
1491
1482
1191
1299
1213
1221
1249
1281
1245
1724
1482
1727
1239
1210
1182
1390
1475
1371
1258
1281
5406
5999
3820
4146
3212
1143
3857
957
1661
1873
4573
976
1587
1260
1477
1202
5846
866
821
1239
1276
1897
1683
2764
1372
949
5185
1429
1245
1345
1538
971
1614
1491
1357
2468
3760
3159
3248
919
1355
1445
1470
1240
1277
1318
1178
1141
1208
2184
1867
2366
838
1243
1178
1274
1423
1444
1344
1221
1463
1853
1787
1075
1419
4045
822
927
902
1078
960
1027
4773
855
3292
1113
1439
2543
3741
1030
1023
2682
1815
1831
2966
1142
1648
1681
1224
1674
1326
1650
1151
1203
1139
1142
1288
1237
1318
1531
1438
1374
1364
1238
1333
1455
1137
2269
1695
1188
1177
1233
1379
1421
1247
1251
1233
1293
1335
1213
2256
1495
1319
1142
1481
1346
1787
1013
1631
1907
891
1282
1174
1207
1445
1292
1421
1025
1553
1228
1160
1465
1800
911
1639
861
1607
1297
1286
1897
905
3140
878
825
847
909
815
3606
834
827
862
1284
809
3994
3017
1330
2230
3563
1454
3158
1792
2346
971
1298
1230
1231
1195
1314
1429
1489
1831
1151
1145
1269
1419
1331
1421
1355
2116
1314
1575
1225
1282
1299
1445
1192
1167
1166
1310
1351
1311
1556
1358
1520
1027
1615
1260
1372
1585
1458
2031
839
1281
1285
1211
1764
1356
810
1413
1203
1248
1199
1367
1547
1302
1288
1173
1384
949
1375
1635
1832
1964
852
1181
1152
1622
812
1349
2205
812
2239
814
987
880
1738
971
2354
836
872
858
3794
4380
1614
1655
3024
977
2500
1858
1579
2464
1921
810
1168
1160
1245
1144
1275
1203
1438
1791
2015
869
1237
1665
1306
1445
1479
1179
1162
1291
1136
1443
1577
1292
1194
1407
1144
1177
1316
1341
1486
2093
814
1414
1436
1433
1547
1350
1252
1295
1183
1206
1199
1310
1433
1496
1647
1211
1301
1214
1200
1607
1285
2227
792
1397
1204
1246
1758
1385
1277
1247
1174
1175
1159
1135
1491
1330
2434
809
936
1005
2220
937
1041
2113
893
12349
1261
3010
923
959
795
3823
3600
1492
3314
1833
3599
814
2178
2278
1356
1940
1385
1226
1240
1274
1162
1142
1251
1479
1484
1471
1374
1308
1168
1220
1379
1554
1340
1226
1176
1244
1196
1294
1674
2114
8482
1527
2143
879
1550
18446744073708552414
1685
4484
920
1252
1239
1179
1249
1392
3539
1363
1153
1012
1322
1798
5094
1325
1355
1424
1378
1208
1300
1356
1149
1150
2235
3011
2721
3151
2518
2965
891
835
2328
928
966
5176
3442
1505
2305
2912
1551
909
3467
2996
1575
807
1602
1241
1446
1854
1240
2233
1105
2427
1788
1574
1647
1013
1176
1229
1474
1322
2422
1290
1188
1302
1260
1329
1372
1232
1331
1380
1316
1173
2035
1111
851
928
904
1009
893
806
843
937
1094
1059
949
1400
1320
884
1022
833
827
820
890
868
964
831
830
843
931
862
849
861
899
980
942
978
1281
806
812
902
896
813
840
881
1031
988
895
1493
1161
867
9827
3002
1782
1638
1899
849
864
1183
854
872
986
995
1010
937
1569
1059
898
917
859
841
914
861
990
842
1192
1009
884
890
847
879
878
883
977
1179
979
812
803
836
851
916
894
810
920
2805
2023
889
933
791
837
845
837
945
973
1008
905
851
910
978
899
800
1138
893
979
856
966
852
874
880
873
805
932
908
887
1129
1060
1135
1697
819
832
845
822
820
822
862
822
849
825
825
840
828
795
832
788
915
988
986
1298
921
807
846
930
896
1003
798
833
1125
1057
874
1077
1515
935
1044
881
860
839
900
1200
979
789
899
833
843
880
872
961
954
984
993
822
1000
844
840
836
870
800
843
903
1140
1144
1206
1575
889
885
852
835
821
1173
883
870
9021
2599
1999
1925
987
3612
2950
1270
2275
987
852
1967
1626
1246
1221
1186
1173
1278
1367
1299
1246
1436
1222
1283
1620
1654
1560
2313
1302
1360
1229
1236
1010
1417
1231
1833
1837
1474
1499
1362
1174
1318
1245
1543
1290
1293
1641
1303
2380
873
1288
1308
1334
1513
1554
1145
1171
1206
1315
1343
1638
1640
1637
1444
1404
2052
1594
1930
2757
1338
1269
1563
1320
1263
1400
1190
1388
1213
1702
894
1464
1934
941
2785
856
914
910
1152
4290
883
853
857
883
1058
834
1027
1372
836
3653
3435
2210
4086
942
2301
2662
2271
1666
828
1240
1214
1426
1413
1296
1288
902
1201
1261
1329
1866
1191
1207
1169
1042
1564
1435
1501
1477
2057
1245
1441
1039
1291
1336
1410
1194
1535
1533
1430
1291
1391
1150
1271
1264
1170
1271
1331
1325
1635
1470
2032
809
1233
1176
1169
1539
1366
1359
1247
1206
1133
1322
1651
2436
819
9421
2475
3693
956
1195
1098
4578
836
2803
958
980
1001
3634
3473
1432
6257
2639
2717
891
1682
1980
2348
1097
3466
1531
1415
1284
1484
1598
5146
2838
2320
2043
1504
840
1316
1258
1313
1176
1173
1243
1173
1293
1193
1736
1926
1056
1783
1251
888
1587
1451
1342
1234
1203
1220
1355
1209
1196
1856
1591
841
1579
1206
792
1665
1426
1193
1684
2104
1222
1234
1385
1390
1471
1349
1298
1273
1295
1410
2344
1042
864
2069
891
839
2402
1172
1397
1579
4273
1067
1084
1153
1301
1004
5824
1419
3935
1517
930
2316
3094
2934
834
1407
1184
1444
1432
1383
1300
1184
1191
1243
1256
1252
1506
1443
1289
1388
1411
1249
1335
1430
1466
2179
876
1549
1181
1206
1323
1570
1698
1442
1289
1317
974
2089
924
1236
1228
1188
1208
1177
1649
1575
1418
2250
1196
1313
1426
1342
1979
1528
1175
1598
1351
997
1512
1434
1206
1305
1236
1296
1218
1391
1642
1869
1726
2178
867
924
2053
875
953
2047
892
835
2072
1193
908
3939
896
3385
1304
4668
3120
855
1829
18113
2097
861
2352
872
881
1431
1320
1735
1591
1271
1424
1228
1318
1570
1715
1685
1569
1702
1562
1371
1303
1456
1385
2189
1190
1258
1386
1569
2028
1007
1453
1369
1250
1296
1477
1319
1126
1308
1503
882
1183
1419
1985
1077
2784
840
809
1295
1186
1272
1204
1231
1268
1360
1495
18446744073708553696
973
983
2214
884
834
2333
811
877
5344
932
2999
1549
3648
2670
896
3176
1872
2118
1018
1292
1180
1060
1804
1476
1884
1152
1499
1102
1408
1316
1250
1501
1211
1217
1183
1242
1279
1373
1438
1599
815
1216
1293
1574
1345
1733
1420
2017
1179
1200
1401
1704
1616
1214
1147
1235
1182
1284
1599
1836
1568
1575
1904
1022
1774
2181
2145
1539
1616
1170
1173
1311
1276
1410
1313
1202
1307
1321
1234
1606
1048
1346
3616
879
1048
1070
1062
863
2667
963
1031
2436
821
1021
1738
819
6685
1391
2569
3318
1629
2527
1206
3286
916
2227
2259
2422
1747
1562
1488
1686
2067
6177
6264
1267
1143
2072
1769
866
1398
1553
4898
1443
1796
860
1739
834
1283
1387
2401
4204
1764
1771
1567
841
1357
1840
4223
1761
1637
865
1280
1629
2795
2292
4311
3817
2999
4607
1661
970
1230
827
821
1429
5302
6082
1825
2799
2932
3092
965
1304
861
1026
3845
2252
2141
2819
1704
2035
1733
900
1356
2101
2057
972
1685
894
1447
2470
1712
1325
1341
2079
1669
1984
1998
1753
1236
1402
1845
1437
855
1216
1329
1187
1197
1436
1690
1990
968
1798
871
845
1255
1919
1238
1620
2409
1092
1521
2171
1150
1556
1834
903
2143
863
1301
2439
874
822
5341
1087
1224
1092
1284
1158
1004
2804
1026
1086
942
4353
4221
1868
2950
2727
2612
1195
1300
3095
2133
3078
3191
2744
2508
1063
906
1335
1214
1353
1214
1505
1585
1381
1939
1668
1340
1224
1211
1347
1489
1184
1219
1237
1172
1130
1542
1877
1477
1181
1198
1197
1319
1204
1344
1430
2270
1357
1275
1443
1280
1468
1439
1347
1330
1218
1399
1280
1269
1294
1379
1193
1328
1357
1257
1255
1870
1268
2297
870
1215
1300
1503
4808
967
856
836
883
1010
899
953
975
832
4334
828
4346
1581
2803
1938
2907
1068
2174
2737
1628
860
1334
1213
1137
1176
1278
1134
1235
2271
1052
2094
1681
1353
1332
1200
1439
1402
1318
1190
1656
854
1780
1425
1497
1356
1235
1140
1227
1356
1294
1522
1573
2110
1307
1203
1354
1349
1433
1442
1707
916
1273
1315
1487
1357
1340
1138
1190
1286
1170
1354
1457
1666
1695
2025
1196
1200
1358
1322
1465
1279
1371
1275
1244
1514
1260
3164
804
846
837
822
802
3914
890
1282
1407
850
832
4025
3478
1314
2148
2085
1972
840
2073
3158
1799
1968
964
2377
807
1368
1676
1269
1468
1534
1315
1386
1235
1273
1249
1258
1384
1069
1398
1129
1193
1136
1629
1713
1745
1685
1266
1131
1165
1341
1446
1651
1308
1306
1424
1356
1271
1503
1589
1282
1216
1458
1160
1271
1401
1677
1261
2029
823
1214
1189
1227
1396
1354
1200
1145
1232
1240
1364
1657
1496
2248
851
13689
902
917
1085
940
846
872
800
883
1256
3591
1028
923
4800
3124
1506
4901
2580
1408
2709
4838
2081
3255
1864
1090
1596
1559
1452
2384
4043
2720
3300
1247
1417
813
1294
1349
1456
1178
1219
1180
1655
1199
2446
1418
2436
817
858
1222
1548
1346
1347
1263
1298
1470
1445
1429
1560
1472
1341
1392
5306
5351
812
3343
1694
1477
1952
904
1311
1303
1364
2146
4432
1023
3258
1825
3682
2637
2803
832
1759
1905
2419
1127
1358
1597
1470
1445
850
1622
1329
1234
1584
1468
1950
1249
1194
1262
968
1837
883
1290
1177
1258
1360
1196
1291
1735
1144
1281
1337
1433
18446744073708552943
1280
1458
1389
2372
839
1176
1319
1247
1346
1454
1580
1190
1457
808
1346
1305
1908
802
1302
1161
1547
1187
1433
1508
1626
2150
827
1364
1422
1286
1228
1735
1261
1198
1425
1265
1215
2378
802
799
914
1547
3232
914
1310
1381
1292
4577
2891
1442
2257
3585
1216
2196
2832
1479
890
1242
1370
2041
2485
1302
1771
1564
1652
1836
1591
1317
1190
1223
1186
1405
1435
1639
1901
1536
1655
1455
2236
2523
1026
1500
1722
1547
1292
1421
1178
1268
1217
1271
1347
1512
1399
1541
1263
1559
1283
877
1219
1907
953
1734
1259
1182
1266
1315
1420
1734
1396
1241
844
1529
1319
1280
1282
1301
1138
1398
1233
2633
1085
1030
1861
3736
869
935
1072
1022
967
4578
3450
1644
963
2178
3715
894
2301
3558
1639
863
1328
1465
1644
1298
1184
1253
1182
1474
1497
1477
1161
1269
1284
1197
1140
1145
1560
1518
1873
1289
1477
1266
1307
1468
1281
1238
1281
1416
1231
1195
1259
1457
1753
1332
814
1572
1388
1202
1577
1294
2062
1683
1221
1327
1625
1492
1372
1190
1344
1474
1255
1214
1381
1403
1143
1199
1568
1247
1329
1364
1890
1915
1578
1386
4142
1258
879
837
1013
888
863
895
2310
1174
3692
2764
3658
3708
793
849
2622
1912
2427
3084
812
1560
1275
1370
1176
1130
1200
1235
1138
1373
1557
1688
2278
941
1273
1652
872
1326
1341
1260
1210
1819
1189
1618
1384
1506
901
1165
1981
7861
1201
1709
2193
1573
1763
798
4747
1369
1370
1526
1272
1343
1254
1235
1880
1482
4321
886
1228
1234
2491
1518
1162
2627
2006
941
2296
8041
4397
3583
4205
2443
2650
1354
1561
2532
2300
1303
994
1194
1852
1869
885
2666
788
1376
1482
1326
1273
1300
1179
1563
1449
1577
1765
968
1586
1240
1344
1222
1180
1327
1342
1397
2130
1339
1307
1213
1255
1473
1648
1325
1235
1257
1233
1236
1516
2131
838
798
1362
1307
1299
1301
1385
1767
2091
1513
1214
1226
1232
1627
1233
1217
1223
1196
1319
1226
1452
1733
948
4782
837
869
1090
954
944
1656
1158
847
6009
1379
998
3077
2732
1027
2884
2010
1791
939
1668
1467
2355
884
858
1267
1258
1308
1272
1736
1163
1214
1277
1240
1280
1217
1541
945
1302
1206
1421
1352
1468
1474
1398
2241
897
1264
1208
1269
1368
1550
1275
1351
1418
1264
1602
1516
1404
1176
1242
1432
1404
1187
1529
1635
2162
1297
1254
1351
1217
1203
1303
1326
1195
1394
1342
1516
1500
1617
1245
1183
1266
1185
1356
3364
872
1737
971
998
2531
880
933
799
4269
858
2873
1431
2692
2374
2690
2555
4692
1703
2217
1158
1113
1803
1397
1189
1146
1215
1297
1449
1372
1294
1553
1815
1421
1696
1041
2563
899
1371
1218
1224
1214
1342
1551
1396
830
1213
1661
1185
1227
1256
1283
1176
1121
1430
1188
1550
1394
1491
1200
1855
1511
1447
1311
1529
1313
1281
1471
1363
1323
1475
1405
1462
1305
1179
1168
1401
1308
1318
1574
1981
1617
4159
831
860
1030
837
848
841
830
1402
805
4762
809
853
3005
1426
3687
2754
1116
948
2217
3289
1733
1338
1382
866
1672
948
2036
930
1225
1206
1078
1482
1357
1410
1565
1931
1272
1226
1411
1450
1412
867
1577
828
1560
1215
1204
1222
1364
1271
1138
1570
1191
1181
1236
1651
1390
11166
2352
1149
2268
1094
1914
1107
1354
1251
1073
1302
1417
1668
1535
2214
949
1266
1207
1277
1299
1525
1302
3274
1006
836
800
937
2549
912
856
847
796
6954
1613
2353
2004
1715
2393
871
1784
2962
2150
889
1340
1165
1234
1614
1198
1233
1510
1426
2121
1242
1149
18446744073708552871
1479
1564
1256
1252
811
1186
1695
1261
1130
1538
1210
1246
1243
1132
1176
1305
1487
1713
2078
1230
1275
1463
1272
1536
1258
1202
1093
1585
811
1252
1326
1383
1189
1257
1416
1363
1437
1207
1594
1038
2488
887
1195
1266
1279
1389
1626
1485
1178
1362
1299
1315
1500
4714
809
797
834
1026
939
1079
1342
928
2613
902
900
831
5761
1587
1099
3456
1988
960
812
2746
2648
1679
1700
2145
932
876
1230
1406
1746
1590
1377
1246
1278
1409
1470
1527
2122
1112
962
870
855
913
828
896
1059
1074
942
1601
1085
813
863
1045
844
843
892
1023
819
836
839
820
880
840
908
840
922
932
1041
1226
1013
854
801
838
887
850
789
888
1113
846
1031
1563
874
879
876
910
1197
915
1010
985
955
877
943
904
854
821
889
876
889
940
930
838
845
816
1100
852
803
898
908
986
1000
938
9731
2548
1290
2743
1413
2294
929
941
843
895
810
835
831
990
898
1382
875
1227
3369
1354
894
904
829
1032
873
850
958
1178
1093
1096
1155
1048
1182
1141
838
824
877
967
818
812
857
856
1120
1059
1052
1601
1125
851
838
881
849
877
982
941
927
790
797
911
804
800
832
945
824
897
1209
1051
921
853
883
896
978
914
885
956
1069
1003
839
1574
1363
1153
850
896
906
871
847
1003
898
831
815
886
968
862
925
871
929
971
1093
970
900
1382
850
801
840
816
959
1046
1067
1054
1685
1105
911
862
988
846
865
839
850
912
853
841
852
826
6785
3297
1770
2824
2856
2188
859
1954
2695
3152
885
903
1310
1199
1335
1308
1184
1459
1205
1219
1136
1532
2112
1199
2351
1366
1204
1250
1228
1633
1439
1262
1259
1276
1309
1936
1605
1341
1208
1174
1226
1359
1261
1987
1539
2322
1250
834
1670
1197
1338
871
1606
835
1276
1615
1413
1262
1614
1137
1179
1280
1796
891
1795
1875
1551
1865
1104
1552
1747
1363
1183
1292
1197
1253
1181
1462
1464
1421
1458
3841
905
911
785
1282
958
834
2398
867
859
897
2717
1034
938
788
2235
790
831
3996
3093
1557
2514
3321
934
3204
855
1750
2611
1868
829
1277
1273
1216
1296
1494
1481
1149
1205
1207
1319
1683
2397
2275
2494
1598
1635
1662
1646
1552
1456
839
1370
1165
1181
1853
1563
1249
989
1188
1240
1362
1636
1508
2183
831
1250
1252
1346
1384
1290
1320
1425
1301
1224
1640
1372
1756
806
1274
1215
1243
1267
1348
1452
1490
1866
1693
1257
1214
1406
1234
3153
874
839
815
833
861
3383
951
825
929
836
3623
3596
2483
2320
2532
2986
835
1949
1530
1805
2474
1087
1274
1549
1386
1439
1315
1827
841
1175
1789
1812
1339
1312
1249
2043
884
1251
1195
1237
1252
1531
1129
1551
1222
975
1170
1231
1438
1707
1521
2054
1665
1376
1355
1450
1349
1365
1246
1421
1395
1234
1134
1640
1407
1264
1142
1191
1149
1433
1347
1577
1558
2282
881
1201
1197
1333
1438
1455
1235
1253
1170
1133
1704
2479
1490
2125
791
800
796
1807
1145
2732
1353
992
4370
986
3133
1308
2032
3507
1083
1176
2770
2399
795
1622
985
2735
913
1217
1317
1391
1492
1422
1233
1255
1198
1187
1216
1247
1416
1708
1136
1521
1280
1253
1339
1518
1018
2616
791
826
1240
1215
1843
2092
864
1328
1274
1263
1408
1559
1419
978
1240
1248
1185
1359
1501
1783
1318
2168
873
1297
1240
1435
1412
1530
1276
1618
916
1595
1355
989
1998
814
1534
1217
1135
1171
1225
1487
1770
2297
883
1197
4149
874
943
884
982
890
883
834
1729
879
2830
825
837
799
870
6110
2333
2523
1996
14893
1333
1989
3092
2025
1667
2582
938
1580
1342
1422
1297
1206
1295
1179
1242
1369
1431
1568
1447
1550
1218
1322
1288
1389
1733
2170
937
1152
1173
1555
1350
1748
1371
1233
893
1607
1357
1456
1457
1358
1323
1292
1268
1609
1297
1631
1786
2023
1352
1212
1259
1188
1378
1058
1730
957
1467
18446744073708552898
1954
1049
1307
1615
1213
1429
1174
1217
1499
1385
2181
842
1213
1199
1249
1216
2580
844
908
866
848
1702
3188
845
794
785
882
834
2228
861
906
7225
1297
2299
3478
1073
1779
2567
2859
1018
1547
1272
1321
1263
1478
1440
1648
1571
1384
1133
1582
1285
1446
1545
1187
1225
1320
1226
1366
1447
1449
1437
1846
1347
1198
1135
1985
1277
2159
869
1215
1246
1185
1360
1604
1193
1196
1217
1261
1364
1502
1514
1456
1256
1208
1396
1422
1721
1860
1721
1802
1247
1176
1427
1296
1506
1248
1889
817
1413
1295
1251
1465
1256
1254
1338
1174
1176
1308
1417
2641
1204
879
1911
829
821
2444
829
911
821
1346
4883
1222
897
3422
1487
3593
2105
1484
2244
1683
2629
2045
828
817
1255
1193
1358
1335
1766
1214
1434
1198
1235
1329
1387
1360
1401
2670
879
849
1531
1339
1311
1388
1181
1169
1234
1177
1356
1369
1591
1299
1166
1470
1244
1327
1280
2042
1540
1857
1139
1058
1023
1078
1187
1251
1374
1157
807
839
802
871
843
842
880
1031
902
845
856
895
870
877
839
1000
1070
907
1154
956
900
1769
812
930
855
959
844
894
924
1019
858
9217
3152
1882
2587
1928
1417
1672
883
861
831
864
911
895
929
985
871
870
837
854
824
803
1167
870
911
1020
946
916
808
1045
842
841
790
800
912
876
1173
879
1012
1660
944
876
878
833
877
925
942
880
2446
1127
835
806
853
846
874
880
1114
950
798
934
802
995
1137
1029
1149
1309
1184
1679
1682
1101
991
1113
1007
990
914
1041
901
803
802
794
859
912
857
879
916
858
962
802
793
1238
1051
818
849
791
848
908
1147
1045
877
1097
858
923
904
842
929
889
958
1114
873
862
852
913
890
796
839
821
891
914
934
1002
832
803
794
803
883
822
1019
858
975
1225
908
1282
1337
907
894
1123
982
893
955
1083
1370
1211
1055
940
1295
912
905
1110
1022
833
828
9244
1591
2405
3620
913
2121
2014
2630
932
919
1694
1361
1176
1228
1146
1221
1187
1188
1487
1254
1945
1577
1217
1195
1255
1350
1468
1285
1173
1259
1167
1274
1394
1619
814
1246
1264
1231
1229
1189
1945
1087
2616
1006
1248
1516
791
1475
1773
1365
1258
1369
1136
1320
1335
1487
1482
1270
1250
1271
1262
1205
1360
1518
1883
1709
1212
1204
1337
1487
1578
863
1247
1560
830
1199
1625
1359
814
1556
1196
1300
1627
855
4416
1822
864
813
870
796
875
892
4534
859
887
1007
908
845
1082
871
3787
2766
1209
5795
959
844
876
2935
3235
1736
851
1319
1434
1285
1439
1193
1172
1345
1351
1173
1219
1523
1497
2371
1316
1265
1187
1201
1353
1547
1174
1178
1539
1241
1250
1381
1885
819
1402
1168
1175
1336
1511
1370
1502
992
1955
1236
1400
1167
1316
1570
1102
1165
1594
1252
1342
1268
1513
1234
1246
1357
1353
1247
1410
1625
1519
2133
857
1214
1210
1405
1383
1784
1215
2342
843
833
786
4273
881
793
798
800
819
1065
805
874
5104
3338
2495
2263
2931
899
1973
2264
2469
848
1220
1503
964
1315
1782
1606
2176
878
831
1594
1225
1237
1242
1212
1316
1310
1339
1441
1428
1451
1717
1350
1273
1268
1343
1206
1549
1309
1871
1602
1173
1165
1174
1255
1411
1103
1326
1177
1166
1215
1134
1390
1796
1287
1258
1353
1369
1206
1307
1671
1493
2126
1232
1490
843
1267
1330
1747
1158
1235
1219
1291
1405
1559
1474
5283
810
1155
1378
1106
1784
781
946
821
4282
3459
844
1537
3123
2588
1668
2002
2745
1189
1695
1024
2124
884
1252
1269
1221
1237
1249
1176
1351
1218
1584
6578
1818
3424
1518
1220
1043
876
1638
1078
948
835
882
957
1047
871
1028
887
885
832
843
1076
907
961
882
897
829
815
825
914
897
898
888
890
1659
937
975
1168
1318
1015
888
850
827
825
814
880
897
864
883
824
911
829
866
1056
1101
945
941
976
934
992
836
790
890
889
912
941
918
1085
951
998
1723
844
931
968
921
10190
2696
814
890
949
1461
1582
892
18446744073708552554
882
966
999
1169
1525
2619
832
831
834
912
1071
911
818
828
859
831
799
952
813
950
945
1095
857
896
856
838
875
901
1029
898
923
1085
925
888
1772
887
797
831
843
914
907
958
1058
890
860
952
977
853
938
797
880
858
912
898
893
874
925
865
824
792
835
1227
820
1097
1044
931
1245
1373
874
828
874
828
828
815
1016
813
920
829
826
866
886
890
1033
904
951
963
1147
929
800
785
800
866
817
801
922
896
1207
894
1211
1546
935
864
867
892
950
927
1027
934
918
879
830
892
820
9331
2160
3417
908
1377
2992
2439
2419
1487
890
1244
1227
1170
1280
1503
1486
1324
1598
1304
1295
1303
886
1778
811
2569
1212
1199
1295
1384
1785
874
1393
1228
1229
1206
1206
1211
1611
1205
1130
1199
1397
1412
1415
1600
986
2608
843
1199
898
1667
1373
1371
1203
1404
1235
1336
1209
1296
1508
1358
1176
1155
1243
1123
1530
1328
1489
1461
1897
1532
1277
1324
1544
2455
836
818
926
1898
816
789
2249
801
786
1896
804
850
2990
1202
938
1039
4551
3195
1641
2481
1883
2606
2189
2358
2130
814
1385
1272
1472
950
2647
834
822
1883
1318
1339
1390
1329
1188
1131
1358
1379
1222
1577
1161
1178
1493
1272
1150
1304
1681
1415
1694
2036
1213
1136
1292
1469
1489
1294
1415
1184
1176
1717
1275
1456
1250
1144
1135
1216
1581
1253
1657
902
2418
937
1158
1159
1219
1437
1470
1397
1627
1303
1411
1262
1382
1428
1191
1200
1025
1416
2336
1177
1060
1752
1623
3091
857
885
876
952
2646
1022
824
798
4151
3453
1272
963
3054
1893
887
1608
2496
2693
1786
2154
887
901
1284
1303
1288
1450
1323
1250
1238
1211
1171
1186
1191
1258
1760
1536
2024
834
1429
1305
1708
1601
1782
1433
1473
1934
1552
1728
843
2059
908
1456
1252
1375
1421
1302
1346
1296
830
1524
1308
1616
1452
1039
1345
1168
1271
1174
1182
1518
1204
1228
1282
1453
1346
1498
1342
1822
1390
1789
1262
1176
1132
1397
1716
837
2090
876
881
2274
936
1031
1073
1903
800
797
4117
4587
1358
2116
2169
3106
840
1680
1879
2501
1987
842
1976
923
833
1285
1374
1525
986
2591
1033
1236
1086
1280
1199
1336
1222
1189
1651
1139
1232
1241
1503
1717
1332
1177
1133
1278
1349
1233
1782
1305
2015
911
1759
837
1689
1472
982
1275
1238
1219
1352
1354
1430
1292
1239
1490
1238
1534
1194
1571
1514
1568
1582
1207
1149
1363
1228
1461
1289
1177
1192
1219
1132
1231
1353
1888
3694
4055
2926
2987
2387
844
2919
2616
1252
917
1538
1239
1213
1505
1180
1188
1220
1511
1214
1443
2294
1176
1902
1242
1100
1293
1264
1375
1634
1287
1171
1259
1534
1357
1527
1405
1213
1240
1168
1334
1361
1357
2632
2416
915
857
1394
1274
1242
1419
1245
1181
1226
1272
1398
1398
1800