18446744073709402236
1470
1131
1111
1805
1341
1410
2986
5670
5605
1111
3612
1374
1807
1100
1071
3192
1293
1079
1069
2565
1111
1237
1904
3963
1114
1121
1384
3146
3243
1273
1151
1161
5382
2951
2308
1971
4956
1097
1162
1254
4763
1103
1851
1307
1175
3107
1248
12452
6049
3422
1813
1627
2320
4013
1588
1706
1992
2414
3702
1708
1877
4630
1508
1634
1924
4707
1232
1153
1110
1240
1462
2844
3933
3566
2213
1311
1185
1111
1113
1259
1313
1461
1235
1269
1490
1186
1212
1432
1178
1092
1111
1254
1293
1142
1161
1630
1278
2425
1282
1126
1127
1195
1293
12569
2729
2500
1197
1388
1149
2142
1169
1486
1108
1104
1197
1506
1150
1190
1179
1251
1070
1198
1174
1542
3100
1396
1678
1231
1816
1374
1685
1493
1129
1198
1322
1582
1385
1318
1249
1141
1191
1297
1224
1434
1413
1158
1163
1314
1276
1330
1174
1390
1504
2066
1160
1203
1190
1198
1197
1312
1432
1153
1157
1155
1158
1180
1324
1349
1224
1108
1072
1114
1142
1221
1745
1417
1323
1565
1217
1074
1089
1125
1214
1306
1171
1130
1470
1260
1075
1163
1278
1465
1119
1106
1166
1154
1073
1204
1345
1250
1794
11152
3085
1729
4418
1508
1664
1934
1900
1809
2704
1996
1556
1749
1875
1361
1116
1157
1109
1158
1194
1258
1315
1449
1555
1184
1105
1225
1194
1298
1189
2022
1175
1210
1105
1103
1344
1403
1225
1137
1190
1163
1106
1151
1188
1319
1088
1136
1102
1271
1320
1163
1140
1558
1252
1729
1539
1160
1181
1140
1134
1233
1340
1118
1116
1189
1108
1131
1136
1333
1368
1100
1135
1099
11393
2375
2865
2771
1399
1097
1664
1245
1342
1162
2758
1182
1075
1110
1554
1627
1608
1856
1157
1139
1165
1159
1273
1195
1116
1100
1130
1135
1135
1347
1492
1267
1068
1160
1110
1104
1222
1283
1315
1347
1606
1426
1392
1096
1256
1194
1271
1481
1178
1234
1067
1085
1183
1147
1272
1378
1294
1128
1152
1159
1116
1144
1315
1295
1479
1758
1155
1098
1241
1370
1212
1166
1101
1107
1277
1129
1101
1135
1152
1473
1097
1094
1080
1375
1161
1110
1337
1304
2373
18210
2613
2043
4151
3225
3823
2127
1638
2117
1679
3099
1234
1258
3481
1151
1157
1151
3884
1908
1177
1155
1236
4891
3229
1344
1158
1508
1152
1356
1201
1085
1149
1130
1069
1183
1311
1249
1774
1374
1366
1366
1259
1120
1262
1241
1148
1195
1464
1170
1274
1134
1296
1268
1191
1201
1317
1098
1211
1331
1387
1408
19879
1996
1936
1465
3529
5597
1221
2080
3588
2310
1222
1545
2287
1725
2040
1948
1314
1424
1356
1158
2148
1130
1148
1097
1408
1370
1377
1250
1174
1397
1195
1246
1260
1273
1266
1113
1117
1140
1195
1105
1103
1206
1590
1290
1920
1185
1104
1149
1144
1156
1257
1258
1107
1069
1173
1267
1273
18446744073708553075
1453
1206
1160
1112
1153
1201
1244
1312
1230
1517
2553
1206
1105
1101
1155
1391
1170
1168
1103
1222
1166
1148
1240
1271
1399
1171
1139
10746
2187
2821
3893
2376
1880
2026
1873
1607
1635
1271
1370
1388
1233
1411
1769
1127
1151
1170
1163
1298
1401
1391
1131
1121
1120
1083
1140
1291
1175
1107
1215
1201
1226
1194
1237
1449
1502
1193
1821
1195
1103
1156
1098
1172
1211
1212
1103
1064
1302
1077
1231
1179
1209
1282
1158
1108
1096
1222
1124
1284
1341
1371
2291
1112
1232
1101
1103
1120
1168
1621
1130
1126
1105
1149
1145
1382
1486
1337
1134
1166
1238
1255
1150
10031
1659
3822
2174
2593
2140
3447
1111
1855
1501
2165
2508
1585
1289
1318
1392
1175
1360
1234
1109
1145
1133
1076
1172
1436
1243
1148
1133
1121
1288
1228
1176
1117
1443
1299
2109
1120
1117
1073
1384
1370
1217
1475
1113
1095
1211
1249
1155
1175
1317
1262
1143
1132
1147
1070
1226
1591
1486
1654
1590
1217
1218
1175
1163
1297
1420
1075
1158
1325
1123
1203
1179
1195
1203
1184
1080
1201
1215
1199
1157
1282
1334
8635
3883
2450
4378
3405
1085
1505
1618
1499
1412
1260
1941
1379
1153
1106
1146
1234
1474
1162
1183
1173
1110
1123
1148
1278
1198
1359
1105
1128
1190
1192
1202
1351
1229
1607
1696
1245
1113
1274
1226
1217
1331
1130
1133
1858
1076
1318
1258
1418
1151
1194
1186
1339
1098
1205
1137
1309
1460
2430
9906
1219
1076
1122
1187
1151
1396
1114
1082
3724
1803
1909
13901
3738
1911
2344
5497
2423
3275
1130
2535
2016
7019
3678
2579
1556
1430
1875
2072
2128
3480
2361
1991
2288
1785
1741
1594
1808
1923
1666
1216
1340
1160
1189
1142
1374
1144
2117
1121
1204
1109
1330
1338
1344
1205
1162
1193
1152
1157
1102
1210
1170
1149
1087
1071
1392
1149
1123
1071
1443
1349
1584
1687
9845
2936
3428
2307
2431
1087
1116
1474
1385
1244
1928
1324
1137
1139
1138
1211
1408
1186
1124
1270
1241
1285
1286
1208
1190
1147
1073
1066
1084
1171
1084
1144
1318
1900
4134
1211
1180
1168
1138
1112
1356
1106
1138
1080
1068
1408
1204
1675
1102
1253
1126
1221
1229
1123
1344
1156
2086
1351
1156
1067
1128
1303
1434
1305
1120
1180
1215
1146
1217
1160
1322
1452
1127
1194
1112
1145
1151
1222
1374
1267
2124
1165
1067
1110
1462
1225
1257
1169
1121
1179
1193
1207
1156
1515
1443
1281
1249
1340
1108
1144
1131
1176
1152
1188
1248
1139
1149
1126
1837
1273
1568
1403
1446
1194
11082
2404
4632
2269
1191
3138
1731
1449
1729
1684
1809
1838
1832
1604
1744
1634
1755
1950
2757
1520
1177
1072
1241
1290
1355
1069
1250
1077
1110
1161
1261
1406
1341
1171
1131
1070
1092
1106
1133
1137
1542
1145
1994
1591
1071
1098
1171
1104
1246
1168
1073
1070
1081
1153
1076
1239
1330
1574
1087
1187
1196
1163
1298
1227
1389
1339
2066
1070
1146
1075
9500
3575
2733
2746
2698
1415
1355
1438
1780
1110
1132
1151
1148
1185
1605
1101
1147
2455
1426
1332
1772
1472
1366
1563
1404
1738
1627
1520
2380
1172
1113
1079
1124
1222
1787
1180
1147
1265
1148
1346
1152
1171
1244
1140
1197
1231
1187
1075
1071
1270
1479
1339
2060
1156
1194
1207
1181
1123
1376
1126
1070
1091
1105
1072
1240
1172
3202
10239
2044
1671
1130
1188
1182
1363
1111
1162
1270
1262
1183
1198
1212
1335
1206
1129
1119
1265
1125
8194
3687
2962
3506
1089
2790
3388
3438
2484
1853
1714
1569
1962
6662
2477
1653
2038
3520
1450
1601
18446744073708556819
2425
2249
1744
1802
1630
2067
2902
2262
2277
1354
3221
1190
1102
1199
6185
2671
1446
1301
1402
1252
1118
1093
1099
1181
1273
1354
1397
1194
1108
1101
1082
11598
2524
2782
3817
1532
1114
1287
1924
1187
1389
1388
1210
1201
1227
1340
1371
1905
1143
1172
1147
1231
1135
1383
1101
1101
1139
1118
1113
1149
1140
1147
1141
2592
1373
1189
1123
1302
1400
1210
1993
1279
1150
1185
1231
1200
1259
1218
1129
1112
1225
1109
1107
1186
1290
1336
1266
1143
1104
1074
1200
1339
1402
1141
2261
1184
1243
1101
1179
1344
1460
1152
1278
1424
1339
1244
1202
1141
1210
1099
1121
1112
1137
1113
1216
1151
1428
1724
1949
1165
1143
1184
1172
1302
1367
1115
1106
1128
1138
1071
1507
1209
1553
1121
1136
1169
1070
1116
1389
1129
1355
1400
10266
4608
1865
2292
2882
2376
1681
1892
2772
1710
1489
1778
1818
1745
1745
1692
1649
1749
1736
1885
1618
1946
1673
1818
1903
2773
1118
1632
1797
2072
1927
1452
1872
1352
1396
1157
1304
1087
1190
1116
1087
1113
1482
1194
1587
1197
2135
1110
1068
1081
1142
1196
1238
1246
1168
1442
1140
1126
1171
1302
1340
1172
1087
1188
1188
1069
8728
1188
3271
4103
3154
2376
2478
1085
1080
1095
1096
1071
1212
1379
1271
1797
1934
1110
1178
1187
1184
1240
1226
1110
1222
1254
1507
1140
1186
1422
1154
1175
1110
1107
1072
2967
1296
1464
1640
1195
1221
1243
1243
1318
1261
1164
1103
1138
1139
1423
1190
1195
1197
1237
1101
1337
1278
1151
1138
1322
1451
1379
1796
1143
1159
1211
1516
1448
1530
1580
1187
1548
1186
1412
1564
1140
1118
1179
1193
1146
1261
1322
1375
1252
1271
1130
1149
1134
1341
1379
1435
1269
1134
1385
1294
1233
1152
1249
1385
1213
1105
1150
1132
1130
1104
1135
1372
1468
1858
1166
1094
1148
1136
8835
3588
3272
1105
3053
3472
2214
1418
1647
1801
2327
1533
1640
1697
1345
1156
1415
1350
1184
1358
1069
1149
1072
1097
1229
1647
1189
2038
1195
1106
1548
1242
1204
1245
1205
1106
1880
1111
1157
1304
1505
1203
1073
1489
1208
1156
1402
1218
1238
1732
1419
1267
1134
6343
1220
4393
1382
1193
1145
1077
1122
1718
2273
1538
15953
2434
1229
2651
1284
4653
1744
1422
4296
1138
1105
1213
1156
2542
4297
3592
1315
1134
1235
1187
1111
1159
1249
1492
1775
1942
1650
1164
1156
1112
1156
1145
1149
1139
1144
1149
1198
1206
1255
1442
1147
1431
1270
1209
1183
1192
1354
1338
1744
1201
1194
1109
1263
1201
1251
1317
1175
1139
1180
1073
1300
1257
1250
1213
1080
1190
1331
1200
1225
1315
1547
1231
2014
1151
1105
1093
1208
11999
1857
3353
2352
2930
1758
2142
1899
1192
1140
1176
1328
1104
1194
1205
1121
1135
1140
1151
1149
1170
1199
1107
1246
1175
1156
1333
1373
1410
1847
1273
1121
1125
1178
1105
1276
1140
1107
1102
1154
1102
1348
1177
1477
1265
1125
1251
1109
1068
1087
1138
1563
1145
1127
1423
1484
1185
1106
1160
1237
1432
1122
1183
1143
1130
1089
1217
1223
1321
1283
1124
1068
1208
1163
1283
1252
1409
1252
1618
1244
1155
1123
12637
2011
1087
3780
1215
2466
1475
2127
2292
1393
1176
1317
1421
1238
1150
1115
1143
1121
1165
1267
1260
1113
1230
1151
1235
5097
1140
5880
1659
1800
1612
1326
1252
1147
1180
1215
1369
1290
1189
1129
1123
1179
1075
1211
1338
1416
2148
1322
1170
1106
1107
1176
1316
1454
1153
1112
1127
1070
1333
1351
1296
1169
1126
1112
1151
1199
1387
1250
1524
1170
2168
1254
10561
4335
1932
1989
2542
1328
2153
1430
2627
1609
1809
18446744073708553077
1460
1147
1098
1174
1111
1181
1195
1184
1213
1247
1141
1064
1478
1183
1299
1579
1505
1388
1397
1591
1105
1158
1247
1178
1423
1230
1147
1102
1301
1072
1124
1139
1400
1187
1069
1145
1105
1069
1180
1281
1542
1218
1701
1470
1363
1122
1135
1224
1305
1255
1197
1422
1182
1166
1604
1239
1225
1339
1110
1122
1125
1096
1107
1297
1651
1299
11352
3095
3995
2967
1993
1849
1571
1980
1778
1625
1608
1666
1935
2055
1691
1491
1207
1113
1202
1271
1460
1131
1166
1130
1312
1147
1159
1341
1526
1267
1906
1115
1189
1294
1280
1234
1214
1146
1115
1847
1222
1153
1265
1440
1139
1070
1462
1201
1140
1294
1415
1288
1310
1651
1106
1168
1377
1665
8505
1181
1502
1253
1182
2883
1120
1423
5458
1225
1115
10473
4584
2176
3347
1130
6156
1330
1925
2065
2009
3143
1588
1781
5061
2636
2612
1413
1447
1293
2311
1426
1118
1279
1132
1177
1187
1108
1103
1210
1120
1107
1291
1489
1478
1252
1311
1167
1065
1173
1149
1570
1622
1977
1295
1113
1256
1193
1420
1217
1312
1135
1130
1116
1234
1178
1234
1241
1146
1266
1242
1321
1279
1140
1514
1251
1902
1206
1163
10161
2368
2667
1171
2281
1137
1211
3056
1177
2078
1222
1111
1143
1145
1141
1214
1298
1122
1207
1263
1265
1167
1258
1613
1153
1076
1213
1307
1382
1245
1247
1581
1242
2003
1205
1108
1088
1235
1195
1246
1443
1168
1154
1146
1369
1152
1395
1414
1070
1168
1260
1118
1191
1173
1272
1312
1328
2054
1150
1170
1104
1137
1181
1302
1144
1162
1161
1102
1250
1271
1222
1552
1746
1193
1144
1245
1617
1313
1500
1321
2063
1287
1154
8718
1096
1284
5223
4090
3367
4267
1194
3009
3620
1704
1781
2094
1731
2286
2081
1805
1834
1994
1726
2598
1976
1556
1691
1885
2062
1949
2229
1753
1793
1208
1508
1101
1106
1141
1198
1502
1213
1688
1331
1179
1144
1106
1179
1285
1351
1179
1180
1112
1155
1447
1254
1351
1187
1316
1192
1184
1231
1136
1312
1426
1357
1594
1497
1219
1128
1147
1263
1274
1174
1109
1128
9846
3152
4473
2504
1291
2218
1256
1496
1284
1093
1133
1137
1109
1139
1115
1252
1199
1118
1160
1432
1251
1221
1261
1441
3369
1623
1113
1131
1117
1183
1333
1241
1124
1106
1236
1151
1129
1226
1452
1205
1075
1185
1149
1110
1362
1222
1629
1290
1141
1250
1923
1111
1135
1246
1346
1157
1248
1322
1213
1140
1148
1199
1186
1108
1158
1102
1148
1116
1113
1137
1420
1420
1823
1236
1155
1142
1209
1208
1289
1331
1075
1175
1186
1192
1336
1156
1404
1420
1109
1193
1073
1104
1149
1259
1366
1133
1908
1527
1171
1167
1178
1151
1397
1214
10005
3775
1108
2190
4698
1889
2149
1691
1965
1596
1677
1815
1764
1728
1884
1780
1523
1203
1244
1142
1221
1632
1792
1314
1164
1217
1259
1814
7473
1164
1237
1502
4979
1439
1399
1520
1461
1798
3834
1138
1103
1343
1144
3699
1176
1195
1329
2096
2313
4360
3088
2058
1154
1276
1253
1276
1264
1440
11087
2527
2247
3178
1354
4041
1521
1743
1294
1371
1381
1171
1261
1106
1103
1205
1556
1126
1165
1144
1172
1075
1158
1296
1320
1298
2015
1136
1109
1391
1161
1302
8873
3855
1726
1929
1351
1170
1408
1273
1989
1258
1140
1226
1195
1221
1432
1168
1103
1111
1221
1113
1115
1124
1305
1359
1106
1143
1206
1073
1413
1187
1628
1158
2121
1201
1242
1103
1268
1354
1389
1200
1381
1143
10672
3069
2927
3615
1805
1584
1903
1591
1585
1844
1796
18446744073708553165
2013
1131
1128
1195
1187
1191
1146
1200
1279
1226
2114
1095
1130
1129
1232
1306
1445
1268
1071
1178
1102
1104
1304
1224
1322
1351
1288
1153
1171
1155
1201
1565
1346
1656
1704
1142
1163
1248
1139
1145
1123
1202
1101
1144
1332
1107
1189
1294
1442
1073
1263
1215
1257
1110
1209
1568
1170
1673
1458
1157
1153
1146
1142
1406
1535
1084
10311
4221
1222
4889
1751
1598
1681
1749
1394
1112
1196
1127
1145
1068
1140
1321
1383
1165
1218
1091
1110
1094
1170
1411
1363
1394
1906
1161
1111
1118
1102
1245
1521
1088
1208
1190
1097
1399
1191
1465
1223
1099
1192
1144
1114
1161
1071
1546
1379
1734
1631
1119
1102
1148
1162
1188
1280
1133
1096
1113
1124
1170
1151
1125
1652
1179
1219
1097
1130
1274
1180
1383
1258
1720
1432
1217
1248
1237
1161
1173
1338
9873
3908
2010
2800
2912
1881
1668
1939
1806
1753
1588
1796
1661
1623
1700
1555
1140
1117
1139
1140
1305
1295
1683
1570
2090
1194
1159
1158
1182
1408
1151
1367
1290
1130
1082
1208
1176
1195
1180
1186
1181
1071
1085
1132
1248
1347
1406
1496
1833
1191
1106
1266
1153
1324
1319
1159
1107
1086
1124
1369
1159
1287
1320
1160
1179
1270
1079
1096
1134
1320
1234
1595
1647
1248
1158
1110
1106
1157
11268
2013
2595
2012
1323
1978
3097
1523
2134
1594
2019
1585
1636
2074
1138
1205
1286
1199
1068
1468
1156
1223
1154
1204
1329
1297
1981
1126
1151
1177
1166
1104
2136
7687
1303
1253
1170
2860
1349
1176
5506
1200
1196
1119
1175
1174
1303
1175
3694
1121
1144
1274
3503
1157
1106
1196
1879
6010
3058
1571
1622
1166
1182
12749
2064
2311
4941
1882
1616
1569
1274
1271
1157
1146
1101
1098
1135
1201
1685
1227
1087
1199
1067
1155
1175
1522
1297
1494
1406
1135
1131
1465
1187
1185
1428
1103
1161
1143
1178
1256
1140
1196
1251
1276
1292
1121
1219
1304
1138
1447
1243
1422
1682
1156
1100
1118
1174
1233
1316
1288
1105
1112
1238
1123
1136
1201
1443
1089
1150
1112
1141
1251
1173
1352
1334
1469
2069
1192
1198
1232
1292
1348
12536
1434
2971
2835
1891
2474
1706
1517
1755
1866
1756
1759
1914
1381
1561
1311
1158
1160
1105
1104
1103
1154
1393
1289
1364
1936
1122
1242
1188
1169
1220
1532
1128
1137
1251
1173
1251
1194
1302
1301
1349
1210
1134
1146
1138
1145
1208
1450
1223
1963
1220
1337
1169
1192
1104
1207
1164
1101
1176
1157
1070
1228
1357
1427
1233
1480
1133
1165
1122
1127
1296
1270
1691
1519
1152
1119
1152
10778
3248
1920
2086
1493
3545
1817
1921
1175
1094
1281
1239
1332
1190
1291
1348
1286
1184
1168
1366
1371
1238
1205
1188
1103
1117
1114
1214
1605
1164
1880
1142
1123
1073
1169
1203
1374
1138
1193
1105
1105
1295
1234
1322
1323
1211
1206
1243
1080
1189
1101
1150
1325
1345
1703
1429
1138
1151
1156
1163
1328
1295
1116
1221
1255
1108
1132
1157
1698
1293
1242
1239
1208
1115
1140
1213
1253
1336
2110
1168
1136
1349
1164
1207
9138
3763
3495
2275
4361
3411
1161
1707
1749
1444
1795
1764
1698
1624
1693
1086
1095
1262
1154
1236
1328
1431
1277
1514
1805
1134
1233
1069
1075
1233
1467
1075
1382
1199
1213
1372
1611
1788
1747
1411
1511
1199
1127
1151
1559
1449
1887
1143
1174
1232
1170
1345
1192
1157
1068
1138
1141
1243
1154
8004
5438
1824
1832
2087
1451
1491
1428
1083
1224
1185
10334
2420
3863
3351
2479
3960
3717
2822
3036
2743
2667
1507
2353
2592
1123
1644
2156
1879
7705
4977
2004
2084
18446744073708554616
5355
1416
2077
1989
1771
5233
2105
2368
1877
3732
1156
1523
1399
3792
1116
1272
1147
4957
3111
1624
1376
1259
1077
1142
1158
1147
11125
2348
4113
2146
1589
2480
1621
1302
1216
1105
1204
1086
1144
1439
1189
2065
1094
1214
1395
1273
1332
1544
1123
1165
1142
1114
1067
1131
1293
1195
1073
1111
1294
1435
1152
1108
1280
1378
3239
1556
1114
1118
1128
1316
1241
1181
1111
1163
1171
1114
1148
1253
1445
1254
1107
1219
1242
1284
1184
1364
1322
1203
1982
1243
1169
1194
1256
1347
1401
1161
1273
1253
1127
1134
1133
1288
1143
1138
1128
1151
1228
1216
1155
1278
1441
1303
1950
1178
1216
1162
1184
1105
1185
1258
1101
1100
1214
1353
1187
1358
1472
1069
1066
1158
1103
1104
1264
1195
1407
1296
1920
1184
1150
1126
1223
1180
1422
1206
11129
2547
2832
4770
4475
1176
2219
1143
1489
1519
1530
1750
2034
1987
1617
1312
1098
1229
1419
1217
1428
1728
1197
1121
1394
1245
1690
1302
1131
1282
1201
1198
1155
1274
1227
1239
1110
1067
1064
1263
1215
1205
1705
1179
1738
1150
1143
1101
1153
1114
1210
1313
1360
1251
1253
1189
1182
1143
1527
1195
1067
1079
1205
1136
1103
1214
1415
1176
1820
1142
1242
1161
1151
1188
1345
1309
1133
1128
1231
1228
1342
1143
11048
4031
2538
2300
2129
1750
2039
1585
2036
2436
1924
1592
1683
3800
1569
1873
1314
1172
1303
1108
1255
1874
1838
1214
1126
1106
1164
1191
1864
1183
1202
1129
1207
1091
1108
1797
1578
1183
1821
1127
1642
1135
1209
1361
1188
1103
1175
2426
1156
1139
1213
1673
2102
1326
1598
1436
1730
1861
1983
1147
1117
1141
2253
1489
1244
1416
1174
1542
2255
1296
12428
4930
1857
3261
2140
1998
2661
2227
1716
1743
2212
1647
1920
2250
2864
1636
1683
1790
2273
1188
1145
1195
1207
1241
2224
1372
1136
1193
1201
1148
2014
1538
1379
1848
1143
1997
1224
1179
1176
1305
1069
1780
1196
1160
2036
1385
2146
1226
1299
1176
1147
1148
2140
1454
1731
1299
1113
1378
2193
1410
1614
6026
1720
13348
3506
3869
1469
4592
1450
1347
3260
4376
1531
1185
1706
1617
1809
1144
3645
1206
1126
1144
2413
1220
2162
2657
4272
3149
1239
1929
1178
1149
1185
1306
1281
1227
1211
1106
1165
1179
1074
1105
1422
1832
1779
1365
1164
1104
1230
1214
1540
1344
2025
1105
1469
1480
1280
1381
1222
1108
1147
1117
1343
1335
1183
1301
1177
1369
1540
1248
1101
1157
1251
1407
1433
11395
2496
2772
3195
1539
1577
2373
2418
1194
2862
1149
1534
1741
1655
1925
1910
1846
1644
1689
1518
1157
1078
1103
1076
1144
1167
1249
1486
1340
1908
1267
1217
1151
1197
1193
1156
1267
1113
1116
1128
1501
1191
1288
1418
1435
1204
1189
1206
1102
1142
1458
1215
1423
1621
1095
1109
1140
1285
1116
1449
1205
1120
1151
1125
1354
1227
1256
1501
1338
8423
5862
4484
2257
2882
2018
1750
1568
1207
1238
1307
2382
1182
1438
3770
1782
1114
1166
1318
1537
1653
1265
1114
1145
1102
1213
1140
1874
1127
1112
1101
1343
1196
10723
4788
2167
1173
1116
1143
1315
1391
1869
1241
1224
1139
1195
1234
2218
1934
1370
1167
1166
2238
1530
1197
1186
1426
1357
1583
1235
1222
1161
1166
1099
1948
1142
1209
1313
1606
1403
2508
1699
1146
1185
1390
12777
1681
2915
2812
4662
1621
2052
18446744073708553264
2388
1947
1614
1621
1747
2178
1346
1078
1153
1110
1100
2021
1483
1348
1764
1186
1097
1115
1950
1350
1293
1069
1284
1186
1148
1177
1157
1395
2138
1157
1117
1418
1131
1230
1592
1196
1952
1140
1145
1266
1158
1236
1429
1380
1321
1390
1103
1171
1177
1281
1306
1120
1065
1063
1162
1149
1138
1235
1932
1343
1769
1225
1185
1147
1107
1100
1119
1250
1102
10933
2054
4446
2850
1129
1800
1138
1815
1989
1476
1772
1714
2015
2093
1742
1639
1589
1636
1828
2159
2427
1319
2327
1533
1465
1324
1171
1220
1102
1131
1200
1984
1309
1142
1454
1192
1156
1208
1121
1349
1342
1297
1889
1162
1129
1121
1227
1492
1498
1186
1678
7127
1141
1188
1126
5684
1204
1995
1107
1105
1164
1125
3290
1349
1208
1357
9859
4805
4174
2548
2993
2742
1187
1806
1198
5916
3173
1979
1479
1315
1552
1616
1261
1105
1179
1164
1102
1205
1171
1164
1106
1351
1163
1154
1774
1629
1474
1122
1124
1175
1372
1447
1276
1393
1563
1138
1417
1178
1221
1268
1516
1070
1175
1223
1104
1103
1219
1193
1241
1111
1349
1185
1211
1149
1270
1216
1485
1218
1968
1159
1103
1116
1234
1574
1348
1147
1061
1099
1133
1101
1150
1386
1418
1154
1217
1154
1337
1252
1299
1328
1245
9183
2397
3953
1991
3381
2865
1558
1642
2520
2284
2022
1708
1408
1233
1115
1150
1184
1102
1112
1446
1091
1405
1845
1562
1280
1160
1139
1155
1134
1456
1263
1407
1261
1117
1154
1108
1241
1129
1219
1292
1127
1172
1133
1071
1134
1215
1409
1280
1362
1104
1156
1708
1163
1340
1429
1432
1938
1536
1281
1292
1421
1210
1251
1101
1101
1200
1110
1424
1248
1505
1250
1257
1265
1189
1177
1228
1237
1294
1300
1175
1113
1188
10428
3922
2287
3577
1790
2197
2482
2045
1587
1633
1773
1685
1728
1787
1629
1563
1799
2005
1567
1849
1748
1691
1723
1167
1818
1232
1238
1107
1104
1159
1251
1414
1118
1127
1583
1218
1252
1220
1248
1188
1065
1059
1145
1234
1104
1131
1344
1482
1230
1475
1597
1131
1289
1242
1178
1406
1126
1106
1154
1188
1094
1194
1475
1553
1138
1415
1167
1148
1134
1361
1259
1234
9320
3334
2754
3810
1244
1285
1168
1206
1285
1182
1721
1296
1902
1282
1162
1150
1161
1331
2851
1097
1097
1253
1069
1199
1145
1246
1290
1107
1175
1103
1346
1258
1215
1497
1223
1964
1113
1149
1142
1217
1286
1391
1465
1399
1595
1074
1174
1206
1288
1171
1157
1153
1103
1110
1140
1137
1373
1414
1211
2127
1140
1176
1155
1179
1240
1156
1157
1103
1112
1373
1074
1252
1269
1380
1108
1128
1137
1108
1102
1243
1191
1455
1251
2291
1141
1240
1134
1134
1240
1386
1105
1126
1184
1115
1067
1174
1512
1259
11012
3044
1422
1136
3659
3583
1169
1852
2638
1122
1901
1991
1426
1753
1875
2186
2102
1366
1108
1167
1462
1397
1105
1582
1232
6806
1121
1075
2119
4378
1594
1564
1137
1102
1205
5780
1405
1305
1082
1191
1277
1546
1124
1813
3221
1196
1431
1138
4737
2880
2201
1268
1124
10873
3843
2783
3314
1220
1201
1810
1192
1151
1299
1174
1105
1445
2387
1333
1383
1181
1256
1108
1256
1098
1138
1225
1368
1236
1950
1120
1350
1127
1132
1269
1428
1136
6350
5943
1939
1676
1298
1518
1188
1862
1189
1101
1154
1240
1378
1278
1309
1174
1096
1150
1176
1148
1258
1302
1235
1095
1130
1329
1085
1271
1328
1155
1555
1633
1101
1108
1317
1138
1256
1338
1361
1167
1199
1159
1166
1341
1317
1268
1195
1134
1158
1297
10147
3424
2156
4934
1353
18446744073708553548
2380
1572
1679
1542
1712
1972
2797
1603
1537
1710
1355
1425
1116
1129
1157
1834
1194
1410
1299
1418
1250
1211
1164
1182
1249
1262
1612
1080
2077
1208
1256
1190
1193
1233
1243
1110
1161
1233
1141
1080
1108
1246
1355
1426
1277
1996
1129
1166
1353
1347
1340
1989
1195
1102
1106
1124
1550
1409
1111
1245
1115
1177
1216
1146
1273
1310
1179
1076
1128
1472
9675
4154
3558
1840
1151
1434
1257
2678
1490
1268
1161
1181
1238
1474
1289
1366
1772
1254
1149
1120
1141
1103
1364
1104
1132
1201
1314
1189
1345
1149
1220
1277
1115
1111
1171
1155
1169
1222
1385
1239
1745
1134
1171
1206
1199
1256
1229
1323
1078
1154
1235
1265
1108
1468
1199
1557
1189
1225
1110
1517
1167
1139
1361
1232
1891
1295
1263
1205
1227
1365
1505
1070
1112
1108
1139
1087
1423
1291
1134
1490
1095
1200
1348
1149
1155
1485
7348
4029
1838
5086
1383
2199
2782
2302
1965
2058
2478
2077
1481
1212
1180
1349
1293
1134
1202
1185
1086
1191
1204
1258
1195
1075
1220
1127
1105
1203
1340
1487
1376
2067
1286
1138
1244
1131
1127
1268
1187
1138
1098
1518
1082
1159
1235
1350
1069
1101
1210
1105
1116
1140
1164
1292
1260
2210
1285
1189
1114
1188
1203
1394
1155
1134
1138
1225
1063
1117
1488
1173
1237
1144
1066
1164
1180
1145
1103
1454
1261
1773
1476
1374
1149
13120
1375
2701
3376
1684
1764
2331
1906
1616
1676
1550
1331
1120
1122
1944
5468
5025
1220
1203
1366
1436
1475
5450
1236
1267
1365
1176
1126
1124
4378
1327
1152
1145
1073
1178
2272
1689
3470
3605
3118
2470
1292
1241
1873
1288
1507
1376
1137
1204
1146
1214
1248
1218
1264
1425
1270
2012
1314
1150
10506
4255
1886
3371
1225
2513
2197
1559
1470
1129
1170
1174
1232
1323
1143
1269
1119
1109
1118
1156
1161
1217
1360
1083
1164
1115
1098
1106
1377
1496
1194
1789
1169
1064
1101
1298
1491
1203
1194
1174
1195
1210
1108
1190
1425
1361
1155
1118
1133
1329
1077
1206
1412
1260
1284
1799
1124
1259
1105
1171
1307
1440
1408
1166
1354
1070
1128
1157
1139
1288
1284
1071
1100
1118
1152
1102
1284
1588
1136
2000
1200
11508
3126
1909
2126
2893
2022
1886
2357
1527
1319
1089
1103
1226
1480
1219
1106
1206
1285
1100
1166
1398
1483
1186
1210
1063
1128
1196
1104
1128
1452
1413
1778
1333
1345
1179
1195
1280
1340
1203
1127
1176
1156
1070
1125
1220
1363
1214
1263
1248
1208
1101
1159
1235
1421
1247
1741
1138
1155
1156
1101
1493
1395
1239
1162
1214
1103
1152
1230
1305
1455
1206
1072
1068
1366
1111
1171
1200
1383
1286
1654
1182
11356
2410
1681
3254
2582
1933
2374
2541
1805
1587
1392
1073
1282
1387
1165
1126
1297
1307
1121
1373
1194
1214
1187
1104
1108
1108
1085
1103
1135
1544
1475
2101
1249
1071
1105
1178
1152
1205
1280
1070
1065
1120
1135
1257
1541
1659
1151
1130
1128
1213
1255
1155
1596
1321
1838
1470
1323
1151
1145
1154
1365
1148
1145
1140
1228
1129
1140
1172
1340
1197
1393
1230
1315
1131
1107
1064
1658
1230
1956
1132
1112
9900
3228
2561
1582
3648
1264
2428
1391
2388
1912
1563
1896
1801
2199
1580
1832
1435
1442
1164
1173
1127
1184
1127
1178
1162
1448
1626
1087
1880
1085
1158
1112
1245
1236
1634
1445
1219
1285
1225
1380
1243
1501
1302
1152
3212
6903
2004
2139
1435
1336
1322
1229
1284
1270
1155
1119
1392
1362
1216
1187
1106
1153
1183
1161
1173
1502
1238
1076
1729
1807
11395
2774
2860
3623
3522
1494
2901
2024
1804
2336
1570
1591
2081
1667
8130
1868
18446744073708553293
4512
1812
1597
1792
1663
5588
1710
1770
1852
1496
1655
1758
3412
4303
4050
1452
3843
1348
1271
1175
3172
3515
2401
1198
1370
1401
1401
2388
1166
1105
1272
1168
9206
3856
2637
2901
3352
2104
1183
1500
1229
1250
1154
1344
1148
1195
1146
1178
1223
1140
1205
1213
1260
1264
1127
1150
1121
1071
1317
1459
1291
1630
1769
1132
1105
1378
1298
1210
1243
1159
1128
1153
1103
1122
1326
2712
1176
1231
1362
1186
1329
1314
1146
1955
1392
1119
1130
1104
1190
1121
1457
1210
1140
1195
1090
1130
1185
1227
1290
1110
1126
1178
1156
1179
1107
1340
1508
1216
2041
1190
1177
1121
1184
1236
1173
1458
1329
1267
1320
1168
1152
1293
1368
1104
1124
1089
1109
1216
1130
1343
1224
1462
1978
1120
1201
1208
1171
1221
1561
1104
1177
1146
1103
1103
1448
1389
1312
1117
1068
1246
1103
1132
1103
1488
1427
10349
2476
3072
1146
3901
3702
1762
1189
2328
2508
1496
1155
1210
1528
1544
1371
1140
1239
1177
1111
1128
1165
1103
1189
1111
1142
1105
1364
1185
1255
1448
1395
1225
1796
1130
1067
1113
1183
1264
1295
1388
1245
1180
1215
1173
1109
1470
1289
1161
1118
1105
1101
1064
1254
1562
1190
1877
1201
1103
1236
1150
1217
1238
1380
1143
1131
1346
1288
1246
1213
1327
1209
1108
1270
1066
1229
10947
2293
3122
1207
2872
3002
2281
1483
1711
1536
1522
2192
1438
1912
1365
1274
1114
1076
1265
1529
1072
1128
1132
1203
1145
1195
1279
1309
1383
1129
1421
1113
1151
1166
1253
1607
1142
1973
1281
1141
1240
1679
1631
1259
1193
1644
1207
1413
1200
1547
1255
1151
1157
1268
1130
1245
1219
1331
1240
1186
1122
1116
1204
1458
1167
1454
1522
1213
1258
1296
1109
1163
1218
1281
1143
1140
1109
1114
1142
12506
1983
3972
2254
1292
1928
1880
1951
1580
1615
1725
1903
2378
2000
1646
1687
1959
2149
1706
1508
1694
2029
1585
1914
1411
1871
1772
1816
1908
2403
1852
1579
1719
1758
1877
1718
1723
1438
1223
2105
1376
1319
1134
1160
1133
1169
1417
1178
1895
1237
1159
1116
1109
1469
1305
1443
1103
1115
1150
1660
1210
12281
5020
3522
4033
1556
3978
2170
3391
1149
1105
1190
4882
1974
1122
1141
1110
1109
1600
2267
1107
2919
1180
1334
4521
2684
4188
1670
1913
1417
1116
1270
1167
1263
1175
1128
1148
1160
1175
1107
1364
1408
1676
1382
1175
1150
1064
1248
1167
1357
1163
2012
1313
1500
1073
1186
1251
1451
1067
1148
1105
1175
1112
1475
1181
1136
1314
1123
1146
1109
1148
1174
1302
1358
1189
2109
1202
1105
1183
1366
1104
1217
1170
1105
1101
1143
1180
1116
1237
1344
1253
1139
1126
1296
1085
1441
1268
1282
1325
2106
1141
1188
1116
1147
11034
2062
2153
3725
1365
1968
2899
1142
1986
1748
1424
1675
1177
1121
1444
1195
1155
1152
1257
1369
1069
1203
1142
1068
1101
1247
1456
1360
1818
1379
1179
1102
1105
1174
1298
1293
1066
1081
1164
1101
1120
1412
1166
1348
1161
1073
1064
1123
1224
1210
1192
1435
1200
1921
1386
1139
1122
1221
1151
1147
1175
1101
1097
1090
1100
1172
1126
1257
1627
1136
1182
1088
1100
1111
1258
1406
1208
2177
1310
1185
1106
10218
2766
3077
1817
5711
7152
1636
2976
1149
1964
1486
1717
1935
1846
1660
1714
1570
2204
1504
3041
1530
1531
1740
1944
1813
1565
1835
1646
1988
1606
1658
1597
1699
1752
1941
2204
2222
1586
1719
1718
1848
1632
1751
1441
1140
1438
1268
1373
1100
1116
1231
1151
1100
1197
1285
1308
1881
1231
1332
1141
1167
1172
18446744073708552890
1311
1146
1121
1189
1144
1211
1270
1200
1287
7397
5100
4719
3098
2394
1119
1283
1228
1251
1724
1458
1071
1201
1330
1076
1171
1216
1379
1231
1816
1337
1192
1105
1097
1239
1410
1284
1203
1151
1140
1060
1178
1239
1181
1161
1094
1216
1066
2321
1737
1590
1180
1875
1145
1138
1212
1161
1183
1357
1396
1073
1276
1264
1228
1111
1351
1456
1085
1112
1106
1103
1067
1171
1472
1474
1333
1996
1116
1208
1121
1317
1282
1343
1190
1281
1154
1201
1138
1495
1376
1356
1105
1074
1108
1128
1124
1106
1341
1408
1342
1804
1434
1068
1186
1153
1429
1197
1125
1139
1110
1204
1155
1150
1277
2417
1113
1319
1187
1136
1263
1165
1335
1207
1961
1137
1137
1109
9452
11704
1544
8717
2826
2581
1902
1925
1706
1703
3253
1170
1124
5195
1751
1134
1132
1123
1175
1209
1971
1846
4862
2782
1989
1127
1134
1145
1201
1130
1389
1424
1882
1179
1112
1129
1243
1148
1151
1241
1113
1219
1143
1118
1227
1460
1567
1504
1153
1243
1122
1163
1142
1209
1294
1491
1643
1409
1500
1111
1166
12374
2231
2213
1895
1211
1702
3583
1111
1168
1285
1449
1205
1204
1146
1139
1102
1106
1158
1099
1435
1419
1075
1133
1420
1190
1411
1198
1482
1238
2125
1157
1174
1074
1131
1212
1522
1338
1067
1119
1167
1101
1156
1276
1280
1232
1315
1208
1213
1111
1289
1258
1633
1220
1982
1201
1112
1070
1578
1146
1413
1196
1158
1369
1251
1242
1141
1363
1312
1149
1174
1265
1150
1159
1219
1700
1550
2042
1130
1137
1104
1096
1171
1419
1108
10896
2183
3715
2842
4189
2120
1867
2079
1540
1985
1963
1691
1877
1700
1820
1384
1114
1173
1398
1205
1497
1618
1180
1134
1168
1253
1127
1337
1127
1136
1120
1119
1193
1188
1204
1216
1183
1259
1330
1265
1374
2248
1447
1289
1810
1144
1649
1159
1257
1248
1582
1243
1684
1165
1080
1109
1234
1476
1873
1167
1329
1109
1280
1382
1797
1812
1344
10977
3342
3951
2544
1181
1542
1172
1429
1482
1844
1924
2719
1111
1151
1122
1137
1157
1297
1114
1102
1301
1383
1497
1155
1152
1109
1131
1099
1182
1361
1201
1590
1583
1365
1181
1163
1172
1318
1375
1122
1144
1168
1151
1119
1181
1180
1632
1158
1086
1139
1199
1181
1173
1438
1259
1646
1453
1152
1170
1321
1181
1154
1217
1198
1124
1109
1163
1091
1133
1250
1428
1162
1140
1345
1125
1174
1296
1245
1312
1198
1136
1665
1314
1375
1106
1315
1486
1194
1147
1147
1100
1099
11851
1721
3479
2506
3211
1947
1535
1849
2186
1560
1908
1640
1518
1601
1416
1892
2262
1631
2214
1622
1630
1859
1739
1648
1204
1145
1162
1364
1629
1953
1224
1074
1288
1104
1237
1750
1256
1874
1887
1326
1216
1234
1259
1138
1328
1106
1171
1191
1074
1254
1128
1364
2759
1166
1113
1078
1219
1267
1366
1442
1664
1232
1116
1185
7671
11959
6336
2419
6171
2627
2158
2697
1502
3187
3454
1436
1486
3549
2032
1545
3453
1807
1332
3614
1184
2015
1124
2453
6010
3216
1255
1752
1270
1224
1285
1305
1184
1915
1171
1448
1381
1482
1462
2166
1081
1252
1124
1170
2353
2175
2150
1348
1703
3177
8770
4841
1614
1350
1589
1320
1812
11103
2272
3240
3556
2108
2610
3226
4196
2951
1212
2465
1135
1884
1709
1506
2030
1729
1704
1646
1487
4630
1673
1519
1248
1103
1181
1116
1202
1150
1211
1332
1317
1219
1149
18446744073708552865
1433
1310
1690
1201
1108
1124
1508
1348
2371
1840
1138
1151
1297
1886
1403
1252
1248
1221
1605
1506
1226
1345
1147
1107
1635
1363
1215
1146
1404
1474
7845
5370
4292
2713
3289
1372
2073
1524
1247
1529
2399
1225
1306
2689
1863
1500
1203
1105
1217
1265
1173
1795
1152
1108
1356
1285
1248
2160
1560
1372
1750
1102
1534
1243
1154
1217
1284
1135
1605
1201
1143
1263
1371
1366
2268
1447
1112
1106
1346
1142
2353
1342
1133
1187
1149
1222
1724
1417
1363
1181
1500
1985
1265
1377
1286
1152
1113
1872
1269
1208
1172
1340
1419
2553
1261
1072
1126
1179
1184
1215
1270
1174
1081
1196
1202
1306
1129
12976
3135
3343
2250
2287
2257
1729
1811
2851
2113
1742
1629
2810
2607
1471
1259
2014
1191
1180
1230
1148
1073
1798
1166
1108
1161
1321
1408
1887
1435
1132
1327
1199
2452
1449
1837
1171
1126
1138
1426
1338
1342
1104
1159
1212
1106
1084
1214
1140
1234
1127
1069
1684
1211
1347
1201
1523
1218
2425
1240
1103
1154
1137
1144
1216
1217
1106
1218
1159
1290
1167
1243
11536
3569
6663
2632
3449
4087
1553
1554
2743
2019
2751
4328
1225
1170
1103
1275
1526
2577
1209
2537
5620
2106
1988
1403
1157
2050
1118
1164
1131
1484
1198
1314
1145
1099
1179
1223
1120
1200
1177
1747
5624
5345
1961
1162
1108
1124
1163
1288
3645
1123
1150
1101
3746
1345
1168
1071
1227
14698
4964
1712
2343
3860
1562
2718
4913
3636
2404
1186
1391
1374
1149
1101
1194
1132
1612
1325
1637
1176
1072
1126
1151
1070
1116
1229
1507
1140
1513
1507
1428
1214
1958
1487
1084
1073
1198
1146
1663
5746
1770
1997
4441
2109
1422
1119
1231
1982
2175
1746
3132
1077
1199
1212
2602
1103
3851
3949
11286
3845
5197
1200
2380
3905
4955
1130
2469
1493
1820
1782
1826
1161
1612
1279
1403
1346
1264
1196
1106
1110
1103
1163
1483
1374
2077
1150
1175
1083
1136
1301
1393
1297
1371
1260
1390
1242
1289
1372
1266
1279
1119
19410
4311
6062
7747
2663
2972
14330
5927
3353
3632
8287
2721
2430
2108
2121
1740
2475
4810
4881
1148
2785
2709
3840
2524
3476
1579
2264
2459
3331
3173
2393
3709
1878
1626
1858
3117
1783
2897
1158
1530
1259
4108
2347
1320
10054
6570
3497
2886
1436
4104
1160
2458
4048
1177
1449
1252
1192
1152
2311
1861
1478
4054
1221
2323
1726
2265
1468
5103
3273
5373
2097
2130
3957
1562
3474
1847
1919
2757
1292
4121
1306
1781
12755
1894
2723
1222
1172
3785
1242
1330
1174
1814
2983
1225
1140
3119
1382
1522
4337
1726
1740
1485
1153
1937
1119
1969
4649
1375
1595
1251
1247
1151
4430
1633
1649
1520
12733
2583
4746
18446744073708555777
1990
2684
2315
1142
2885
1231
1112
3491
1376
1588
3984
1180
1791
1578
1431
3399
1968
1188
3352
4316
3383
2029
5601
1328
1157
1609
1470
3980
1169
1147
1188
3700
1122
1100
1135
1254
4354
1400
1121
1184
1109
2568
1288
1177
10743
6736
2383
3709
1211
1919
1489
1465
4982
1198
1380
1185
1378
1262
2769
1153
1103
3849
1090
1071
1332
1219
3414
1382
1144
2317
2199
4622
3065
2019
2647
3511
1148
1227
1237
4522
1463
2178
1133
1132
1119
5084
1342
1226
1405
1434
1128
1334
4588
1151
1158
1211
1252
1649
3098
15087
3261
1505
1301
1409
3681
1355
2815
1177
2990
1274
1272
1605
4419
3593
2099
2585
3301
1406
1135
3208
1317
4820
1287
1566
1387
1147
1184
4641
1124
1379
1245
1516
1159
1900
4434
1167
1163
1323
1315
2891
1081
2446
1211
1198
2326
4540
3334
11328
4449
1660
1684
4120
1581
1206
1216
1195
1115
1711
1773
1596
1512
1099
1141
1179
1265
1210
1292
1105
1330
1224
1258
1283
1321
1309
1102
1066
1538
1222
1067
1233
1232
1197
2222
1389
1113
1174
1101
1236
1263
1287
1141
1834
1735
1340
1217
1574
1239
1217
1150
1163
1154
1160
1102
1142
1310
1153
1191
1186
1149
1538
1733
1359
1399
1507
2344
6523
11644
5529
4658
1785
2673
1607
5615
1564
1171
1587
1349
2059
3263
1149
2399
1195
5105
1368
1660
1398
1196
1101
1098
2562
1313
3539
2176
1377
1179
2403
1368
1182
4809
3114
3376
1200
2191
1195
3410
1371
1966
4202
1266
1211
1300
1122
13084
2073
1902
5441
2727
1405
4616
1375
2023
1367
1237
1108
4717
1162
1217
1558
1247
3656
1114
1156
2467
4028
3203
2494
2261
2522
3196
1362
1277
1657
3919
1114
1218
1246
3926
1364
1265
1245
4586
1172
1108
1121
1276
1120
1268
5748
1212
1170
1305
1124
1179
1192
3699
1357
11085
2719
6100
3243
2900
5074
1756
1963
4184
2202
6296
3647
3955
2906
6407
1550
1669
2360
1620
1946
2513
2660
1154
3263
1606
1154
1102
4567
2554
1127
1274
1131
1139
3523
1511
3915
1756
10538
3478
2820
4714
1442
3327
2894
1184
1649
4513
4065
2133
2282
3921
1567
1221
2005
4595
1461
4147
1248
1150
2229
3775
1867
3334
1285
1985
1292
3326
2434
5116
1268
1638
1172
1142
1075
1089
4695
1356
1252
1148
1115
1115
1228
3324
15556
2597
1494
5751
1475
1248
5168
1283
1734
1349
1255
1672
4245
1182
1176
1265
1116
1073
2170
20353
3090
1553
2128
4855
1201
5177
2408
1622
18446744073708556945
4377
3420
1836
1450
1747
1925
3381
2796
2831
1915
1565
1653
1831
1685
1466
1122
1206
1335
1078
1420
1217
1201
1078
1247
1304
1370
1462
1884
1215
1160
1107
1261
1637
1257
1210
1162
1144
1781
1225
1270
1195
10986
3668
3730
1486
1363
2292
1491
1156
1944
1547
1171
1229
1114
1110
1634
1207
1156
1346
1185
1147
1717
1082
1226
1166
1347
1958
1089
1432
1080
1216
1205
1296
1171
1234
1120
1221
1111
1079
1085
3018
1316
2133
1265
1155
1141
1150
1174
1211
1283
1166
1183
1154
1106
1109
1227
1506
1422
1164
1799
1090
1068
1147
1174
1273
1430
2026
1113
1181
1383
1240
1347
1264
1070
1120
1166
1110
1123
1251
1143
1193
1103
1198
1221
1233
1207
1150
1171
1630
1215
2152
1144
1247
1079
1163
1422
2217
1391
1371
1389
1589
1337
1500
1534
1204
1100
1100
1434
1275
1321
1155
1955
1185
1196
1104
1102
1139
10063
2296
3652
2117
1646
4186
2568
1508
1619
1956
1895
1842
1394
1464
1229
1540
1484
1123
1079
1256
1113
1075
1181
1374
1308
1479
1886
1162
1116
1185
1119
1283
1497
1237
1172
1253
1127
1164
1227
1515
1334
1123
1165
1109
1159
1111
1143
1523
1536
1755
1155
1273
1432
1237
1193
1174
1186
1078
1069
1126
1262
1133
1191
1300
1545
1192
1274
1249
1180
1242
1342
1535
1113
2135
1112
11237
3378
1207
3138
2824
1566
1433
1487
1325
2024
1123
1106
1194
1166
1123
1130
1183
1208
1463
1227
1140
1169
1519
1366
1156
1214
1198
1072
1153
1144
1565
1113
2133
1082
1089
1089
1070
1242
1312
1266
1267
1175
1229
1390
1113
1366
1447
1612
1121
1207
1147
1602
1242
1481
7714
1327
3667
1110
1233
1292
3979
1231
1129
1145
1121
3137
1256
1254
1383
14005
2464
3790
2315
1809
2210
5654
1112
1516
2007
1695
1201
4479
2897
2440
1188
1125
1172
1430
1213
1488
1289
1424
1899
1190
1239
1207
1212
1325
1194
1142
1357
1163
1247
1345
1290
1265
1195
1099
1256
1146
1108
1074
1168
1424
1509
1461
1757
1117
1108
1156
1188
1127
1135
1165
1109
1112
1328
1424
1251
1306
1300
1076
1075
1135
1082
1142
1180
1363
1189
1775
1512
12167
2031
1483
3079
2789
1967
1949
1957
2804
1689
1442
1212
1208
1283
1195
1120
1121
1208
1131
1079
1160
1264
1336
1237
1213
1273
1078
1150
1169
1437
1111
2123
1184
1204
1207
1263
1377
1455
1312
1181
1105
1202
1128
1162
1154
1251
1183
1129
1128
1083
1575
1090
1451
1441
1713
1473
1184
1178
1148
1247
1312
1297
1196
1253
1087
1180
1115
1145
1151
1359
1119
1108
1202
1103
1068
1135
1214
1593
1212
11375
3357
3495
2360
1901
1432
1598
2065
2010
2695
1518
1627
1827
1652
1492
1117
1119
1161
1146
1077
1290
1975
1198
1073
1166
1108
1069
1120
1377
1223
1258
1932
1157
1422
1186
1239
4215
6234
3205
2537
1173
1112
3747
1561
1673
1221
3107
2301
1342
4194
1142
1178
1380
1392
1238
2445
1590
5204
13457
2963
5427
3848
7572
1886
2190
1535
1596
4293
1931
2177
1445
5507
1890
1499
1589
1591
1154
1127
3523
1105
10479
1943
1662
1209
1159
2570
1264
3194
1369
4665
1197
1125
4688
4157
2644
1238
1166
1193
1184
1493
1646
1905
1847
14467
5412
3710
2262
2689
2004
5286
1601
1254
1191
1162
1216
18446744073708553973
1113
2760
1129
1069
1966
3993
1167
1163
1091
1976
4105
4456
3012
1214
1168
1070
1098
1188
1158
1157
1516
1372
1252
2321
1189
1101
1146
1222
1217
1223
1301
1229
1177
1217
1202
1391
1911
1158
1155
1122
1179
1187
1205
1391
1160
1848
1313
1113
1391
1106
1229
1197
1378
1066
1141
1132
1061
1061
1129
1218
1269
1158
11889
3807
2806
1171
2502
1556
1652
1440
1394
1342
1077
1128
1258
1382
1211
1398
1485
1185
1930
1130
1120
1123
1103
1198
1565
1102
1355
1184
1123
1190
1175
1259
1391
1084
1099
1245
1162
1191
1151
1186
1448
1274
2312
1237
1108
1122
1137
1220
1151
1140
1136
1108
1112
1378
1190
1228
1677
1131
1067
1068
1222
1145
1219
1173
1474
1067
1899
1078
1221
1130
1132
1140
1234
1380
1126
1103
1106
1068
1247
1094
1480
12139
4949
4719
1195
3167
2874
1335
7165
6575
1137
1501
1708
2101
1969
1759
5708
1718
1673
1766
1655
1135
1314
5244
1196
1161
1120
1172
1268
2812
2016
1859
1348
4737
2923
1790
1293
1608
1648
2174
1179
1247
1300
1173
1418
1489
1121
1162
1286
1667
1292
1258
1186
1122
1125
1071
1094
1431
6877
1384
1156
1235
1177
4494
4480
4745
1143
3969
1403
1279
2144
1787
1262
2621
1257
1381
1149
1169
1131
1122
1069
1346
1219
1203
1119
1435
1074
1158
1482
1200
1402
1422
1554
1616
1202
1164
1127
1196
1381
1244
1154
1099
1200
1144
1074
1185
1209
1407
1118
1154
1209
1300
1324
1406
1476
1205
1837
1259
1315
1403
1170
1259
1906
1393
1664
1382
1382
1256
1288
1187
1196
3432
1300
1487
1564
1570
2088
1490
2692
1720
1570
1364
1192
1274
1347
1120
14565
5290
4416
2836
1314
2911
3276
3013
1518
1470
3415
2057
4928
1219
1179
1494
4522
1108
1268
1430
1284
1366
1758
4255
4670
2503
1334
1323
1947
1357
1181
1109
1158
1110
1257
1154
1380
1160
1082
1110
1129
1425
1443
1594
1433
1546
1681
1184
1086
1126
1284
1260
1315
1291
1141
1367
1147
1075
1150
1422
1143
1160
1137
14445
2410
2305
3482
2262
1883
1571
2491
1552
1785
1866
2236
2482
1615
1638
1579
1233
1181
1143
1209
1161
1120
1161
1343
1488
1290
1186
1215
1112
1194
1219
1178
1356
1212
2003
1253
1322
1114
1112
1337
1275
1245
1170
1154
1159
1106
1168
1354
1220
1184
1340
1078
1155
1125
1107
1144
1450
1309
1617
1356
1171
1153
1178
1447
1360
1275
1104
1179
1154
1159
1112
1199
1516
1183
1086
12632
1997
3358
1275
1296
1817
1245
1182
1241
2835
1218
1076
1215
1356
1111
1251
1533
1159
1946
1178
1145
1122
1266
1145
1451
1117
1192
1107
1277
1186
1322
1175
1401
1218
1073
1110
1111
1071
1121
1166
1582
1177
1907
1088
1135
1102
1102
1203
1372
1211
1069
1115
1127
1147
1258
1226
1399
1285
1253
1158
1231
1187
1259
1140
1390
1596
1657
1332
1261
1255
1189
1319
1150
1450
1077
1215
1111
1116
1110
1150
1415
1243
1276
1206
1135
1123
1106
1203
1343
1227
10401
1108
1875
3437
3302
1969
3354
2091
2067
2137
1141
1635
1840
1548
1640
1903
1674
1679
1617
1667
2040
1477
9145
4298
1854
1526
1267
1201
1093
1108
1489
1312
1205
1769
1199
1289
1164
1143
1141
1105
1323
1366
1416
1512
2056
1183
1115
1155
1185
1191
1262
1109
1194
1129
1293
1246
1492
1390
1202
1184
1140
1119
1139
1119
1218
8004
3632
2777
3278
2561
2302
1396
1106
1313
1245
1195
1145
18446744073708552973
1316
1984
1133
1082
1077
1166
1632
1316
1129
1186
1188
2347
1468
1220
1387
1124
1108
1179
1377
1266
1362
1254
1276
1728
1592
1190
1304
1180
1158
1410
1362
1167
1182
1133
1152
1119
1175
1220
1146
1290
1206
1182
1803
6941
1181
3439
1113
1153
1151
1192
4010
1236
1336
1458
3186
1143
1079
1173
1179
4803
1158
1134
1161
1234
2304
1136
2089
1120
3156
3904
2517
1165
10538
3051
3513
2249
2495
2477
2145
2180
2371
1739
1873
2402
1643
1180
1290
1102
1215
1399
1231
1098
1135
1131
1099
1218
1274
1239
1102
1126
1077
1111
1309
1151
1156
1256
1368
1258
2210
1170
1141
1160
1176
1231
1212
1447
1113
1160
1309
1105
1232
1363
1337
1067
1083
1122
1104
1219
1156
1476
1218
1851
1359
1166
1125
1238
1144
1307
1359
1072
1088
1113
1318
1286
1245
1265
1222
1290
1070
1109
1121
1302
10660
1984
5461
1119
1853
1408
2667
1511
1878
1466
1730
1682
1404
1845
9436
1451
4418
1272
1164
1313
1189
1228
5646
1245
1853
1119
1105
1120
1310
3658
1161
1073
1152
1251
3717
1079
1107
1089
5091
3590
2196
1245
1221
1366
1385
1231
1612
1404
1375
1146
1263
1190
1260
1081
1086
1159
1099
1143
1199
8192
4540
2569
3537
1990
1978
2913
2269
1441
1602
2056
2160
1685
1125
1152
1203
1151
1439
1259
1065
1068
1156
1080
1139
1274
1438
1265
1109
1066
1066
1210
1137
1106
1480
1388
1367
1791
1173
1303
3285
1352
1237
1295
1106
1238
1710
1142
3219
1379
1597
1380
1190
1629
1209
1363
1741
1215
1653
6281
1186
3663
1268
1324
1201
5094
1323
1151
1529
1390
2148
16405
3679
2398
1186
3102
2959
1591
1579
1916
3928
3559
2941
1232
1234
1221
1253
1249
1191
1205
1388
3024
2368
1120
1110
1218
1221
1138
3615
1199
1165
1213
1555
1554
1424
1347
1095
1250
1115
1184
1413
1273
1582
1365
1165
1185
1108
1104
1192
1328
1109
1103
1135
1201
1155
1182
1243
1322
1278
1337
1239
1229
1113
1277
1370
1373
1422
1760
1135
1165
10068
3477
2711
2328
2092
5090
2378
1532
1666
1756
3070
1429
1868
1711
1479
1322
1220
1154
1178
1225
1286
1711
6761
1838
2413
1140
1786
1120
3866
1214
1315
1352
2887
1120
1206
1165
5910
1299
1146
1204
1160
1251
1305
3043
1248
1067
2907
4067
2399
1199
1196
1307
1476
1266
8130
3567
3593
2498
3729
1462
1620
1499
5167
1247
1138
1146
1107
1306
1271
1409
1122
1243
1107
1075
1091
1170
1200
1264
1099
1117
1112
1304
1104
1288
1408
1405
1769
1573
1241
1074
1124
1326
1286
1184
1351
1086
1194
1146
1121
1107
1173
1402
1226
1082
1172
1179
1111
1572
1408
1183
2134
1177
1150
1256
1110
1156
1322
1219
1108
1125
1250
1198
1218
1162
1168
1188
1173
1078
1273
1085
1120
1141
1138
1476
1379
2226
1209
1152
1147
1184
1148
10228
3211
2263
3289
2352
2598
1321
1678
1559
2076
1506
1201
1169
1184
1156
1257
1154
1226
1332
1155
1130
1083
1141
1109
1197
1537
1224
10198
1398
1253
1767
1677
1574
1355
1169
1715
3603
1294
1429
1223
1475
2099
1217
2195
1213
1491
1492
1214
1410
1153
1074
1309
1157
1212
1155
1604
7120
1184
2595
1165
3334
10615
2660
5586
3494
2792
2811
1659
18446744073708553657
4699
1437
2085
1922
3413
2741
1612
3256
4947
5760
3948
2628
2350
2525
1450
1472
1806
1948
2413
1094
1181
1171
1288
1410
1889
1419
1099
1194
1070
1089
1312
1251
1233
1139
1143
1075
1453
1180
1140
1145
1641
1277
1884
1180
1118
1122
1210
1237
1228
1428
1164
1101
1184
12283
2708
3476
1232
1122
1079
1269
1697
1487
1552
1628
1459
1453
1418
1457
1373
1113
1209
1243
3544
1736
2163
1098
1125
1091
1215
1160
2383
2595
1145
1201
1231
1395
1503
1215
1164
1380
2428
6755
1400
1133
4663
1404
1351
1473
2891
1312
1264
5015
1102
1281
1356
1419
1359
5810
1357
1304
1183
1077
1072
1176
3138
4114
2620
1100
1258
1328
1192
1425
3528
1552
1337
1199
1308
1833
1211
1425
1322
1136
1188
1294
1141
1117
1152
11672
3056
2146
2486
4163
1426
2913
1434
1741
1584
1642
1986
2011
2541
1663
1500
1701
1652
1156
1070
1111
1133
1109
1242
1492
1335
1317
1181
1109
1140
1220
1144
1403
1472
1206
1822
1284
1160
1116
1192
1249
1299
1109
1071
1067
1102
1250
1134
1237
1365
1366
1166
1218
1190
1102
1149
1324
1436
1263
1827
1177
1099
1140
1103
1436
1311
1273
1121
1149
1200
1114
1101
1180
10532
3554
2123
3539
1127
1232
1791
1116
1210
1065
1155
1065
1233
3059
1180
1192
1139
1114
1482
1321
1243
2090
1196
1162
1126
1106
1154
1198
1453
1112
1141
1314
1130
1183
1321
1630
1288
1262
1140
1737
1712
1330
1628
1487
2712
1181
1195
1190
1212
1233
1265
1102
1113
1102
1261
1591
1243
1590
1107
1153
1194
1195
1155
1351
1325
1272
1993
1206
1413
1197
1126
1221
1408
1165
1070
1100
1141
1081
1106
1161
1222
1321
3427
1155
1217
1257
1290
1437
1235
11527
2067
4285
8602
2808
4061
4543
2394
1835
1499
1620
4305
1395
1673
1681
1854
4564
1922
1295
2106
1172
3602
1136
1488
3067
1553
4978
3054
1565
1302
1772
1690
1203
1260
1226
1243
1371
1137
1240
1260
1133
1124
1446
1489
1189
1274
1129
1069
1135
1160
1320
10548
1214
3501
4664
3735
2505
2371
1167
1225
7053
3731
1381
1242
1114
1154
2521
4942
1089
1303
1186
1214
1083
2535
1249
3071
1217
1658
1161
3790
1108
1098
1155
1109
2221
2018
4408
3711
3865
1171
1112
1262
1169
3798
1146
1244
1756
1262
1254
1186
1219
2136
1128
1159
1184
1114
1474
1309
1971
1866
1110
1096
1717
7440
1134
1459
1310
2207
1896
1077
14147
2284
3516
4388
6896
1767
1955
2550
1361
1693
3611
1844
2631
1666
4744
3197
2076
1205
1290
1404
1411
1530
1492
1100
1166
1248
1195
1480
1526
1435
1330
1244
1112
1194
1292
1183
1134
1143
1073
1110
1128
1194
1533
1857
1223
2171
1102
1100
1101
1139
1155
1115
1156
1133
1182
1263
1356
1228
1293
1446
1222
1119
1126
1122
1143
1105
1233
7218
17162
1668
3644
3002
3483
2808
1708
1798
1612
1764
1808
1595
2275
2131
1189
2286
1480
1454
1117
1200
1292
1119
1162
1194
1084
1392
1186
1397
1221
1109
1221
1297
1222
1225
1370
1260
1196
1083
1266
1229
1761
1289
1450
1162
1956
1158
1156
1117
1172
1297
1372
1348
1187
1226
1138
1187
1321
18446744073708552870
1419
1077
1073
1207
1117
1113
1252
1193
1482
1285
1976
1193
1085
1131
1072
1254
1468
1116
1091
1418
1248
1211
11097
4602
2975
4346
1623
1583
1523
1837
2485
3005
2249
1844
2549
2094
2333
2130
1245
2208
1837
1870
1652
1726
1593
2160
2218
1830
2028
1939
1932
1865
2849
1830
1932
2076
1856
1937
1777
2201
1988
2295
1727
2543
1902
1979
1899
2271
1800
2121
2415
1998
2638
1875
1845
2477
1116
1136
2849
1409
1961
4437
1442
1144
1493
7237
1997
4074
3093
2571
1215
4585
2758
8453
7610
10955
1658
1336
1465
1476
1368
1601
1243
1135
1559
1169
1280
1709
1493
1738
1422
1209
1163
1246
1580
1523
1702
1981
1253
1612
1533
1521
1107
1186
1286
1482
1176
1325
1581
1172
1138
1237
1438
1705
1264
1909
1519
2163
1319
1148
14688
1340
1177
1162
2892
1800
3315
3210
2176
1779
4975
7668
3197
1938
1797
4089
2384
1998
4584
1480
1323
1193
1281
3067
1488
1304
4921
1343
1607
1524
1619
1272
2733
4145
1734
2092
1716
6272
3153
2465
2621
1719
1286
1409
1610
2027
1485
1483
1534
1462
1991
1371
1302
1322
11954
2457
4756
3352
4965
7611
2958
2554
2329
1530
1947
1788
1786
2599
1820
1837
2493
1435
1152
1078
1144
1141
1925
1523
2002
1166
1212
1194
1782
1575
1172
1104
1150
1142
1657
1496
1192
1318
1111
1074
1720
1168
1168
1160
1340
1370
3072
1585
1409
1607
2350
1531
1354
1484
1399
1907
1534
1358
1303
1243
1082
1918
1244
1547
1321
2192
11814
5357
1390
1222
2749
1311
2000
1304
1688
2802
1857
1231
1392
1384
1211
1345
1727
1292
1073
1225
1448
1828
1164
1096
1150
1106
1349
2156
1200
2109
1247
1104
1112
1909
1427
1293
1258
1336
1269
1190
1241
1112
1146
1115
1223
1097
1177
1101
1101
1127
1299
1402
1382
1737
1192
1101
1117
1212
1145
1100
1269
1099
1139
1178
1120
1435
1233
1750
1182
1314
1193
1237
1117
1151
1425
1209
1823
1354
1165
1261
1134
1222
1534
1187
1100
1151
30062
2452
4695
3909
6657
7534
5543
2106
6259
2134
2174
1366
3333
2514
3345
1260
2737
1392
1377
5690
1187
1182
1190
1143
2405
2490
2052
4271
1158
1242
1378
1185
2176
1119
2950
1274
1391
1186
6107
1453
9469
2913
3579
2414
6308
1289
1070
1158
1277
1359
1169
5335
1421
1316
1464
1216
1693
1109
3898
1347
1197
1106
1131
2408
1616
5877
4354
1214
1465
1831
2021
1763
1818
2447
3112
12391
3268
1749
1144
1254
4477
1363
1256
1184
1099
1316
2085
1161
3297
1979
5776
1217
1145
1168
1118
1162
1134
3469
1573
2922
1196
1159
2578
1373
1948
4357
1176
1285
1182
1320
4011
1072
1141
1195
1185
2907
1089
1280
1639
18446744073708555680
1523
1732
1229
2580
1195
1164
4749
3133
12401
2908
4209
3698
5631
1201
4059
1561
1699
1708
3228
1486
6234
1137
1231
1177
1133
1206
1134
1119
4631
1236
1107
1202
1155
1104
3151
1184
2340
5297
3197
2100
1169
1104
1319
1219
1426
1072
1113
1310
2884
1290
1328
1252
2725
1933
1356
1152
1232
1777
1237
1141
1250
1157
1186
1987
1614
1329
1182
1211
1319
13386
2299
3624
1565
3982
1697
2128
1642
1827
2468
1170
2104
1178
1755
1234
1221
1219
1327
1159
1604
1137
1144
1141
1122
1457
1515
1511
1149
1200
1101
1627
1491
1885
1959
1125
1187
1146
2134
1321
1311
1099
1217
1120
1794
1229
1184
1258
1081
1172
2253
1237
1150
1181
1583
2431
1903
1142
1302
1171
1795
1276
1186
1147
1125
1153
129