18446744073709424101
1891
1444
1989
2567
5691
2392
3736
1632
5740
1487
1523
2005
4748
1589
1521
1638
1429
5406
1835
1585
2307
1368
1796
4707
4230
2702
4758
4733
1705
4104
3892
1515
3486
1348
1359
18047
2351
2218
2354
6855
1966
2196
1495
1522
5840
1899
1703
1496
1814
1408
3480
1331
1470
2986
1666
9891
3281
1936
1512
1378
1451
1763
1604
1452
1461
1379
1671
1594
1580
1454
1466
1501
1680
2064
1846
2476
1409
1350
1449
1517
1732
1405
1671
1508
1423
13260
3180
2414
1872
2956
1852
1402
1387
1715
1612
1748
1347
1325
1420
1342
1371
1699
1462
2001
1629
1385
1426
1558
1575
1435
1386
1401
1598
1330
1648
1755
1385
1444
1487
1474
1431
1805
1847
1988
1465
1540
1392
1405
1469
1507
1387
1403
1332
1428
1537
1635
1346
1599
1513
1331
1543
1575
2192
1605
1441
1418
1482
1638
13199
1820
5091
3062
1522
2161
2006
1766
1432
1565
1368
1497
1432
1412
1626
1361
1325
1421
1514
1490
1869
1412
2281
1842
1538
1477
1672
1929
1365
1784
1689
1970
1567
1488
1403
1372
1608
1441
1368
1686
1483
1950
1437
1439
1488
1514
1428
1559
1372
1340
1416
1543
1988
1381
1351
1432
1375
1436
1911
1679
2079
1412
1573
1423
1657
13664
2887
1374
4019
2391
1435
1623
1549
1544
1464
1468
1422
1324
1349
1557
1663
1526
1447
1388
1803
1348
1796
1495
2448
1411
1481
1475
1567
1795
1490
1630
1546
1507
1603
1425
1331
1365
1385
1352
1442
1571
1710
2399
1438
1432
1426
1534
1588
1512
1435
1490
1587
1420
1764
1574
1478
1562
1446
1445
1689
1468
2569
1390
1439
10584
4171
3078
3384
3019
1949
1794
1535
1691
2115
8329
1588
1666
1412
2796
1415
3154
1584
2814
1497
2400
3658
1524
1460
4503
1454
1498
1384
4787
4940
2026
1384
1452
1802
1810
1648
1484
1954
1470
1751
1443
1491
1442
1501
1493
1916
1698
2566
1421
11480
4621
2712
1865
2656
1846
1886
1898
1482
1412
1481
1431
1422
1432
1388
1457
1448
1529
1713
1786
1422
1344
1365
1366
1778
1388
2132
1366
1652
1550
1582
1726
1392
1318
1398
1324
1594
1686
1460
1584
1474
1624
1407
1847
1676
2204
1464
1350
1516
1444
1985
1443
1364
1330
1497
1391
1591
1643
1386
1516
1414
1913
1898
1697
2183
10554
3365
5025
2231
1826
1947
2574
2375
1419
1381
1373
1458
1610
1420
1444
1465
1591
1540
1598
12651
2068
2499
1858
1961
1674
1376
1602
1492
1674
1951
1569
1643
1432
1425
1475
1645
1600
2262
1547
1729
1518
1468
1464
1403
1379
1414
1344
1684
1790
1559
1549
1774
1581
1494
1814
12462
1801
3901
3230
1730
2292
2484
18446744073708553872
2249
1610
1409
1466
1387
1525
1513
1604
1479
1410
1424
1511
1716
1550
1422
1327
1448
1749
1996
2043
1840
1437
1457
1531
1502
1708
1384
1377
1441
1678
1788
1445
1348
1453
1369
1635
1395
1756
1675
2539
1474
1411
1419
1513
1443
1383
1395
1345
1410
1560
2076
1654
1391
1366
1374
1329
1622
12520
3244
2588
2735
3095
1413
1452
1549
1515
1807
2056
1502
1519
1413
1666
1616
1428
1403
1387
3650
1838
1401
1420
1357
1607
1570
1889
1651
2090
1393
1389
1515
1493
1782
1557
1515
1583
1368
1487
1553
1453
1430
1485
1454
1551
1606
1584
1683
1442
1449
1513
1363
1477
1520
1378
1498
1356
1745
1623
1801
1444
1407
1385
1389
11459
4887
1441
3712
3091
2231
2255
1771
1960
1625
2229
1441
1596
1717
2235
7386
1617
2741
1603
2797
1383
2223
3573
1465
1413
4654
1427
1387
1447
1364
2266
1522
3673
1361
1742
3472
2001
2500
4861
4226
1729
1527
1438
1784
1587
1360
1394
1331
1328
11893
2173
4004
2717
4310
1350
2107
1644
1660
1707
2447
1484
1378
1458
1467
1492
1498
1509
1460
1527
1488
1780
1664
1441
1421
1352
1516
1602
1475
2372
1386
1775
1432
1543
2026
2081
2124
1463
1423
1530
1372
1770
1418
1379
1420
1433
1478
1498
1408
1466
1431
1499
2223
1984
2214
1475
1811
1629
1655
1519
1373
1425
1601
1544
2054
1538
13048
5104
1915
2672
1581
1423
1724
1716
2338
1436
1452
1367
1509
1379
1416
1489
1462
1524
1656
1858
1598
1534
1476
1435
1367
1671
1621
2374
1540
1355
1407
1467
1796
1547
1538
1442
1366
1411
2136
1743
1468
1375
1525
1618
1558
1794
2176
1409
1676
1410
1496
1577
1442
1466
1529
1439
1447
1545
1775
1647
1553
1422
1459
11973
2300
5766
2009
2896
1953
1839
1592
1862
1718
2198
1826
1395
1420
1474
1406
1619
1858
1805
1821
2018
1750
1469
1530
1462
1405
2132
1968
2008
1440
1371
1487
1737
1535
1409
1515
1673
1411
1735
1398
1398
1440
1387
1469
1564
1850
2301
1685
1541
1368
1439
1553
1456
1469
1415
1364
1525
1472
2105
1405
1444
1524
12269
2510
3881
2655
3251
2434
2361
1895
1610
1670
1703
2091
1561
1334
1517
1944
1801
1409
1378
1413
1355
1458
1717
1439
1462
1430
1724
1525
1916
1926
1916
1405
1418
1442
1503
1539
1547
1410
1650
1332
1521
1573
1321
1453
1362
1330
1355
1564
1888
2347
1410
1431
1363
1530
1578
1416
1400
1423
1602
1501
1569
1677
1381
1406
1403
12430
2884
3725
2622
2841
2437
1767
2042
1650
1530
1698
2327
1684
1780
1425
1556
1883
6982
1785
4834
1405
1586
1601
1541
2676
2913
1448
3488
1421
1442
2632
1457
3288
1457
1504
16615
3087
3717
2692
1587
1751
10761
3849
3305
4076
3328
1834
2445
2345
1545
1747
1689
2650
1464
1531
1486
1628
1532
1456
1372
1375
1433
1685
1903
1629
1327
1363
1373
1425
1816
1366
2185
1670
1738
1557
1522
18446744073708553200
1378
1403
1382
1508
1514
1472
1333
1689
1386
1425
1411
1621
1628
2098
1430
1500
1370
1647
1957
1419
1812
1504
1434
1504
1607
1446
1333
14358
3666
1684
2418
2723
2017
1538
1444
1367
1374
1349
1416
2261
2214
1602
1412
1453
1581
1683
1344
1417
1528
1592
1598
1518
1824
1444
1335
1460
1489
1679
1872
1335
2661
1405
1441
1472
1666
1549
1438
1479
1386
1676
1861
1524
1453
1579
1340
1406
1488
2276
1375
2429
1605
1514
1554
1419
1500
1451
1445
1374
1358
1660
1538
1589
11422
2316
5126
2217
2005
4098
1736
1554
1429
1697
1495
1855
1694
2177
1569
1367
1490
1468
1540
1576
1420
1492
1532
1511
1726
1466
1402
1457
1326
1330
1745
1694
2339
1616
1472
1393
1463
1853
1382
1375
1511
1491
1555
1807
1418
1379
1424
1480
1417
1634
1612
2245
1522
1464
1448
1409
1443
1424
1418
1458
1395
1586
1447
1885
1519
10851
2818
4706
1395
3200
3741
1900
2302
2174
2020
1892
1740
2401
1377
1563
1441
1824
1549
1328
1360
1534
1501
1419
1674
1530
1400
1452
1662
1512
1729
1546
2345
1455
1342
1448
1398
1763
1597
1637
1818
1554
1584
1510
1324
1525
1724
1437
1391
1635
1741
2411
1428
1370
1461
1411
1427
1425
1423
1431
1489
1537
1577
1651
1352
1508
1433
1449
11374
2492
5095
1463
2602
2575
1674
1699
1949
1912
1667
2543
1707
1975
1641
2222
9286
1554
1455
1670
1366
2719
3985
1424
1407
1475
3394
1341
1455
5333
1412
1331
1374
1628
1634
2540
5654
3661
1822
1424
1468
1410
1592
1567
1696
1562
1422
1480
1362
12293
3291
4672
1427
3774
1478
2184
1757
1497
1653
1679
2331
1472
1481
1433
1545
1440
1416
1402
1381
1345
1498
1951
1670
1332
1346
1464
1393
1671
1494
2279
1420
1577
1510
1451
1709
1409
1383
1529
1528
1368
1665
1504
1740
1652
1409
1467
1612
1631
2354
1434
1448
1425
1946
1597
1468
1429
1364
1476
1417
1497
1585
1436
1328
1476
11951
3555
2220
4908
1575
2250
1971
1572
1398
1448
1895
1717
2578
1761
1739
2138
1836
1861
1916
1858
1659
1661
1424
1325
1444
1480
1548
1709
1400
2307
1472
1391
1501
1476
1648
1385
1372
1396
1406
1330
1918
1620
1502
1404
1415
1579
1425
1790
2185
1800
1727
1408
1542
1552
1545
1426
1354
1423
1506
1512
1656
1720
1550
1411
1470
14174
2133
3341
1555
3472
1738
1743
1433
1631
1806
1865
1885
1444
1439
1588
1773
1633
1479
1665
1346
1478
1516
1704
1379
1331
1402
1366
1398
1910
1945
1849
1341
1542
1591
1641
1570
1372
1499
1593
1499
1774
1576
1541
1365
1382
1345
1483
1965
1946
1946
1418
1426
1429
1605
1488
1519
1417
1608
1339
1866
1821
1471
1331
1459
13099
2637
14954
3455
4096
1541
1431
1370
1791
1485
1607
1622
1433
1837
1682
1722
1368
1417
1475
1568
1494
1696
1594
2289
1483
1352
1799
1636
1673
1468
1552
1456
1414
1724
1556
1403
1531
1398
1413
1447
1826
1927
1866
1423
1430
1392
1580
1511
1355
1357
1545
1535
1645
18446744073708553291
1485
13395
1577
1448
2597
4228
4138
2212
1649
1921
1438
1784
2271
1940
2128
1677
1382
1539
1449
1932
9245
1591
1668
1589
1446
5446
1354
1396
1456
1765
5348
1512
1405
1733
1577
1928
3054
1473
3941
4677
2717
1641
1704
1471
1381
1522
1429
1616
1806
13582
2312
3631
2887
3913
2965
2855
2037
1741
1847
2403
2181
1857
1684
1700
1623
1476
1624
1504
1722
1638
1843
1603
1416
1528
1367
1760
2308
2456
1484
1769
1420
1646
1673
1840
1464
1630
1587
1776
1568
2074
1815
1676
1835
1712
1904
2213
1798
1466
1807
1789
1541
1656
1733
1784
1960
1593
14862
2653
3777
1820
4142
2219
2983
2136
2082
2223
1715
1713
1622
1656
1824
1739
1805
1739
1802
1600
1843
2046
1625
1759
1786
1527
1677
1848
2087
1997
1665
1746
1956
1599
1825
1623
1526
1830
1512
1791
1753
1424
1573
1782
1766
1974
1993
1784
1807
1739
1793
1559
1730
1692
1742
1870
13895
2978
3520
4238
1961
3058
2447
2751
2325
1980
2101
1916
1724
1623
1701
1706
2084
1437
1899
1613
1736
1660
1582
1709
1540
1456
1871
1486
1806
1499
2039
1488
2524
2108
1846
1763
2181
1823
1927
1724
1592
2334
2538
2605
1668
1516
1626
1664
2314
1801
1452
1429
1429
1698
1834
1436
1379
10993
5386
1584
2227
3154
1837
1546
1825
1690
1373
1366
1639
1614
2362
1455
1464
1372
1748
1498
1530
1474
1361
1462
1493
1426
1842
1432
1341
1733
1502
1777
1513
2236
1528
1419
1447
1404
1594
1799
1472
1486
1391
1483
1508
1508
1414
1359
1404
1389
1506
1616
1861
1867
1354
1400
1319
1643
1579
1370
1402
1523
1384
1726
1549
1655
14637
3364
5429
1787
2108
1763
1392
1446
1374
1411
1411
1513
1973
2186
1777
1550
1449
1593
1613
1820
8925
1610
1482
1341
1459
5069
1429
1388
1625
4006
1723
1872
5293
1596
1384
1419
1528
2248
4489
1660
1855
5113
3768
1594
1611
15576
1482
2517
3659
2577
2640
2382
1792
1427
1410
1419
1347
1413
1741
1810
2188
1444
1387
1404
1497
1481
1397
1406
1529
1418
1690
1748
1541
1473
1493
1377
1393
1792
1463
2373
1495
1496
1360
1481
1753
1335
1410
1406
1367
1429
1486
1534
1676
1601
1533
1509
1629
1817
2332
1554
1451
1333
1869
1537
1389
1351
1450
1411
1399
1550
14338
3201
3926
2150
2137
1670
1473
1556
1531
1614
1369
1330
1505
1741
1733
2389
1427
1389
1381
1459
1459
1480
1406
1330
1701
1557
1537
11758
2295
2866
1659
1690
1872
1477
1621
1437
1383
1763
1525
1380
1427
1470
1414
1502
1518
1634
2484
1674
1534
1410
1517
1412
1403
1405
1450
1628
13920
2842
1832
3789
2322
2117
2133
1785
2289
1381
1375
1344
1617
1594
1499
18446744073708553228
1979
1854
1480
1430
1429
1509
1657
1473
1498
1438
1597
1487
1790
1637
1410
1604
1472
1781
1578
2377
1481
1445
1405
1379
1493
1461
1380
1410
1685
1432
1519
1483
1338
1408
1336
1446
1507
1623
1628
1988
1450
1450
1610
1347
1649
1361
1414
1463
1327
13305
1508
4347
1831
3598
1781
1633
1450
1473
1588
1554
1602
1421
1437
1415
1445
1739
1563
2390
1460
1483
1431
1869
1531
1376
1404
1364
1413
1523
1642
1479
1333
1562
1797
1760
1827
1524
2147
1489
1374
1502
1444
1572
1780
1461
1429
1329
1326
1612
1470
1350
1356
1444
1395
1581
1905
1450
1704
2142
1474
1499
1647
1553
1460
1354
11331
4464
3565
1504
2925
2600
1729
1461
1472
1336
1789
1639
1385
1392
1411
1323
1432
1696
1676
2354
1729
1552
1422
1472
1498
1429
1880
7466
2017
2423
3559
1423
1440
4873
1822
1896
1346
1406
2215
3869
1363
1422
1354
3058
1550
3908
4523
2900
1746
11304
2147
5035
3758
2312
1982
1976
1946
1419
1759
1568
2200
1746
1331
1388
1385
1325
1424
1599
1807
2483
1474
1434
1388
1627
1512
1408
1539
1394
1468
1637
1672
1777
1446
1324
1376
1398
1676
1663
2237
1763
1447
1391
1438
1817
1486
1324
1443
1343
1358
1637
1454
1658
1447
1468
1422
1768
1645
2247
1590
1403
1415
1629
1960
1420
13224
2552
4371
3491
5123
1519
2373
2000
2176
2337
1837
1860
1525
1854
2092
2214
1814
1418
1574
1511
1617
1384
1457
1727
1426
1883
2079
1857
1633
1466
1426
1368
1506
1710
1436
1534
1438
1702
1960
2025
1659
1546
1488
1567
1851
1494
1415
1507
1373
1491
1432
1721
1643
1666
1614
1518
1375
1417
1465
1398
1420
1463
1479
1500
10667
4785
3332
3094
3351
2288
1755
2710
2385
1717
1693
1741
1804
1783
2399
1666
1444
1843
1591
1640
1738
1496
1710
1571
2191
1731
1640
1439
1520
1889
1865
1515
1750
1513
1553
1435
1603
1751
1435
1553
1568
1662
2107
1740
1592
1806
1645
1970
2129
1989
1464
1661
1566
1708
1688
1750
1733
1492
1680
1718
1742
1556
1751
13227
2956
2249
4174
2468
2317
2139
1709
1549
1657
1816
2118
1521
1360
1562
1700
1544
1426
1362
1463
1359
1490
1438
1579
1333
1358
2202
2168
1952
2528
1797
1682
1878
1982
1955
1441
1372
1415
1360
1622
1494
1337
1613
1726
1779
2404
2470
2049
1709
1741
1560
1636
1341
1520
1591
1401
1450
1626
1707
1338
1343
13701
2866
4456
1721
2280
1855
1417
1572
1407
1419
1483
1693
1899
1918
1609
1462
1384
1616
1530
1514
1859
5679
5076
1347
1409
1587
1737
3035
1447
2279
3999
1376
1388
1456
3469
1328
1406
3926
12484
4811
2681
1834
1915
1697
1447
13064
2072
2470
6008
3570
1478
2347
2044
1900
1596
2715
1446
1434
1418
1519
1496
1372
1411
1363
1440
1718
1622
1927
1414
1328
1412
1381
1486
1798
1559
2157
1693
1584
1462
18446744073708553342
1519
1584
1484
1323
1404
1546
1614
1488
1429
1356
1334
1433
1753
1527
2127
1507
1459
1723
1678
1492
1470
1423
1492
1458
1511
1625
1490
1402
1725
13283
4109
1946
3493
2065
1705
1342
1357
1497
1496
2301
2246
2206
1384
1365
1403
1553
1591
1400
1461
1454
1618
1537
1942
1388
1326
1443
1347
1447
1734
1716
2418
1392
1487
1474
1588
1720
1478
1503
1479
1427
1927
1797
1554
1445
1327
1326
1457
1699
1554
2158
1746
1337
4161
1546
1449
1471
1480
1511
1687
1962
11299
2335
3544
4945
1936
1993
2962
1411
2200
1740
1625
1759
1696
2169
1346
1438
1484
1684
1815
1492
1550
1415
1633
1445
1733
1409
1324
1428
1425
1688
1972
1623
2152
1424
1366
1357
1762
1704
1468
1538
1505
1575
1541
1899
1387
1464
1330
1422
1462
1750
2060
2051
1403
1333
1485
1504
1553
1493
1401
1364
1388
1659
1888
1624
14784
1483
2493
3988
1975
1873
1686
1659
1596
1464
1328
1505
1886
1529
2191
1526
1401
1746
1556
1561
1544
1398
1556
1477
1415
1611
1753
1432
1784
1489
1636
1931
1916
1845
1363
1444
1450
1638
1960
1763
1444
1461
1544
1624
1474
1433
1756
1326
1361
2051
1731
2428
1510
1448
1373
1538
1661
1374
1383
1661
1377
13615
3210
3057
1930
2066
1478
1341
1384
1449
1773
2300
2297
2002
1871
7412
3396
18228
1215
1931
4480
1366
1358
1519
1648
3420
1333
1488
5194
1420
1434
1613
1510
5846
1356
1602
1334
1679
1559
2601
13757
9471
3189
2427
2230
2164
2717
2390
1885
1613
1377
1382
1550
2079
2414
1668
1440
1456
1526
1435
1501
1407
1395
1514
1699
1509
1873
1389
1425
1483
1452
1592
1560
2396
1641
1428
1472
1379
1563
1493
1405
1385
1505
1400
1563
1730
1569
1665
1386
1431
1399
1758
2187
1772
1654
1480
1635
1778
1494
1448
1495
1433
11458
2588
5699
1984
2910
3798
2010
2093
2090
1694
1402
1330
1620
1756
1568
2349
1427
1485
1480
1495
1514
1384
1395
1804
1377
1599
1904
1400
1375
1327
1412
1501
1469
1788
2021
1913
1382
1434
1550
1694
1670
1542
1390
1419
1754
1478
1555
1392
1494
1452
1427
1499
1906
1843
2200
1489
1334
1529
1744
1553
1545
1397
14052
2958
3094
1815
3228
2152
2001
2097
1676
1633
2182
1335
1682
1501
1374
1763
1785
2150
1361
1430
1388
1539
1827
1410
1679
1445
1407
1517
1739
1611
1383
1375
1349
1654
1829
1426
2404
1369
1470
1509
1637
1676
1560
1601
1500
1669
1457
1580
1325
1371
1330
1335
1380
1451
2302
1930
1382
1587
1404
1563
1499
1567
1598
1592
13248
4657
2235
1781
2576
12883
2812
1913
1623
1788
2090
1506
1522
1520
1557
1555
1584
1534
1452
1516
1431
1639
1721
1381
1636
1380
1449
1416
1794
2201
1620
1359
1605
1610
1863
1632
1599
1464
1564
1462
1736
1449
1356
1410
1465
1592
1705
1836
2384
1369
1463
1504
1545
18446744073708564662
2376
1483
1340
2992
2821
2686
1511
1512
1831
1615
1355
1667
1592
1610
1873
1426
1444
1335
1525
1422
1724
2063
2318
1611
1418
1364
1453
1411
1484
1389
1457
1373
2067
10263
1599
2402
1430
1369
2152
3945
1530
1443
1897
2738
1465
2594
4049
1703
1734
2183
2515
3730
4178
12739
5354
5083
1966
1932
1809
1966
1504
1461
1768
1540
1395
1478
1419
1509
1449
1604
2207
2361
1393
1376
1459
1448
1418
1418
1391
1416
1603
1529
1952
1438
1400
1454
1379
1484
1707
1651
2280
1493
1388
1484
1372
1703
1381
1445
1393
1367
1410
1680
1668
1649
1484
1431
1581
1673
1624
2504
1384
12225
1444
3418
2732
1864
1457
1792
1530
2211
1380
1423
1397
1381
2005
1384
1370
1512
1363
1477
1636
1333
1342
1350
1373
1400
1695
1763
2345
1627
1450
1374
1513
1640
1495
1375
1649
1469
1437
1456
1761
1450
1381
1428
1476
1518
1706
1586
2222
1477
1438
1463
1377
1579
1402
1455
1397
1349
1707
1687
1542
1535
1516
1378
1537
1624
1608
2230
1736
10976
4647
3908
1912
1860
2227
2490
1646
1409
1712
1489
1669
1434
1493
1392
1370
1319
1530
1461
1408
1674
1340
1448
1484
1699
1789
2498
1720
1442
1517
1784
1660
1483
1351
1425
1427
1649
1505
1363
1326
1398
1567
2291
1637
2324
2007
1514
2360
3748
1976
1580
1433
1506
1466
1406
1476
12697
2766
1606
4679
1920
1509
1807
1514
1366
1594
1374
1410
1547
1612
2055
1851
1354
1457
1478
1680
1474
1382
1538
1491
1535
1521
1806
1502
1379
1430
1367
1594
1887
2330
1500
1493
1559
1620
1501
1410
1448
1367
1493
1429
1500
1609
1464
1717
1480
1542
1689
1506
2237
1375
1436
1486
1572
1864
1567
1618
1441
1602
1636
1578
1414
1348
12614
4171
2502
2055
3037
2042
2375
1969
1968
1763
1854
1699
2485
1444
1383
1454
1500
1582
1582
1413
1565
1621
1560
1753
1435
1442
1462
1416
1376
1748
1745
2022
1750
1387
1471
1411
1428
1395
1454
1443
1414
1857
6596
5361
1601
1991
1433
1393
5451
1397
1476
1397
1708
1585
15647
3754
5521
2799
2003
1979
1548
5518
3965
2497
1328
1482
1581
1709
1423
1777
1478
1611
1492
1648
1560
1449
1333
1373
1440
1655
2223
2996
1443
1370
1552
1456
1377
1529
1472
1327
1642
1626
2092
1343
1446
1410
1325
1634
1800
1906
1816
1368
1395
1449
1537
1753
1370
1396
1513
1411
12184
5429
2670
2108
2082
1894
1617
1405
1544
1682
1543
1443
1676
1546
1529
1843
1459
2187
1453
1331
1396
1482
2100
1414
1430
1823
1529
1422
1599
1364
1513
1652
1457
1777
1895
1672
2020
1372
1410
1540
1621
1481
1442
1678
1406
1399
1440
12931
1865
2085
1148
1472
1548
1689
1461
1547
1442
11942
3091
4820
1392
3305
2007
1671
1388
1483
1653
1725
1623
1481
1809
1590
1524
1883
1708
1771
1331
1374
1786
1885
1597
1367
1342
1357
1418
1407
1542
1416
1593
1656
1526
1523
1665
18446744073708553137
2338
1487
1411
1381
1439
1660
1411
1415
1361
1323
1512
1515
1747
1569
1337
1364
1540
1669
1815
1916
1806
1422
1481
1514
1621
1536
1432
11954
4935
3630
2509
1761
1823
1457
1388
1407
1342
1664
1527
1785
1540
1367
1356
1450
1395
1714
1551
2489
1679
1478
1459
1435
1670
1429
1367
1370
1436
1321
1562
1782
1418
1498
1403
1540
1441
1814
1609
2281
1555
1649
1450
1603
1493
1417
1384
1329
1410
1555
1704
1457
1629
1457
1459
1544
1662
1984
4114
1473
1470
13302
2021
2838
3788
2804
1964
1974
2081
1661
1383
1570
1485
1435
1621
1678
1429
1423
1370
1350
1608
1697
1493
2329
1742
1744
1867
2062
1864
1740
1687
1625
1625
1616
1331
1445
1402
1330
1598
2212
2493
2167
1813
1809
1849
1782
1487
1390
1423
1371
6829
5410
1828
2019
1379
11891
4645
4642
4627
2777
1871
1856
5108
1439
1409
1506
2923
1497
2653
5303
4580
1399
1422
1518
1701
1530
1739
1713
1435
1425
1598
1435
1420
1366
1372
1409
1447
1810
2036
2063
1430
1491
1553
1547
1593
1480
1523
1721
1515
1638
1451
1416
1550
1371
1328
1464
1691
1655
12001
3081
4502
1878
1913
1949
1620
1792
1668
2197
1448
1505
1476
1531
1402
1469
1514
1880
1517
1525
2111
1886
2063
1646
1987
1527
1371
2124
1442
1411
1575
1588
1653
1387
1748
1413
1823
1675
1467
1348
1389
1327
1748
1681
1717
2257
1462
1435
1363
1529
1497
1449
1532
1572
1649
1473
1719
1443
1514
1324
1466
1327
1323
1932
9445
4736
3250
4040
2377
2250
1804
1996
1488
2407
1475
1374
1366
1459
1477
1395
1401
1477
1379
1527
1778
1787
1832
1836
1688
2122
1460
2341
1389
1572
2008
1455
1661
1454
1376
1526
1414
1506
1744
1434
2314
1417
1430
1447
1846
1907
1921
1435
1497
1389
1790
1584
1480
1426
1617
1655
1608
1603
1494
1510
1512
1526
2225
1546
2393
11623
3101
4198
2972
2496
2173
3284
1844
1503
1371
1797
1564
1347
1543
1370
1768
1575
1791
1557
1449
1451
1326
1649
1754
1607
2295
1413
1426
1447
1472
1489
1430
1367
1521
1328
1667
1803
1359
1444
1459
1367
1558
1613
1582
2346
1377
1474
1552
1484
1451
1377
1383
1403
1534
1618
1463
1754
1347
1713
1618
1379
1539
1678
2094
1901
11681
3158
3510
2885
2283
2426
1769
2106
1485
1368
1413
1452
1502
1367
1565
1430
1344
1481
1657
1493
1444
1399
1337
1441
1484
1763
1560
1782
1942
1512
1493
1574
1462
1496
1389
1441
1427
1470
1412
1419
1418
1391
1317
1457
1647
1715
2124
1635
1505
1366
1566
1542
1420
1410
1406
1358
1545
2386
9012
1636
2274
12459
4580
3739
3632
2295
12745
1520
1957
1800
5047
1664
1748
1559
4685
1540
1393
1452
1606
2541
3767
4316
2532
1456
1327
1415
1642
1717
1741
2348
1624
1656
1458
1522
1501
1396
1408
1403
1832
1761
1868
1482
1484
1496
1327
1498
1672
18446744073708563155
4203
2655
3035
1451
1363
1495
1404
1737
1771
2155
1522
2722
1729
1465
1532
1422
1448
1423
1557
1473
1764
1362
1765
1636
1395
1492
1869
1662
2190
1486
1490
1584
1929
1506
1435
1522
1397
1405
1717
1466
1375
1409
1358
1585
1495
2017
1803
1901
1456
1406
1455
1545
1557
1685
1387
1533
1483
1709
1642
1411
1363
1450
1328
1407
1906
1967
1876
1339
1346
1565
1589
1607
1529
1363
1760
10580
5092
3558
2660
2016
1622
1500
1460
1523
1631
1591
1856
1698
1327
1540
1407
1458
1743
2178
1835
1403
1837
1610
1722
1506
1406
1416
1454
1516
1748
1320
1385
1726
1347
1552
1627
1622
2363
1372
1520
1532
1540
1797
1370
1422
1534
1338
1499
1554
1764
1506
1376
1379
1752
1771
1503
2103
1391
1333
1340
1458
1663
1475
1654
1620
11583
4627
3771
1499
3139
2348
1682
1413
1591
1586
1706
1535
1469
1331
1523
1362
1412
1777
1693
2171
1380
1490
1433
1697
1485
1575
1624
1411
1484
1776
1716
1418
1404
1438
1433
1420
1903
1741
1974
1439
1754
1488
1499
1437
1379
1488
1369
1408
1422
1750
1414
1743
1701
1583
1586
1769
1834
1839
1336
1451
1439
1825
1800
1362
1354
12393
6477
1509
1963
2385
1740
1417
1653
1418
1447
1442
1629
1635
1419
1407
1416
1368
1543
2034
2320
1339
1324
1459
1511
1881
1545
1338
1514
1535
1451
1591
1535
1388
1442
1650
1797
1800
1840
2194
1769
1800
1593
1755
1514
1477
1399
1364
1580
1576
2279
7719
1666
3005
1401
3493
1643
1531
14617
8196
2521
2553
1737
1406
4878
1523
1694
1378
1409
5444
4408
2318
1486
1472
1579
1552
1875
1538
1399
1590
1525
1485
1491
1415
1375
1529
2039
2070
2278
1424
1331
1379
1466
1458
1633
1425
1331
1766
1875
1833
1405
1378
1444
1395
1448
1789
1606
2615
1521
1482
1540
1693
1672
1449
11223
3691
3915
4436
1456
2504
2008
1968
1501
1454
1443
1576
1416
1548
1450
1531
1448
1787
1583
2338
1504
1418
1495
1733
1615
1382
1394
1371
1516
1404
1517
1514
1642
1427
1570
1685
2013
1709
2145
1453
1373
1405
1600
1505
1570
1530
1462
1427
1496
1849
1479
1335
1374
1480
1548
1782
1470
2094
1513
1367
1489
1497
1739
12060
2483
2758
5461
1534
1915
2248
1844
1475
1404
1348
1473
1426
2039
1449
1412
1496
1366
1423
1679
1402
2205
1773
1714
1519
1693
1640
1494
1426
1453
1330
1683
1548
1474
1661
1381
1410
1426
1436
2080
2059
1488
1475
1409
1515
2019
1500
1370
1360
1325
1567
1726
1579
1380
1362
1417
1664
1627
1698
1966
1737
1323
1347
10569
4175
3580
1397
3924
2711
1876
1875
1865
1634
1495
1828
1455
1699
1506
1639
1419
1553
1362
1353
1363
1578
1603
2309
1506
1372
1346
1400
5048
8121
1975
1816
1552
1625
1672
2377
1523
1604
1534
1480
1636
1372
1391
1533
1421
1480
1550
1600
1378
1730
1449
1368
1446
1563
1498
2302
1466
11355
3403
3283
2031
4283
2829
2011
1487
1401
1527
1486
1621
1674
1483
1508
1477
1596
18446744073708553246
1387
1329
1474
1436
1470
2019
1931
1847
1327
1350
1499
1527
1641
1588
1416
1614
1435
1900
1590
1536
1534
1539
1369
1534
2002
2335
1613
1419
1386
1459
1474
1403
1466
1371
1458
1359
1667
1698
2113
7578
11981
2872
8505
2370
2235
2764
2733
2628
3563
3457
1378
1331
5138
1449
1538
1566
1471
4947
3950
2403
1674
1433
1778
1468
1423
1412
1721
1576
1439
1464
1374
1474
4306
2333
1355
1370
1329
1558
1502
1405
1359
1362
1829
1728
1888
1479
1403
1342
1561
1590
1673
1552
2635
10756
4872
3026
1921
2549
2202
2057
2450
1447
1561
1380
1509
1542
1519
1368
1380
1411
1567
1726
1415
1581
1390
1532
1461
1676
1570
2275
1547
1482
1452
1553
1811
1445
1370
1473
1357
1491
1612
1419
1417
1516
1362
1965
1804
2088
2369
1361
1397
1334
1654
1683
1624
1517
1425
1390
1433
1623
1469
1435
1326
1370
1505
1637
1650
2405
11639
3858
2729
3289
2044
1736
1814
1757
1873
1396
1425
1366
1451
1449
1366
1511
1362
1521
1349
1646
1832
1436
1440
1439
1394
1426
2081
1782
2346
1910
1441
1587
1465
1459
1375
1554
1332
1342
1674
1546
1515
2415
1423
1520
1553
1647
2038
1524
1449
1369
1578
1459
1381
1433
1436
1425
1445
1750
1533
1327
1372
1378
1545
13618
2636
5100
3173
1457
2309
2114
2497
1903
1425
1438
1446
1472
1528
2112
1385
1526
1574
1674
1562
1719
1442
1371
1361
1414
1404
1720
1535
2583
1374
1448
1443
1530
1717
1441
1375
1461
1372
1545
1871
1435
1416
1401
1382
1594
1568
1465
2313
1367
1586
1485
1515
1594
1452
1399
1437
1407
1503
1392
1772
1702
1547
1488
1424
1454
1798
1741
13461
2197
4927
1369
2530
2250
2068
2308
1457
1439
1379
1440
1499
1431
1543
1535
1452
1532
1563
1633
1359
1369
1333
1379
1442
1770
1507
2347
1368
1428
1426
1440
1810
1485
1402
1882
1465
1660
1659
1428
1394
1354
1370
1524
1652
1567
2413
1471
1449
1433
1477
1533
1410
1476
1498
1429
1478
1707
1711
1986
6093
11938
2141
4100
6784
2664
3987
3344
1865
5318
1864
1578
1329
1620
4593
1437
1660
1577
2060
3215
5338
3680
1822
1577
1420
1556
1663
1446
1475
1448
1495
1396
1397
2563
2053
1674
1375
1400
1460
1510
1430
1466
1407
1599
2133
1977
1473
1457
1324
1460
1479
1760
1485
2299
1438
1329
1496
1519
12110
2960
5026
2209
2972
2345
1799
1885
1372
1333
1446
1346
1365
1482
1783
1597
1531
1663
1442
1402
1710
1934
1984
1490
1355
1561
1607
1758
1376
1375
1426
1463
1462
1584
1376
1446
1633
1748
1786
1731
2057
1732
1452
1465
1472
1562
1453
1685
1368
1505
1425
1482
1761
1508
10467
2744
2243
11329
4789
2501
2167
3785
3015
1820
1609
1733
1487
1539
1477
1435
1573
2000
2031
1512
1501
1448
1525
1703
1678
2372
1529
1698
1728
1766
1376
1381
1363
1385
1448
1442
1658
1388
1591
1478
1368
1592
1581
18446744073708553270
2189
1514
1412
1468
1667
1472
1392
1419
1465
1377
1449
1664
1677
1506
1451
1646
1604
1681
1510
1971
1814
1469
1420
13132
2619
4244
2372
4051
1507
2322
1971
1767
1378
1419
1638
1415
1781
1771
1451
1413
1385
1365
1373
1756
1597
2169
1405
1383
1490
1540
1555
1590
1379
1438
1475
1395
1929
1431
1514
1481
1335
1424
1557
1760
1886
1603
1681
1667
1446
1462
1486
1475
1369
1385
1329
1502
1667
1531
1551
1403
1361
1409
1680
1473
2379
1437
11125
2760
3517
3695
2340
2402
3177
1881
1793
1747
1646
1643
1394
1449
1348
1391
1709
1574
1386
1504
1447
1547
1808
1453
2398
1448
1451
1433
1623
1656
1467
1440
1380
1721
1497
1677
1429
1439
1410
1467
1388
1456
1660
1749
1995
1487
1328
1455
1533
1532
1677
1463
1447
1423
1620
1933
1443
1837
5718
14687
3902
2854
3681
1723
6148
1792
1500
1399
1762
4889
1375
1381
1467
1547
2027
3943
1570
1707
5446
3705
2035
1550
1595
1585
1651
1488
1755
1412
1417
1354
1518
1418
1591
2332
2252
1380
1494
1367
1421
1368
1438
1594
1786
1622
1799
1949
1555
1407
1575
1444
1328
1763
13309
2828
2261
3011
2930
1675
1572
1527
1724
2032
1552
1712
1337
1493
1666
1465
1412
1873
1553
1491
2272
1780
2186
1801
1641
1676
1419
2489
1449
1421
1464
1761
1685
1406
1506
1545
1426
1610
1511
1442
1397
1568
1636
1587
1684
1689
2284
1400
1483
1485
1415
1505
1590
1502
1500
1398
1592
1856
1468
1332
1376
1452
1424
13923
2073
3543
4467
2558
2120
1903
2157
1886
1774
1383
1420
1369
1495
1512
1415
1451
1656
1553
1562
1831
1613
1420
1442
1395
1384
1501
1477
1440
1444
1674
1421
1428
1545
1623
1451
1370
1455
1373
1571
1565
1680
1524
2101
1345
1429
1559
1951
2238
1563
1401
1750
1537
1523
1534
1463
1391
1601
1650
1670
1483
1435
14334
2525
3105
2790
2566
1782
1753
1432
1545
1544
1714
1548
2395
1448
1413
1368
1367
1538
1364
1428
1400
1658
1536
1509
1825
1449
1405
1442
1408
1604
1669
1849
2138
1372
1375
1445
1494
1474
1375
1398
1366
1683
1728
1601
1541
1392
1403
1408
1532
1666
1587
2495
1601
1575
1517
1531
1506
1382
1387
1337
1373
1423
1469
1744
1677
10271
4315
2193
4691
1479
3105
1989
1714
1386
1640
1498
1604
1956
2149
1615
1441
1403
1483
1518
1710
1463
1460
1325
1463
1442
1631
1458
1339
1447
1571
1567
1794
1843
2118
1416
1418
1420
1499
1584
1382
1387
1671
1541
1486
1658
1376
1454
1332
1336
1400
1732
1572
1677
1485
1381
1562
1462
1606
1592
1376
1382
1368
1387
1838
1770
1575
1406
17571
4143
4480
2669
7115
10176
3559
2398
5795
2132
1845
1474
1562
1619
2917
1521
5280
4175
1466
1561
1471
1687
1552
1355
1412
1381
1571
2623
1675
2199
1482
1461
1514
1554
1554
1544
1501
1483
1679
1944
1638
1450
1363
1371
1460
1436
1616
18446744073708563036
3813
3710
1588
1563
1397
1370
1329
1438
1707
1649
2320
2692
1668
1634
1589
1423
2014
1393
1372
1536
1633
1661
1714
1554
1385
1625
1496
2518
1390
1402
1333
1751
1940
1534
1510
1467
1475
1482
1681
1502
1408
1400
1762
1480
1666
1491
2505
1432
1471
1374
1511
1495
1656
1624
1517
1404
1478
1797
1528
1328
1319
1429
1326
1440
1920
1521
2299
1502
1467
1457
1568
1573
1491
1450
10620
4120
5446
1943
2176
2116
1617
1495
1377
1362
1637
1916
1600
1558
1619
1470
1358
1784
1448
2419
1684
1432
1380
1737
1623
1528
1441
1483
1471
1528
1629
1714
1433
2316
1375
1767
1783
2326
1459
1386
1481
1593
1547
1464
1524
1441
1413
1434
1651
1652
1336
1363
1698
1548
1660
1614
2416
1426
1368
1389
1501
10532
3601
3451
3362
3467
1818
1479
1373
1616
1662
1486
1507
1568
1869
1624
1595
1360
1465
1415
1336
1477
1850
1548
2099
1584
1384
1405
1369
1610
1475
1380
1377
1503
1471
1816
1711
1354
1445
1405
1420
1425
1723
2199
1682
1660
1419
1557
1556
1413
1371
1574
1421
1600
1590
1590
1635
1467
1594
1337
1407
1780
1807
1844
1393
1341
1468
11158
2801
3167
4513
3416
2400
1673
1472
1501
1622
1448
1433
1342
2273
1904
1488
1500
1512
1512
1441
1581
1466
1525
1412
1438
1520
1482
1484
1762
1454
1332
1642
1458
1595
1539
1436
1454
1884
1496
1426
2022
1724
2704
1552
1678
1586
1378
1492
1492
1500
1537
1913
1749
1627
1512
1515
1537
1636
1723
1695
2181
1707
1337
1586
10473
3734
3039
4183
3905
2336
2489
1997
1936
1675
1334
1350
1598
1675
1413
1465
1715
1515
1435
1819
1556
1985
1442
1389
1501
1552
1630
1662
1469
1390
1399
1399
1606
1330
1346
1364
1423
1527
1752
1717
1994
2021
1434
1476
1605
1562
1411
1404
1561
1567
1457
1692
1578
1365
1604
1384
1405
1418
1736
2051
1623
1495
1387
1482
1461
1804
12126
4976
2438
2851
2114
2013
1999
1761
1394
1574
1452
1435
1593
1697
1817
1420
1456
1429
1393
1846
1690
1798
1391
1463
1694
1613
1719
1434
1418
1490
1419
1535
1621
1418
1695
1811
1350
1602
1723
1852
2122
1542
1458
1490
1481
1673
1383
1501
1361
1453
1500
1796
1553
1470
1405
1453
1715
1594
1972
1728
1421
1474
1457
1547
12575
1970
4770
2714
2990
2087
1784
1617
1482
1472
1418
1484
1461
1955
1784
1463
1452
1337
1541
1624
1714
2095
1469
1731
1496
1450
1601
1516
1457
1358
1531
1365
1532
1618
1704
1576
1331
2219
1664
1569
2199
1436
1364
1495
1917
1703
1448
1504
1409
1439
1419
1510
1532
1509
1601
1673
1566
1809
1592
2242
1608
1368
1462
11762
3634
2155
2172
4644
2060
1419
1424
1420
1566
1519
1492
1650
1487
1699
1538
1762
1418
1368
1537
1563
1735
1503
2437
1415
1431
1387
1484
1376
1602
1465
10625
2900
2206
1636
2206
1659
1525
1363
1590
1664
1477
1558
1501
1404
1483
1609
1962
1614
1480
1442
1336
1443
1825
2061
1670
11709
2684
5171
2198
2268
2210
2287
1375
1448
1573
1459
1708
1744
1642
1431
1366
1537
1752
18446744073708553012
1398
1511
1449
1429
1625
1727
2142
1585
1486
1335
1467
1918
1734
1541
1672
1354
1475
1618
1498
1381
1540
1403
1534
1517
1869
1948
2006
1476
1378
1541
1398
1436
1417
1468
1419
1901
1686
1891
1481
1510
1414
1383
1439
1544
12098
1807
4643
2154
2380
2233
2134
1957
1743
1997
1387
1407
1502
1492
1447
1408
1464
1581
1479
1493
1581
1664
1527
1687
1478
1466
1531
1576
2397
1529
1395
1430
1464
1774
1713
1610
1364
1333
1469
1673
1330
1418
1470
1370
1550
1908
1586
2418
1485
1378
1366
1621
1585
1347
1348
1760
1488
1460
1538
1737
1335
1497
1582
1517
13532
1969
2526
4567
1944
2049
2045
2044
2609
2833
1890
1391
1504
1610
1347
1405
1401
1399
1329
1516
1668
1605
1431
1425
1543
1373
1532
1686
1992
1817
1424
1345
1824
1723
1405
1484
1412
1473
1400
1629
1411
1431
1356
1650
1344
1748
1887
2179
1422
1504
1377
1668
1535
1774
1407
1419
1328
1535
1472
1775
1431
1420
1476
12251
2712
3063
2768
2942
1566
1342
1383
1444
1389
1393
1671
1529
2280
1433
1426
1424
1585
1481
1406
1368
1410
1371
1338
1725
1778
1433
1372
1505
1438
2167
1664
1846
2233
1436
1399
1478
1406
1458
1370
1415
1403
1526
1652
1508
1552
1449
1381
2003
1483
1662
1766
2021
1394
1409
1529
1506
1505
1405
1423
1347
1345
1401
1648
1502
1360
1326
1739
11471
2247
5351
2529
3385
3586
2096
2592
2303
3034
2151
2031
1888
1450
1509
1556
1454
1516
1485
1655
1364
1419
1402
1384
1628
1757
1805
1915
1459
1394
1453
1610
1837
1383
1389
1502
1417
1714
1621
1378
1475
1337
1407
1440
1588
1553
2445
1603
1590
1480
1598
1535
1536
1588
1327
1550
1469
1557
1688
1350
1519
1410
1409
1619
1632
2238
12650
1937
4445
1737
3128
2379
2196
2530
1425
1474
1478
1807
1722
1516
1434
1362
1375
1403
1704
1455
1418
1402
1427
1774
1682
1737
2025
1523
1410
1367
1799
1990
1475
1638
1541
1538
1820
1464
1375
1487
1365
1425
1472
1783
1923
2077
1470
1333
1518
1595
1562
1436
1529
1469
1840
1512
1774
1339
1411
1453
1367
1416
1723
11425
4101
1945
4243
3059
1829
1816
2024
1930
1827
1399
1363
1907
1765
1430
1439
1540
1380
1559
1732
1495
1345
1483
1480
1582
1416
1867
1677
2079
1413
1387
1452
1448
1698
1454
1463
1409
1456
1504
1703
1479
1431
1434
1326
1815
1857
1757
2113
1548
1421
1501
1571
1484
1429
1565
1570
1589
1600
1715
1426
1478
1378
1391
1327
1993
1540
10941
4464
4183
2936
2496
1894
2035
2255
1836
1462
1383
1448
1737
1544
1372
1459
1413
1444
1441
1904
1532
1532
1579
1379
1583
1612
2188
1597
1452
1376
1813
1781
1452
1360
1570
1479
1518
1554
1501
1482
1657
1675
1445
1539
1677
2195
1374
1436
1496
1499
1555
1794
1519
1338
1326
1445
1453
13203
9808
4565
4954
2035
4152
2461
3267
1741
2189
1936
1715
1386
1541
1379
1443
1898
1582
1507
1465
1525
1458
1408
1752
1650
2117
1720
1359
1357
1497
1708
1358
1322
1450
1363
1406
1483
1995
1412
1620
1545
2170
1637
18446744073708554636
1657
1503
1526
1482
1428
1376
1367
1397
1462
1411
1528
1623
1627
1357
1724
1668
1467
1714
2047
1710
1397
11287
3007
2563
3197
1507
1696
1871
2017
2077
1441
1500
1477
1529
1527
1326
1825
1447
1518
1529
1671
1338
2659
6004
2334
2726
4779
1411
1383
1426
1345
1596
4865
1520
1334
1453
1668
3544
3001
3941
1890
1653
3346
1479
2065
5624
2985
12660
6389
3361
3871
3079
8042
1972
2809
2533
2116
3354
2351
5967
1934
1491
2392
1418
3077
1476
5093
3604
1896
1378
1432
1443
1582
1390
1626
1835
3017
1498
1373
1378
1598
1619
1464
1433
1374
1326
1734
1637
1898
1384
1365
1393
1401
1609
1509
2403
1754
1455
1401
1464
1641
12163
4209
1688
1702
2234
1486
1686
1995
3039
1402
1455
1379
1667
1401
1525
1725
1343
1769
1382
1499
1680
1486
2259
1391
1325
1372
1576
1938
1636
1462
1484
1433
1515
1629
1431
1464
1368
1326
1523
1685
1959
2043
1757
1413
1377
1496
1509
1483
1546
1544
1713
1595
1518
1681
1393
1331
1420
1418
1555
1926
1680
2170
1374
1446
1412
1438
1847
1382
1453
1416
1535
1556
11552
4913
3265
4005
2232
2419
2342
2582
2103
2053
1506
1608
1647
1411
1459
1365
1449
1662
1593
1487
1460
1483
1504
1568
1640
1537
1534
1886
1481
1850
1493
1636
2230
1466
1354
1337
1555
1867
1736
1804
1416
1419
1546
1611
1632
1438
1329
1373
1586
1676
1643
2184
1488
1451
1373
1587
12203
3416
2741
1559
2429
2159
1366
1806
2342
1623
1555
1633
1327
1321
1836
1811
1682
1410
1473
1449
1500
1638
1526
2300
1733
1418
1467
1477
1840
1393
1391
1414
1431
1482
1688
1641
1484
1774
1405
2382
1906
1919
1813
1410
1745
1470
1615
1380
1438
1333
1586
1420
1555
1709
1525
1767
1596
1593
1761
1645
1368
2411
1383
1420
1524
1843
1470
1371
1369
1782
1544
14560
2832
2992
1679
1592
1610
1521
1517
1448
1738
1647
1365
1369
1426
1366
1679
1877
2236
1765
1453
1410
1455
1599
1430
1372
1489
1360
1828
1708
1426
1408
1432
1372
1393
1582
1688
2729
1719
1365
1415
1432
1565
1402
1486
1394
1375
1324
1468
1841
1503
1428
1521
1394
1896
1827
2171
1691
1457
1650
1563
1712
1538
1348
10764
3468
3072
4477
1921
1835
1939
1369
1449
1556
1347
1418
1629
1691
1337
1332
1494
1725
1604
1597
2282
1493
1382
1429
1524
1814
1361
1367
1644
1460
1386
1552
1506
1371
1362
1389
1468
1502
1722
1513
2452
1446
1455
1443
1930
1822
1346
1362
1323
1668
1458
1778
1432
1368
1325
1371
1325
1583
1716
1412
1815
1472
1424
1572
12133
2398
14647
2634
1400
1529
1468
1383
1420
1617
1662
1498
1530
1391
1431
1516
1841
1407
2342
1453
1411
1454
1499
2004
1436
1379
1373
1480
1438
1594
1713
1532
1376
1371
2061
2037
2407
1598
1497
1375
1477
1571
1512
1495
1476
1402
1543
1448
1792
1463
1362
1418
1336
1400
1975
1691
2247
1402
18446744073708563055
3665
3441
1854
2026
2226
2308
1794
1443
1408
1493
1627
1551
1479
1412
1392
1496
1468
1905
1534
1417
1426
1404
1442
1798
1575
2624
1336
1626
1579
1642
1468
1414
1462
1447
1556
1679
1455
1412
1657
1355
1399
1470
1784
1743
2261
1429
1422
1456
1511
1718
1518
1413
1345
1356
1536
1661
1630
1404
1413
1371
1662
1978
13037
2760
4101
1757
2187
1785
1428
1447
1827
1855
2206
1506
1413
1382
1451
1419
1388
1831
1492
1629
1819
1652
1404
1584
1384
1420
1778
1640
2391
1734
1595
1529
1427
1783
1562
1379
1437
1499
1551
1635
1563
1421
1415
1459
1383
1741
1699
2462
1374
1420
1894
1932
1796
1790
1801
1761
1810
1816
1478
1615
1445
1376
1476
12955
5404
1836
1802
1749
1428
1810
1635
1570
1978
2095
1649
1449
1382
1421
1542
1434
1455
1863
1373
1482
1554
1734
1631
1365
1548
1381
1564
1815
1851
1813
1378
1344
1539
1574
1582
1415
1788
1484
1767
1756
1528
1576
1387
1405
1375
1423
1848
1707
2538
1447
1338
1536
1609
1417
1428
1370
1379
1447
1639
1677
1426
1424
1512
11006
2850
2817
3140
4315
1933
2325
1811
1527
1553
1922
1862
1811
1421
1402
1417
1521
1617
1405
1416
1396
1332
1451
1774
1604
1446
1798
1556
1599
1973
2074
1642
1338
1327
1421
1467
1665
1456
1694
1493
1582
1449
1597
1373
1329
1476
1401
1894
1876
1835
2198
1685
1477
1704
1569
1536
1444
1459
1384
1784
1739
1622
1782
1808
1842
9198
4935
1480
3898
3774
3186
3445
2008
2241
2526
1817
1819
1531
1500
1487
1350
1526
1331
1445
1486
1685
1399
1625
2107
1803
1954
2614
2074
1529
1514
1525
1875
1643
1347
1392
1353
1494
1556
1419
1340
1461
1412
1449
1620
1690
1611
2185
1724
1541
1448
1615
1523
1371
1824
1409
1582
1523
1685
1379
1430
1345
1533
1405
1942
1934
1887
1501
12500
1745
4232
2684
3169
2179
2082
1620
1482
1430
1656
1370
1374
1444
1386
1334
1494
1824
1498
1434
1451
1473
1364
1752
1610
1376
2317
1454
1706
1472
1618
1546
1382
1366
1398
1367
1603
1401
1368
1678
1564
1472
1456
1823
1893
2031
1418
1492
1561
1832
1612
1447
1461
1574
1491
1706
1582
1361
1323
1693
1883
1992
1489
2375
12670
2679
3736
1475
3791
2529
2509
1698
1452
1492
1477
1585
1525
1361
1430
1451
1653
1824
1518
1385
1446
1358
1400
1409
1625
1727
2350
1408
1408
1461
1773
1642
1372
1376
1413
1412
1481
1755
1603
1381
1369
1357
1387
1638
1711
2311
1476
1777
1647
1780
1501
1518
1449
1506
1368
1604
1638
1385
1706
1422
1467
1376
1700
1583
12756
2399
3048
4175
1402
2341
2440
2598
2669
1663
1369
1492
1407
1390
1910
1471
1591
1628
1606
1574
1327
1532
1378
1592
1849
1875
1789
1443
1373
10064
2184
2374
2008
1554
1533
1452
1640
1589
2581
1402
1490
1485
1366
1439
1417
1481
1466
1373
1482
1880
1538
1716
1407
1375
1397
1663
1575
2084
12900
2900
4211
2183
2044
1676
1753
2146
1628
1464
1380
1520
1651
1456
1398
1471
1418
1491
1489
18446744073708553273
1474
1424
1326
1491
1425
2115
1438
2240
1472
1377
1431
1610
1774
1748
1522
1444
1451
1494
1537
1426
1552
1501
1368
1550
1481
1772
2437
1454
1367
1518
1858
2176
1336
1436
1442
1533
1524
1656
1407
1415
1420
1515
1405
1667
1473
13681
1951
3569
3894
1797
2403
2350
2312
1526
1549
1523
1408
1441
1405
1455
1413
1478
1560
1587
1642
1479
1701
1524
1486
1844
1452
2516
1388
1417
1429
1514
1716
1459
1380
1479
1361
1456
1440
1529
1327
1414
2111
1635
1713
1758
1375
2320
1600
1511
1538
1412
1327
1687
1499
1428
1624
1666
1429
1465
1455
1597
1521
1479
12959
3685
2233
3116
2052
1751
1351
1390
1788
1494
2549
1537
1425
1378
1445
1450
1479
1446
1462
1377
1486
1710
1809
1613
1594
1378
1529
1640
1575
2231
1502
1326
1643
1521
1706
1440
1337
1328
1426
1372
1628
1540
1328
1624
1592
1580
1465
1637
1840
2211
1566
1375
1411
1739
1662
1347
1369
1402
1365
1467
1673
1384
1348
12950
2393
5908
1516
2238
3014
2438
1626
1424
1623
1829
2501
1476
1484
1432
1437
1573
1427
1388
1405
1338
1734
1566
1781
1441
1360
1343
1360
1330
1782
1491
2775
1417
1377
1530
1511
1648
1543
1384
1387
1511
1635
1711
1465
1479
1426
1336
1584
2275
1488
2395
1493
1616
1444
1564
1494
1487
1410
1383
1346
1470
1724
1410
1620
11129
2237
4127
4673
2949
4286
2053
2864
2420
3142
1949
2107
2206
2139
1907
1495
1574
1691
1760
1744
1352
1372
1371
1544
1599
1502
1801
1517
1460
1370
1508
1593
1558
1384
1337
1415
1635
1661
1721
1877
1424
1412
1375
1469
1735
1626
2239
1585
1414
1508
1517
1551
1467
1551
1406
1393
1436
2139
1678
1505
1440
1387
1408
1728
1649
11921
5028
1912
1433
3686
1556
1688
1523
1405
2260
1430
1516
1499
1628
1549
1419
1533
1459
1585
1430
1650
1524
1321
1359
1662
1560
1891
1659
1797
1463
1431
1518
1470
1637
1460
1535
1600
1516
1508
1668
1454
1458
1394
1391
1466
1639
1680
1451
2272
1417
1412
1492
1513
1478
1564
1474
1503
1526
1596
1615
1509
1336
1437
1386
1444
1648
1915
1908
12080
2986
4978
1982
1875
1862
1821
2123
1403
1546
1424
1479
1600
1626
1539
1409
1442
1471
1668
1392
1591
1479
1533
1383
1686
1517
2187
1380
1458
1383
1458
1825
1875
1791
1837
1796
2063
1790
1601
1671
1644
1783
1906
2157
1682
1471
1439
1406
1795
1433
1557
1566
1467
1534
1507
1639
1477
1330
1523
1406
1326
1728
1568
1941
11135
5301
2787
2135
3464
2358
1991
1638
1434
1414
1487
1636
1459
1403
1423
1375
1384
1555
1758
1573
1450
1419
1422
1474
1566
1438
2327
1505
1572
1451
1461
1965
1382
1365
1460
1406
1595
1594
1414
1786
1730
1527
1604
1666
1551
2496
1433
1402
1397
1815
1465
1460
1513
1427
1545
1518
1664
1372
3110
5262
1495
6092
1607
5532
4567
5029
3062
3933
2745
2092
1800
1810
1420
1446
1449
1484
1686
1826
1638
1416
1374
1443
1523
1873
2093
2488
1870
1778
1922
2178
1477
1427
1441
1491
1429
1702
1462
1524
1475
1435
1451
2141
18446744073708553637
2087
1640
1634
1406
1596
1477
1565
1593
1569
1494
1591
1612
1887
1534
1493
1472
1747
1977
2146
1468
1493
1497
1712
1876
1383
11781
3738
4388
3857
2143
2424
2169
2209
1669
1526
1604
1573
1443
1440
1459
1451
1538
1687
1497
1808
1494
1487
1548
1577
1531
1408
1376
1537
1460
1645
1583
1458
1507
1800
1576
1677
1876
1578
1914
1714
2477
2227
1722
2298
1605
1776
1995
1878
1587
1722
1398
1809
1659
1937
2105
1516
1727
1988
12053
4185
4233
4712
3160
2851
3417
2073
1849
1900
1480
1380
1363
1636
1853
1947
1736
2846
1551
1577
1514
1577
1540
1735
1612
1525
1753
1574
1333
1429
1366
1442
1329
1445
2247
2034
2804
1449
1566
1569
1438
1533
1435
1620
1821
2132
1676
1481
1412
1482
1413
1793
1539
2434
1646
1672
1681
1645
1444
1527
1506
1527
1699
13829
3630
3517
3858
2161
2548
2295
2335
1932
1581
1550
1857
1741
2249
1483
1403
1364
1564
2165
1510
1428
1448
1365
1495
1595
1614
1322
1425
1452
1645
1861
2125
2658
1737
1453
1560
1528
1490
1787
1546
1593
1900
1845
1382
1366
1335
1441
1608
1834
1765
2966
1442
1877
1679
1643
1464
1434
1459
1789
1779
1713
1619
1545
12255
4429
2795
4225
3593
4197
1659
2732
3015
1776
1770
2088
1868
1866
1338
1365
1493
1415
1583
1623
1591
1910
1635
1559
2097
1603
2290
1360
1349
1409
1769
1879
1602
1850
1471
1524
1697
1652
1467
1543
1567
1580
1905
1912
2653
1423
1324
1605
1562
1771
1642
1668
1548
1413
1646
1380
1411
1474
1420
1355
1453
2355
2691
13958
3000
3606
2489
2581
1982
3116
1858
2073
2170
1961
1413
1723
1480
1376
2019
1728
1755
2149
1487
1662
2263
2210
1366
1810
1410
1466
1517
1389
1397
1395
1704
1753
1653
1716
1873
1873
2200
2246
1552
1970
1446
1465
1553
2109
1725
1643
1472
1446
1595
1631
1425
1459
1467
1636
1588
1889
1988
2649
13702
2671
4419
1965
1777
2111
2085
2614
1392
1423
1482
1533
1429
1575
1707
1721
1752
1709
1528
1584
1402
1468
2002
1976
2169
1881
1841
1495
1474
1622
1397
1417
1413
1335
1397
1902
1579
1546
1917
1439
1410
1706
1816
1897
1577
1711
1655
1883
1462
1377
1414
1460
1330
1471
1498
1376
1592
1653
1407
1571
1738
1779
12948
2285
4373
2523
3396
2232
2243
2304
1389
1523
1501
1568
1410
1566
1699
1545
1796
1677
1431
1335
1490
1450
1335
1644
2375
2133
2406
1444
1422
1464
1410
1393
1423
1501
1670
1700
1999
1569
1548
1360
1465
1446
1757
1554
2058
1545
1697
1609
1679
1481
1372
1447
1447
1437
1732
1647
1499
1585
1612
1456
13041
2793
3261
1455
7844
3313
4581
2669
3376
5382
2530
2645
1771
1879
1612
1723
1775
2179
2662
1455
1515
1473
1543
1503
1625
1556
1856
1895
1611
1727
1348
1416
1485
1370
1420
1950
2361
2297
1615
1481
1718
18446744073708553387
1339
1382
1886
1428
1843
1733
1486
1479
1378
1449
1410
1889
1575
2508
2212
1609
1583
1422
1482
1446
1390
1391
1454
1741
1586
1396
1405
1377
1325
1683
12205
3154
2887
3775
3112
1954
3176
2001
2493
1483
1423
1393
1909
1835
1871
1521
1415
1443
1629
1597
1329
1335
1600
1589
1783
1597
2195
1476
1605
1547
1799
1793
1976
1691
2399
1535
1553
1478
1438
1451
1383
1562
1687
1609
1871
1508
1421
1512
1407
1437
1435
1405
1405
1567
1450
1724
1693
1407
1326
1376
1450
1403
1604
1479
11439
1718
4592
3562
2434
3914
2709
2736
2112
1949
2094
2127
1738
1526
1506
1596
1856
1678
1463
1391
1545
1365
1571
1409
1469
1394
1519
1325
1490
1782
1690
1508
1329
1455
1367
1613
1548
1462
1332
1392
1584
1470
1589
1647
2116
1412
1401
1518
1478
1728
1512
1429
1351
1447
1374
1819
1432
1403
1363
1512
1520
1488
1947
1699
2031
1401
1457
11649
4029
2963
2450
2716
2679
1917
1624
1467
1489
1409
1374
1442
1371
1420
1595
1838
1595
1406
1402
1370
1682
1802
1440
2201
1382
1605
1459
1413
1767
1457
1405
1378
1413
1403
1522
1462
1582
2037
1421
1425
1590
1444
2426
1406
1520
1484
1750
1740
1330
1378
1332
1398
1508
1583
1551
1526
1373
1619
1694
1812
1442
2399
1379
13557
1564
2697
3903
3674
2601
3729
1840
1957
1404
1537
1422
1603
1771
1618
1548
1450
1393
1461
1456
1501
1798
1574
1758
1545
1435
1446
1495
1665
1397
1375
1435
1743
1401
1883
1580
1409
1371
1482
1455
1913
1693
2359
1397
1575
1469
1541
1535
1378
1415
1514
1363
1503
1567
1548
1745
1407
1591
1411
1612
1491
2470
1478
1403
13848
2709
1746
1963
3496
1902
2229
1579
1588
1425
1608
1475
1631
1464
1337
1446
1571
1732
1860
1674
1706
1589
1731
1576
2128
1489
1416
1491
1580
1584
1420
1378
1366
1748
1552
1492
1462
1344
1448
1448
1468
1563
1747
1816
1795
1448
1417
1500
1557
1541
1390
1427
1389
1410
1492
1839
1716
1538
1412
1486
1403
1663
1522
11242
4086
3587
3382
2394
1849
1953
1641
2245
1449
1497
1445
1678
1407
1418
1391
1542
1331
1533
1731
1468
1430
1419
1753
1355
1520
1760
1941
1915
1434
1511
1559
1724
1942
1533
1489
1334
1447
1693
1325
1403
1462
1328
1375
1512
1736
1726
2222
1456
1377
1474
1665
1407
1438
1524
1672
1490
1512
1634
1385
1331
1462
1408
1464
1677
14128
2395
2456
2835
2898
1875
1682
1711
2297
2450
1692
1407
1496
1501
1491
1399
1444
1361
1720
1604
1672
1764
1345
1457
1390
1820
1570
2260
1568
1410
1491
1599
1958
1392
1338
1459
1343
1471
1484
1448
1325
1372
1484
1590
1614
1815
1597
2194
1363
1376
1503
1596
1604
1645
1653
1576
1438
1549
1535
1392
1328
1323
1427
1401
24507
3257
3987
1542
2722
3638
2071
2894
2167
1949
1736
1693
1965
1413
1420
1485
1446
1640
1592
2327
1536
1666
1461
1466
1662
1506
1370
1453
1404
1460
1852
1334
1696
1425
1430
1457
1611
1890
2186
1572
1452
1513
1676
1541
1455
1503
1325
1458
1452
1640
18446744073708553135
1479
1485
1691
1477
1678
1610
2267
1479
1364
1408
1442
11724
2776
4163
4495
2699
1758
1965
2270
1929
1606
1661
1393
1570
1742
1550
1536
1383
1476
1329
1716
1499
1979
1523
1374
1356
1445
1610
1492
1421
1324
1468
1395
1816
1549
1418
1480
1511
1391
1400
1735
1570
2480
1781
1378
1400
1555
1558
1347
1558
1440
1506
1484
1808
1716
1527
1909
1426
1409
1596
2317
1581
1369
1481
1856
13122
2574
1950
3887
3458
1844
1856
1661
1456
1503
1446
1439
1323
1449
1488
1683
1464
1433
1547
1371
1553
1817
1749
1818
1509
1419
1466
1381
1598
1400
1381
1604
1688
1673
1489
1436
1379
1522
1489
1499
1556
1689
2420
1399
1442
1364
1387
1460
1411
1484
1422
1432
1370
2001
1646
1472
1525
1442
1484
1399
1596
1883
1982
13413
2548
2091
2928
1952
1901
1630
2233
1420
1442
1419
1526
1622
1495
1398
1452
1373
1406
1544
1586
1400
1323
1484
1712
1758
1698
1552
2195
1468
1380
1411
1381
1630
1572
1406
1422
1449
1382
1518
1369
1328
1490
1406
1407
1559
1786
1707
2246
1485
1367
1435
1454
1544
1371
1458
1631
1358
1484
1733
1534
1368
1327
1440
1366
1680
1616
1544
10247
3706
4337
2003
3801
2610
2031
2733
1695
1407
1417
1562
1453
1417
1420
1414
1403
1438
1729
1808
1404
1349
1389
1535
1827
1806
2309
1570
1391
2078
1882
1930
1522
1718
1432
1520
1548
1424
1370
1659
1886
1630
1745
1923
1791
1443
1443
1446
1538
1546
1560
1655
1623
1420
1555
1732
3277
1404
1379
1623
2541
1484
2381
12032
3361
4319
2786
5822
1562
2153
2080
2478
1477
1408
1435
1401
3089
1630
1417
1462
2113
1448
1727
2406
3004
1918
1814
2001
2374
1810
1470
1494
2081
1816
1559
1481
1443
2432
1651
2280
1477
2163
1768
1605
1622
1650
1973
1619
1599
1656
1934
1391
1687
1420
3606
1587
2300
1446
12799
3709
1959
3347
2429
1988
2056
1551
1419
1513
1521
1625
1419
1666
1529
1626
1659
1496
1467
1382
1329
1450
1577
2277
1984
2262
1407
1526
1400
1729
1546
1466
1406
1416
1591
1632
1574
1409
1373
1444
1455
1585
1674
2238
1371
1647
1581
1399
1545
1488
1473
1457
1366
1417
1681
1586
1603
1615
1402
1511
1954
1598
12409
2445
4408
2027
2585
1892
1597
1772
1558
2374
1420
1435
1419
1396
1520
1840
1866
1729
1808
2077
1821
1738
1543
1426
1571
1756
1744
2178
1475
1431
1494
1736
1683
1454
1531
1453
1504
2417
1487
1506
1396
1421
2009
1845
1801
2195
1946
1435
1474
1511
1569
1566
1915
1495
1631
1866
2168
1516
1430
1363
14475
1879
4790
2442
4470
2048
1700
1777
3012
1463
1423
1434
2110
1536
1393
1412
1360
1341
13199
4862
2046
1651
1779
1717
1463
1434
1423
1437
1603
1385
1366
1564
1450
1543
1650
1631
2463
1459
1501
1378
1428
1498
1376
1382
1416
1851
1480
1673
2065
1755
1766
1779
9699
18446744073708576393
11842
4645
3979
7204
6672
3592
6507
2308
1546
1542
2013
6343
1664
2332
2678
2422
2519
3889
1429
1457
4217
1518
1387
1563
3800
1779
2025
3760
1520
1809
1437
3855
1490
1444
4079
1439
1338
1510
4409
12729
1464
2079
6937
1383
1392
1742
3059
1664
3464
1573
1954
3305
5116
4012
1386
2348
2298
3229
5938
1693
1472
1465
1428
1366
1536
5018
1598
1547
1774
1703
4502
1534
1393
1528
1626
2086
3956
1399
1576
1549
2719
1378
3961
1522
14799
3370
7201
1673
2775
1912
2029
3710
1863
2190
3728
1387
1605
5262
1577
1353
1593
1639
5107
4255
2157
6101
1717
1692
1686
1523
5627
2485
1352
1360
1367
2011
3931
1595
3639
6680
1599
15275
1411
4625
2025
2646
6568
4996
2456
1733
1634
1978
2109
1616
2321
2158
1434
1376
1429
1425
1671
2289
1943
2763
1898
1429
1405
1750
1628
2168
1606
1824
1908
2436
1537
1398
1506
1417
2185
1637
1502
1689
1613
2375
1651
1423
1331
1600
1986
1570
1505
1617
12750
5740
1814
2327
1410
3511
1904
1338
1548
2288
1723
1597
2345
2211
1597
1337
1552
1917
2223
1530
1517
1469
2369
1596
1536
1403
1322
2209
1838
1856
1919
1743
1945
1525
1592
1365
2309
1463
1710
1723
1677
2133
1509
1396
1336
2519
2094
1629
1392
1383
1889
1811
1463
1780
6804
4820
1700
1442
9183
7327
4026
3994
6477
4027
2712
6585
2045
2052
1852
2399
2380
3212
2543
6802
2797
1951
1526
2047
1486
1403
1483
1683
2226
1591
1409
1431
2364
2511
2044
1425
1461
1966
1633
1481
1380
1606
2845
1854
1572
1479
2075
1492
1521
1946
2988
1705
1461
1346
1512
2413
1454
1509
1331
11359
3364
4681
3640
4401
1513
2352
1861
3237
2138
1717
2671
2320
2663
2006
2059
1746
1493
1446
2153
1616
1437
1482
1574
2204
1634
1556
1542
1766
2194
2431
1364
1385
2258
1886
1582
1391
1688
1951
1476
1552
1335
1658
2096
1426
2122
1727
2750
1641
1426
1448
2164
1596
1398
1662
1430
2315
1829
14773
2673
4651
2025
2606
3923
1589
1383
1419
1560
14598
3378
1540
1456
1510
2269
1552
1459
1475
1457
2387
1573
1919
1621
1470
2244
1671
1577
1384
1556
1911
1579
1592
1414
1874
1774
1708
1675
1576
2845
1494
1431
1435
1497
2176
1658
1448
1443
2085
1666
14061
2069
18446744073708557729
1505
2883
1962
2908
1874
1779
1345
2618
2034
2035
1909
1852
1509
1597
1391
1439
2338
1551
1768
1631
2109
1405
1415
1358
1554
2395
2022
2299
1383
1841
1571
1642
1555
1400
1602
1683
1484
1577
1813
2802
1416
1365
1753
1614
2936
1409
1445
1809
2219
1595
1400
1563
1419
2403
1648
14709
1818
5768
1976
1864
2170
2465
1461
1489
1607
1692
2070
1832
2161
1921
1465
1582
1573
1528
2380
1611
1425
1433
1542
1946
1442
1464
1401
1419
2502
2257
1652
1474
2054
1721
1710
1910
6519
3759
1398
1341
1512
5971
1554
1445
2734
1463
2366
1511
4151
1817
1636
15601
2597
4359
4472
2056
6412
4970
2390
1380
1368
1495
1932
1419
1488
1358
1495
1516
1684
1465
1529
1458
1373
1758
2001
2668
1676
1539
1543
1425
1644
1503
1527
1553
1645
1753
1873
1468
1452
1470
1363
1507
1839
1851
2182
1422
1455
1481
1515
1449
1339
1369
1370
1707
1844
1803
1544
1423
1432
13831
1873
3316
2883
1459
1700
1664
1632
1561
1359
1645
1797
1709
2128
1398
1491
1843
1480
1557
1378
1445
1323
1320
1447
1642
1518
1502
1485
1551
1411
1694
1692
2281
1383
1428
1406
1673
1935
1551
1478
1413
1324
1400
1606
1379
1404
1443
1900
1836
1966
1754
2119
1741
1460
1803
1630
1526
1471
1651
1772
1628
1613
1544
1487
1410
1452
12596
2545
2249
4150
2501
1846
1644
1523
1391
1642
1734
1946
2807
1422
1515
1420
1529
1451
1414
1443
1456
1412
1629
1923
1391
1473
1491
1473
1621
1562
2203
1572
1409
1430
1589
1706
1520
1370
1408
1374
1324
1580
1633
1369
1402
1711
1465
1424
1706
1689
1750
1871
1543
1364
1649
1719
1504
1426
1448
1443
1516
14815
2194
2678
3078
1808
2010
1513
1438
1558
1414
1360
1426
1387
1394
1539
1895
2052
1348
1539
1504
1422
1630
1807
1394
1431
1500
1695
1657
1855
1374
1327
1472
1413
1324
1690
1445
2329
1633
1411
1516
1503
1588
1487
1462
1349
1479
1435
1563
1674
1508
1484
1338
1454
1365
1863
1910
1873
1420
1569
1581
1730
1519
1414
1630
1396
1484
12003
5971
2968
3007
4190
2097
1861
1334
1430
1387
1364
1470
2199
2322
2421
1831
1863
1976
1738
1940
1609
1446
1445
1829
1402
1377
1331
1441
1415
1497
1620
1788
2145
1479
1538
1635
1631
1838
1422
1987
8395
1342
1419
1486
6238
1495
1411
3199
1446
1648
13816
4835
2985
3830
3356
2868
2508
5492
3281
1492
1662
2175
2153
1493
1561
1569
1807
2117
1529
1531
1472
1540
1580
1385
1438
1374
1361
1550
1558
1931
2334
1559
1355
1492
1458
1820
1392
10117
5102
2208
3351
1545
1547
1369
1835
2085
1506
1734
14864
4439
2108
2257
1869
2952
2635
1437
1768
8926
1821
2396
3785
1667
1390
6070
1377
1474
1759
18446744073708553817
1661
2559
6805
3301
3473
6739
1602
1628
1582
1344
3551
1929
5872
1428
1395
1446
3846
1680
1538
15007
3985
5071
5933
7146
2888
2437
2040
1999
2223
2308
1453
1699
1704
1460
2898
1475
1501
1866
2516
1495
1623
1405
2463
1791
2281
9697
3275
2292
4876
1636
1686
2054
3578
2320
3906
1801
1429
1401
5058
1539
15400
2542
5862
4722
5533
4278
3241
2729
2861
2111
2116
2713
1768
1989
1990
2119
1459
1397
1473
1746
2172
2693
1678
1411
2071
1727
3620
1763
1214
1231
1441
1233
1341
3764
1216
6959
6955
1229
1176
1138
1113
1778
1652
2271
12332
4142
2627
3928
1241
3758
1252
2078
1475
4133
4475
1203
1700
1196
1992
5110
1375
1227
1266
1485
1326
2480
1190
2134
1844
5301
3425
2331
2271
4174
1321
1401
2406
1819
2875
1209
5151
3497
1686
1827
1717
1461
4840
1297
1604
2805
1318
2851
3076
2237
18356
1157
2060
3406
1444
1212
5140
1217
1294
1267
4011
1205
1217
1250
1254
5107
2889
2708
1880
1953
1638
1187
1341
1728
1566
1186
1142
1415
2197
1309
1321
1412
1142
1197
1886
1195
1288
1174
1672
3004
1454
1208
1274
1219
1842
1301
1226
1220
1143
1142
2281
1546
1119
1383
1197
1186
2007
1235
1552
1190
2121
1400
1159
1264
1289
1170
1541
1230
1190
1131
1331
1240
1363
1454
1209
1125
1160
1199
1095
1135
1301
1429
1608
1857
1218
1170
1465
1228
1415
1287
1096
1285
1238
1096
1108
1381
1241
1401
1165
1170
1270
1203
1206
1167
1812
23771
1200
3107
2604
3934
4290
7440
1876
3461
1120
5677
2730
2112
1791
2512
4857
1184
1321
1171
1380
2919
4103
1267
1107
1220
1913
2481
3614
1388
1138
1344
1139
3563
1101
1259
1366
4165
1279
1315
1288
1145
2617
1922
2475
1208
2169
3509
1316
1192
1576
2859
1351
5448
1159
1314
1540
1359
2186
1161
2603
1112
1263
3884
1148
1221
1106
1497
5984
3187
3889
2367
2344
1117
2152
1719
1928
3725
1252
1397
5090
1106
1137
1295
1424
1576
5200
1157
1154
1385
1289
1137
1137
4402
1919
1700
1546
2837
1505
2780
2665
2041
3242
1247
1691
4806
1109
1197
1278
1432
1286
1197
3248
1120
1657
1398
3989
1608
4587
1244
3697
1206
10253
4618
3131
1867
5761
3120
2468
2877
3157
1150
1303
5806
1579
1791
1323
1325
1246
1142
4277
1468
1178
5100
1191
1215
1190
1140
1498
3738
1288
3372
1311
1412
1174
3498
1863
1242
1429
4592
3552
2428
18446744073708554363
2173
1289
1188
1223
1813
1207
1160
1242
1109
1143
1936
1766
1245
1863
1302
1982
1337
1435
1269
1195
2198
3852
947
1131
1089
1585
1064
986
1029
882
3921
5758
2406
1216
2458
1796
2045
938
3173
911
908
1008
1953
959
1622
1469
2854
1067
964
916
5004
985
958
1316
1444
955
991
1551
1820
2032
1075
983
4218
2929
3108
1864
1488
5177
2170
1121
1087
954
1875
3167
925
908
1009
1573
1089
2365
933
906
3745
1051
1105
972
1162
3303
960
993
5390
930
1028
972
908
922
881
1036
1856
932
1371
1087
2798
908
1196
1188
3621
4340
2518
1494
998
1033
6294
1062
876
1259
1052
1082
1359
1375
1173
941
1098
1744
971
904
903
943
1010
1039
1337
1207
911
953
899
982
945
961
1042
946
1059
957
908
1810
905
914
1108
1018
1340
1024
2349
1025
1104
934
902
940
993
1712
1033
952
1130
984
954
984
958
1023
1131
1024
950
916
873
908
926
917
875
954
1174
1168
997
1222
1639
917
938
904
969
1004
1098
1073
1028
967
909
1014
934
1162
971
1049
1135
1111
940
931
939
908
925
897
1024
1023
1125
1045
1239
1127
921
935
947
980
1059
1081
1011
899
948
915
941
938
903
991
932
999
1300
947
992
949
907
1010
968
971
1047
1086
1000
1375
1314
1240
1101
1383
1195
1283
1490
1188
1284
1115
1350
1117
882
1001
1089
927
914
875
1179
883
967
880
937
1095
1334
994
1812
1015
997
905
878
865
980
1161
1284
947
962
1051
1186
979
877
1081
1013
1030
962
883
894
1036
875
895
1162
881
976
1335
867
1406
1376
984
886
874
895
936
980
1183
986
898
1113
901
1120
1005
958
1170
1179
1032
875
926
953
925
876
859
894
19151
7234
1703
1757
2339
4879
1962
2781
5985
1579
2172
2017
2338
1391
3718
2338
1330
3173
950
2812
1717
3149
957
978
962
887
1125
4112
1187
884
965
878
862
949
1380
1762
3706
928
909
971
3707
895
864
875
968
904
875
2403
2253
1002
947
1823
1211
1740
3818
1358
924
914
1031
3158
942
907
904
1051
992
3840
1024
1147
993
994
965
962
1749
878
3094
884
1850
971
947
2335
939
1116
3088
2872
2571
2748
892
881
1214
1995
884
1466
2163
3483
2893
909
950
1242
2689
937
942
882
879
2581
1750
1818
1166
3400
1007
1216
1122
972
3984
924
1160
1010
908
2979
926
954
943
984
4954
1049
1038
1071
980
983
966
1856
2064
2529
922
983
1993
908
2008
945
3204
995
877
993
946
2505
1787
1722
1005
2257
2682
1339
1891
5241
980
1225
912
1066
1016
1000
1735
1154
1376
5120
1065
969
915
1047
1175
1120
1842
1079
2013
1078
3368
1126
946
906
991
944
1744
3240
3054
2522
2418
1966
935
3878
1071
985
1026
963
973
2894
941
1050
1743
988
3665
1184
948
1064
4091
1207
1052
1669
1245
904
2096
1201
1721
4731
942
916
916
941
952
1126
921
2704
1032
1021
2982
1775
1006
2824
3873
4219
2261
1923
1746
1068
1072
966
952
1159
1533
1089
1084
1214
1373
1135
2445
1022
949
939
981
951
1930
1213
1163
943
1105
970
915
1663
956
1322
956
938
914
940
1182
2195
1194
1497
1447
1568
1530
1105
995
988
937
969
936
1451
902
954
1004
1204
1006
975
1843
903
1032
967
896
879
876
921
7798
5845
5419
760
696
670
883
1118
814
1532
639
682
675
626
3097
688
5910
691
3040
795
864
895
1147
648
3243
648
674
760
696
750
667
639
638
3076
702
609
877
724
717
812
4117
651
705
647
664
706
726
681
707
1794
1216
697
1807
618
609
618
607
2100
738
1060
1496
618
608
2209
1377
788
701
1586
3574
1581
1584
1735
1570
18446744073708552887
1822
1168
766
3564
1530
670
654
711
658
635
5010
1232
926
849
1226
973
701
740
1145
695
728
2380
627
641
657
630
1383
2053
766
646
983
3968
643
738
608
732
669
740
647
3274
2254
845
632
4633
716
830
725
709
640
3322
629
715
607
922
1008
2874
2593
1653
1901
1255
681
1800
1118
632
633
719
625
799
823
737
1356
708
763
639
665
669
630
754
648
602
817
959
1182
905
758
618
602
991
617
658
707
1266
624
645
745
937
692
696
978
1134
781
1338
677
692
678
643
823
1130
756
871
695
603
713
702
618
828
615
645
603
677
675
696
721
803
602
658
682
645
603
717
656
1010
603
677
857
944
807
749
850
1343
642
653
664
632
661
614
606
902
819
754
824
606
685
765
609
687
680
604
613
745
735
680
736
776
721
621
679
614
603
707
601
706
639
602
659
650
821
901
1303
903
1463
644
669
605
645
663
632
732
792
792
711
757
651
680
618
697
648
657
745
874
615
604
745
804
832
620
667
614
602
621
602
671
714
669
652
663
692
675
736
806
768
679
796
697
967
1891
685
671
810
798
712
608
738
677
628
760
698
692
634
672
682
621
699
637
778
748
815
726
691
625
634
700
605
632
681
604
649
680
874
739
604
614
1270
893
682
673
614
764
813
792
602
711
964
951
915
821
724
948
625
632
763
623
687
933
960
18908
3960
1082
1244
2435
4587
3484
1455
648
5633
2157
1483
4062
807
759
1811
1382
4094
1835
649
638
648
1677
665
611
706
748
1701
854
1372
3754
661
703
652
606
1427
694
1731
663
739
647
4419
751
881
620
727
795
625
784
731
1363
783
3453
607
1056
1142
626
673
635
625
635
1743
631
695
841
2602
650
691
653
731
4757
668
769
790
604
894
714
606
741
723
715
629
892
781
3128
628
616
604
614
1005
4028
728
606
715
711
606
672
663
604
649
730
703
606
3599
803
605
660
810
733
627
651
706
608
1357
644
2599
745
606
702
613
606
724
1275
757
2792
2280
4025
1224
1282
3758
1049
1123
707
710
2395
799
1794
1204
898
975
955
1040
1121
4831
629
621
704
903
1472
770
864
744
610
4770
714
858
687
1017
724
834
1020
1290
1214
728
607
1054
762
4733
746
609
824
702
781
609
624
688
691
1731
783
871
1958
827
816
3588
1220
797
2754
2234
646
670
955
836
1183
736
2931
706
652
704
744
755
639
4367
635
653
662
692
605
736
705
606
832
2438
1343
1275
716
5571
964
1293
700
2696
634
730
637
670
676
744
4510
904
715
662
623
974
750
720
694
1585
981
1276
605
1209
655
1805
3182
1610
1527
2116
1201
1964
784
5087
1364
762
935
928
827
855
924
1293
743
734
1189
3521
738
1280
796
711
731
971
647
662
649
2348
663
694
604
652
1489
706
610
3065
1051
845
1156
902
3962
823
863
725
997
696
628
635
672
1455
747
2094
662
869
667
3367
657
661
620
745
782
654
720
2733
828
1161
1708
2741
2577
1669
1836
1354
1363
1279
747
602
738
1103
759
603
739
612
832
1165
745
634
653
639
627
769
838
765
4782
431
350
693
435
458
404
376
320
358
470
942
371
321
464
331
337
320
444
319
355
408
319
340
238
3110
4743
262
234
233
234
306
229
2003
238
260
366
288
228
288
226
1269
290
228
187
187
927
713
192
241
191
240
200
191
191
193
1248
192
191
227
192
243
688
230
208
239
236
194
192
241
232
186
185
186
250
190
250
186
185
230
221
185
343
1329
186
185
185
263
185
185
192
187
325
186
423
403
345
199
259
233
192
241
191
313
349
861
579
489
360
384
289
301
245
233
196
212
452
602
193
202
192
277
186
223
231
186
202
292
194
189
518
202
196
206
188
188
1300
188
187
187
206
188
187
278
236
237
297
283
228
217
356
408
451
193
214
262
193
278
203
192
193
336
193
192
191
212
225
193
218
277
186
187
219
187
271
187
284
280
217
447
261
288
186
185
185
263
194
186
234
409
574
559
603
336
244
498
314
919
296
187
186
317
244
192
192
233
234
257
236
236
321
236
236
295
235
235
248
236
273
254
235
236
249
238
237
251
334
247
229
405
268
229
214
214
214
314
184
183
304
287
186
251
389
268
223
519
280
423
291
192
192
192
201
193
225
191
210
192
192
242
193
210
192
250
192
192
256
240
243
194
193
192
192
202
194
300
222
210
192
193
201
192
234
193
239
186
186
271
288
212
370
206
211
455
186
226
274
186
212
232
186
227
192
260
220
241
275
187
186
186
190
185
186
242
186
200
186
231
185
186
185
243
185
202
185
205
185
186
267
186
185
185
284
186
284
290
249
192
312
187
234
231
186
187
185
364
491
261
186
206
272
186
186
186
514
188
185
205
189
186
268
185
205
187
239
185
211
376
226
192
355
271
186
188
188
203
361
402
231
186
185
185
230
186
186
186
241
185
186
200
231
184
211
185
201
184
185
272
186
185
184
299
365
553
193
217
204
254
187
231
185
185
186
231
185
185
186
263
230
189
280
186
185
205
186
186
186
242
186
186
187
233
186
223
186
201
211
221
254
208
187
256
199
186
187
250
186
215
195
185
185
186
230
202
185
186
194
185
185
184
231
186
354
346
203
186
238
188
186
186
262
244
311
268
208
240
237
186
186
185
244
412
403
484
189
186
187
220
186
185
185
333
186
185
195
185
185
185
195
186
185
186
304
186
185
185
223
185
185
272
325
330
186
185
203
230
186
4616
4703
212
211
210
210
209
202
292
187
260
527
187
187
357
325
350
202
185
302
186
185
478
367
213
219
364
260
191
246
284
303
388
394
190
265
191
191
210
193
207
192
282
192
202
185
188
186
185
251
186
185
185
307
185
246
258
199
184
250
194
251
186
236
186
185
304
198
185
228
200
217
186
244
186
186
185
280
315
258
187
185
204
295
187
362
239
186
241
210
274
227
217
184
204
283
186
214
186
187
185
186
194
186
185
185
195
186
186
185
209
185
216
186
249
185
184
185
195
185
186
185
302
344
237
192
282
185
185
186
281
327
356
537
449
241
185
275
185
185
241
186
186
186
230
186
185
185
280
186
219
186
217
234
185
237
222
185
299
192
310
229
199
201
186
279
185
399
205
186
186
241
186
186
186
242
185
185
202
231
185
220
185
187
186
185
277
186
186
185
341
379
311
235
224
187
205
187
186
298
266
271
195
185
185
185
212
186
218
185
234
185
186
184
196
186
185
185
320
186
186
196
187
214
187
301
368
186
207
285
287
186
187
186
205
378
469
436
186
186
240
187
185
186
285
186
186
443
343
186
204
186
186
194
201
186
187
232
210
221
207
208
224
215
232
187
238
186
231
186
186
186
187
185
185
185
188
185
189
186
187
185
186
232
185
185
186
193
186
185
185
248
186
215
186
281
239
186
294
186
186
184
209
310
18446744073708551980
185
185
186
220
251
186
238
189
186
187
240
187
191
234
186
220
186
270
185
190
266
199
204
187
329
231
356
426
202
186
185
20152
191
187
1207
190
247
201
216
187
615
421
1235
454
635
2373
674
868
191
187
191
187
186
291
187
186
256
193
844
843
1795
187
197
187
186
185
186
187
186
367
230
186
185
186
213
357
233
417
1069
1584
187
185
231
186
187
186
215
222
187
279
222
185
255
1964
188
188
186
188
187
188
186
218
222
185
190
195
187
186
185
421
200
274
186
186
197
187
186
208
186
185
269
199
186
186
232
186
186
186
306
186
186
4508
516
186
185
195
187
185
192
215
191
192
192
201
192
223
191
194
192
192
201
197
191
253
206
239
192
197
210
187
189
186
189
195
199
185
185
277
185
209
185
250
394
323
193
267
187
186
185
231
186
185
186
282
202
186
206
198
235
185
255
245
186
187
281
186
187
319
488
302
261
193
282
205
192
279
201
193
192
191
278
205
272
265
219
193
217
207
227
191
245
221
186
186
185
231
185
214
185
186
465
498
781
370
287
529
421
221
188
186
230
289
205
284
237
230
295
225
206
962
776
188
273
203
192
223
204
4040
276
220
252
193
203
194
212
194
206
192
193
192
203
194
238
188
187
185
186
230
242
322
268
245
186
234
185
226
187
187
185
185
242
191
253
1170
190
245
187
2282
293
186
185
185
240
405
389
380
653
188
187
189
186
1238
235
188
200
187
270
369
320
247
279
369
8