18446744073708992325
1812
1462
1996
2734
5758
2103
3817
1680
5703
1389
1752
5169
1381
1542
1623
1533
1801
5038
1956
1551
2217
1470
1971
5162
3730
3066
4282
4616
1966
4124
3607
3572
1424
1359
1348
18283
2889
1449
2409
6943
1975
2046
1535
1542
5781
2257
1438
1397
1818
3493
1389
1330
1472
2984
8541
3239
3517
1512
1481
1378
1550
1806
1509
1421
1440
1508
1543
1603
1636
1388
1535
1431
1793
2096
1707
2471
1409
1376
1529
1587
1557
1602
1510
1528
11648
3029
3171
2482
1799
2972
1836
1393
1406
1696
1710
1649
1345
1325
1436
1325
1372
1758
1531
1963
1546
1387
1425
1558
1627
1382
1387
1396
1597
1329
1771
1633
1429
1400
1496
1462
1690
1576
2156
1684
1423
1540
1390
1408
1466
1508
1394
1386
1365
1395
1730
1444
1495
1449
1513
1331
1679
1497
2333
1436
1439
1418
1482
10207
4633
1814
5286
2887
1508
2160
2039
1787
1372
1529
1414
1439
1448
1432
1624
1326
1324
1494
1441
1492
1962
1520
2196
1802
1464
1545
1684
1855
1521
1633
1818
1828
1597
1448
1405
1371
1610
1437
1481
1574
1547
1886
1434
1439
1491
1513
1442
1547
1372
1329
1415
1600
1934
1380
1360
1432
1386
1460
1878
2026
1713
1410
1576
1421
10529
4810
2881
1831
3813
2120
1510
1544
1551
1591
1417
1468
1413
1323
1428
1514
1632
1544
1427
1386
1805
1376
1889
1548
2324
1360
1530
1425
1766
1598
1614
1548
1632
1376
1659
1369
1346
1363
1370
1352
1444
1726
1631
2329
1496
1373
1514
1483
1620
1465
1416
1480
1590
1546
1732
1597
1337
1564
1459
1430
1820
1427
2464
1411
1436
11237
4175
2444
3385
3131
1914
1734
1475
1723
2116
8366
1603
1594
1520
2722
1430
3172
2977
1351
2478
1451
3666
1550
1410
4616
1375
1483
1366
5510
4381
1861
1433
1524
1699
1804
1650
1595
1826
1531
1697
1445
1490
1468
1563
1403
1974
1714
2509
1424
11493
4619
2707
1865
2855
1730
2137
1569
1482
1412
1483
1428
1423
1433
1465
1372
1546
1484
1775
1678
1415
1374
1335
1390
1766
1387
2123
1361
1745
1546
1495
1741
1375
1329
1387
1404
1513
1752
1395
1644
1468
1573
1513
1808
1608
2245
1423
1348
1516
1473
1966
1433
1364
1499
1331
1479
1661
1484
1383
1517
1417
1913
1996
1597
2185
11449
2475
5073
2178
1839
2097
2394
2426
1428
1378
1330
1559
1575
1450
1410
1476
1547
1544
1721
12608
2097
2567
1796
1914
1603
1428
1551
1741
1551
1880
1596
1574
1415
1470
1432
1743
1563
2294
1502
1684
1517
1542
1383
1399
1392
1403
1488
1779
1570
1539
1663
1796
1442
1629
1676
12470
2277
3423
3245
1713
2289
2692
18446744073708553677
2458
1389
1541
1332
1397
1590
1488
1652
1385
1408
1425
1508
1746
1530
1413
1401
1373
1836
1935
2412
1475
1429
1460
1554
1591
1606
1369
1380
1614
1600
1784
1345
1349
1454
1366
1636
1395
1774
1801
2415
1452
1421
1448
1485
1432
1382
1409
1324
1436
1535
2215
1568
1339
1366
1372
1328
1692
12492
3238
2582
2738
3108
1396
1449
1553
1644
1685
2063
1535
1477
1464
1757
1469
1405
1403
1377
3690
1802
1483
1338
1379
1672
1540
1852
1884
1866
1376
1464
1443
1589
1689
1621
1557
1466
1414
1500
1578
1405
1442
1437
1572
1441
1618
1667
1585
1444
1450
1506
1384
1571
1407
1441
1433
1489
1618
1634
1787
1442
1408
1384
1488
11384
4934
1977
4084
2912
1888
1815
1869
1855
1655
2189
1519
1775
1500
2268
7405
2876
1391
1615
2800
1370
2360
3439
1463
1429
4657
1420
1378
1440
1379
2306
3754
1403
1411
1698
3472
2568
1946
5431
3828
1591
1474
1537
1831
1439
1371
1385
1329
1374
11897
2901
3977
2344
3938
1344
2148
1668
1698
1779
2331
1436
1380
1466
1517
1502
1507
1437
1490
1484
1488
1937
1508
1441
1445
1422
1420
1639
1438
2395
1362
1779
1556
1454
1993
2321
1947
1405
1528
1423
1373
1771
1426
1395
1414
1412
1490
1487
1453
1443
1409
1491
2502
1947
2007
1529
1735
1740
1557
1518
1370
1426
1669
1730
1805
1787
15336
2612
2255
2262
1633
1367
1803
1765
2208
1481
1414
1368
1512
1376
1418
1489
1454
1525
1659
2003
1566
1435
1475
1437
1412
1733
1507
2534
1396
1355
1407
1486
1789
1671
1400
1442
1366
1473
2313
1530
1445
1531
1385
1601
1616
2050
1900
1384
1688
1362
1635
1452
1464
1431
1530
1440
1456
1670
1686
1673
1574
1391
1411
12135
4342
3517
2069
2834
1952
1839
1804
1735
2036
1988
1637
1391
1441
1469
1391
1687
1888
1838
1817
2007
1646
1522
1543
1395
1454
2385
2026
1725
1362
1396
1545
1676
1516
1409
1601
1599
1456
1689
1389
1401
1440
1454
1428
1578
1952
2383
1506
1494
1414
1443
1550
1407
1481
1402
1375
1528
1707
1874
1393
1452
1514
12296
2587
3810
2646
3253
2480
2268
1932
1565
1846
1641
1994
1545
1403
1442
1946
1799
1409
1465
1323
1428
1384
1718
1440
1463
1430
1728
1841
1655
2206
1612
1389
1426
1443
1563
1456
1556
1411
1630
1330
1617
1495
1368
1408
1370
1322
1355
1802
1658
2336
1435
1431
1372
1523
1575
1416
1402
1411
1603
1522
1716
1509
1390
1393
1506
13620
1619
3754
2571
3066
2235
1883
1905
1647
1557
1683
2458
1576
1756
1442
1553
7357
1563
1704
4864
1439
1556
1648
1477
2761
2880
1424
3475
1494
1416
2570
1482
3283
1492
1564
16552
3895
3170
2479
1555
1765
11412
3141
4176
3212
3369
1785
2467
2349
1591
1777
1872
2365
1461
1530
1582
1585
1490
1455
1372
1365
1534
1743
1790
1584
1326
1373
1365
1502
1739
1412
2350
1644
1563
1598
18446744073708553182
1503
1389
1380
1468
1421
1525
1461
1341
1685
1470
1354
1465
1573
1695
2004
1510
1421
1398
2006
1571
1725
1584
1424
1447
1528
1618
1400
1338
14357
3690
1679
2405
2717
2113
1445
1464
1383
1327
1351
1675
2061
2388
1408
1384
1462
1734
1524
1341
1406
1527
1612
1622
1619
1679
1443
1352
1551
1396
1796
1741
1424
2572
1477
1367
1482
1683
1519
1507
1412
1382
1727
1939
1399
1525
1516
1328
1406
1487
2278
1568
2234
1717
1402
1584
1387
1502
1450
1446
1373
1480
1679
1415
1603
11421
2396
5040
2215
3049
3105
1838
1391
1427
1699
1575
1867
1912
1946
1513
1423
1432
1510
1481
1592
1482
1507
1430
1562
1804
1334
1413
1449
1323
1367
1867
1574
2498
1420
1473
1391
1465
1865
1368
1473
1531
1476
1571
1670
1430
1369
1422
1479
1421
1702
1659
2205
1481
1433
1466
1392
1456
1412
1418
1483
1379
1571
1589
1749
1512
10886
2794
4708
1381
3573
3370
1903
2316
2158
2022
1941
1699
2388
1477
1465
1523
1828
1463
1327
1431
1462
1503
1453
1738
1474
1343
1469
1628
1512
1765
1507
2429
1370
1354
1436
1447
1735
1714
1762
1534
1583
1643
1419
1425
1426
1724
1437
1439
1718
1699
2355
1418
1382
1460
1452
1409
1402
1445
1536
1344
1588
1678
1515
1336
1556
1387
1486
12113
2095
4729
1874
2615
2188
1737
1879
1703
2033
1835
2190
1820
1936
1603
2262
9214
1562
1448
1652
1362
2753
3955
1434
1424
1457
3388
1337
1453
5388
1356
1348
1472
1649
1502
2671
5943
3444
1625
1503
1413
1399
1596
1672
1752
1400
1418
1483
1360
12318
3385
4606
1647
3516
1741
1916
1757
1545
1703
2034
1893
1466
1480
1556
1422
1439
1414
1410
1366
1417
1696
1843
1508
1328
1385
1430
1491
1650
1461
2247
1429
1631
1448
1471
1684
1421
1372
1521
1519
1384
1735
1463
1729
1640
1379
1457
1682
1710
2247
1412
1505
1366
1988
1605
1440
1419
1343
1505
1388
1640
1540
1335
1339
1548
11969
3478
2226
4958
1593
2174
1956
1582
1386
1620
1825
1955
2280
1822
1783
2091
1902
1723
1977
1788
1617
1745
1336
1371
1401
1564
1486
1718
1696
2026
1418
1443
1449
1486
1639
1383
1389
1439
1337
1348
1902
1620
1512
1392
1539
1453
1612
1675
2495
1503
1650
1461
1501
1632
1503
1386
1346
1423
1505
1513
1683
1694
1551
1408
1470
14189
2613
2862
2057
2973
1718
1745
1521
1622
1731
2255
1474
1444
1442
1692
1687
1636
1479
1642
1428
1395
1565
1654
1377
1348
1398
1354
1626
1703
2212
1540
1350
1534
1627
1653
1522
1450
1452
1562
1516
1786
1530
1540
1418
1327
1410
1478
1911
2423
1480
1402
1415
1465
1570
1498
1540
1426
1558
1420
1897
1711
1400
1329
1462
13178
2868
14763
3388
4065
1536
1418
1464
1799
1484
1623
1505
1498
1866
1710
1597
1416
1369
1697
1350
1514
1722
1809
2052
1443
1351
1832
1631
1764
1349
1619
1386
1515
1751
1429
1470
1465
1388
1403
1609
1703
2251
1501
1438
1416
1410
1603
1481
1372
1372
1501
1661
1573
18446744073708553372
1352
13567
1408
1447
4486
4511
2178
2040
1713
1820
1426
2081
2105
2201
1808
1606
1381
1575
1412
1938
9319
1543
1643
1623
1430
5437
1341
1413
1440
1867
5249
1507
1403
1748
1593
1900
3055
1473
5493
3713
2132
1721
1653
1457
1378
1525
1513
1692
1639
13646
2813
3442
2529
3986
2980
2901
2072
1570
2082
2306
2135
1803
1723
1660
1596
1555
1523
1695
1520
1788
1818
1508
1452
1452
1416
2005
2091
2384
1716
1547
1500
1713
1561
1755
1634
1553
1527
1785
1635
1996
1858
1701
1716
1768
2097
2050
1690
1429
1913
1781
1449
1717
1739
1730
1942
1758
14726
2664
3747
1811
4814
2272
2327
2116
2151
2188
1676
1778
1576
1755
1826
1618
1835
1720
1878
1566
1927
1908
1694
1827
1654
1597
1549
2015
1995
2097
1561
1751
1924
1564
1844
1679
1597
1736
1595
1693
1756
1516
1438
1862
1690
2038
2033
1707
1888
1668
1735
1560
1825
1677
1808
1946
13905
3184
3120
4244
1918
3156
2869
2263
2353
2147
1967
1854
1734
1627
1752
1950
1754
1485
1877
1625
1794
1661
1491
1711
1548
1540
1780
1713
1608
1537
2027
1654
2500
2107
1760
1789
2225
1718
1956
1650
1684
2537
2472
2395
1738
1421
1644
1708
2322
1724
1473
1446
1523
1743
1653
1443
1399
11555
4804
1616
3385
1945
1934
1578
1800
1605
1327
1365
1714
1675
2223
1522
1396
1470
1686
1493
1501
1477
1360
1460
1495
1462
1817
1419
1488
1588
1539
1839
1435
2325
1444
1422
1435
1505
1644
1673
1484
1474
1453
1417
1605
1409
1425
1349
1407
1385
1593
1736
2002
1517
1387
1364
1319
1668
1572
1350
1451
1497
1486
1604
1577
13445
3274
2902
5441
1782
2152
1716
1393
1437
1411
1364
1414
1689
1919
2271
1770
1375
1438
1639
1575
1815
8967
1569
1493
1329
2186
4411
1346
1466
1613
4014
1713
5289
1906
1496
1397
1541
2091
3897
2313
1526
1828
5506
3484
1478
10907
6317
2146
2652
3454
2055
2622
2294
1786
1425
1411
1418
1373
1387
1772
2069
1922
1445
1369
1424
1526
1434
1396
1413
1514
1419
1753
1794
1479
1527
1439
1328
1393
1850
1542
2237
1656
1350
1425
1420
1734
1332
1456
1362
1412
1403
1570
1430
1741
1622
1509
1541
1660
1693
2467
1446
1431
1323
1947
1507
1343
1352
1448
1448
1457
12292
3978
2758
3904
2238
2092
1616
1472
1628
1459
1616
1366
1396
1438
1835
1742
2352
1421
1331
1378
1461
1456
1480
1408
1553
1479
1560
3327
10195
2476
2520
1735
1735
1706
1487
1657
1398
1384
1763
1525
1403
1453
1411
1459
1457
1601
1899
2153
1760
1466
1448
1463
1420
1421
1434
1385
1641
13916
2839
2643
3745
1860
1744
2132
1785
2336
1333
1376
1345
1620
1601
1563
18446744073708553196
2234
1597
1499
1371
1471
1466
1687
1449
1537
1404
1581
1595
1690
1658
1531
1453
1554
1783
1513
2421
1424
1461
1390
1377
1558
1398
1378
1520
1570
1509
1480
1455
1327
1408
1335
1446
1542
1631
1978
1594
1493
1402
1627
1387
1593
1360
1459
1415
1337
13336
2718
3091
2287
3143
1790
1647
1412
1472
1589
1562
1594
1437
1418
1425
1434
1790
1553
2395
1509
1379
1454
1897
1480
1376
1415
1341
1535
1437
1716
1372
1342
1601
1818
1695
1887
1674
2053
1377
1385
1491
1454
1627
1722
1481
1391
1329
1402
1632
1374
1350
1418
1382
1525
1540
1862
1491
1921
1872
1439
1511
1693
1516
1439
1489
11219
4458
3644
2890
1975
2097
1709
1486
1438
1395
1755
1601
1379
1393
1408
1336
1422
1754
1714
2263
1876
1409
1421
1471
1526
1394
1900
7547
1924
2438
3548
1430
1525
4772
1951
1774
1340
1419
2205
3891
1339
1425
1353
3137
1482
5512
3412
2474
1710
11308
2556
4708
4521
1453
1990
2019
1915
1371
1754
1599
2190
1738
1347
1381
1371
1346
1405
1702
1789
2372
1503
1403
1387
1645
1506
1395
1608
1324
1483
1625
1934
1534
1426
1371
1327
1436
1805
1497
2339
1757
1361
1380
1474
1898
1423
1338
1439
1329
1389
1658
1533
1588
1406
1467
1459
1802
1609
2445
1363
1416
1400
1784
1812
1697
12953
3707
3305
3446
5163
1431
2367
1996
2181
2347
1937
1777
1507
2059
1855
2598
1492
1391
1561
1578
1560
1383
1457
1744
1577
1923
1954
1835
1572
1461
1411
1405
1470
1712
1434
1601
1382
1682
2152
1836
1658
1566
1471
1750
1692
1472
1537
1382
1386
1478
1527
1669
1730
1562
1591
1517
1373
1422
1464
1411
1420
1504
1417
1616
11716
3696
3280
3182
3270
2268
1930
2994
1937
1878
1660
1595
1934
1842
2384
1506
1437
1859
1657
1601
1717
1463
1771
1671
2111
1782
1558
1420
1508
2112
1676
1559
1673
1681
1416
1401
1689
1669
1434
1569
1555
1826
1930
1777
1551
1804
1643
2056
2049
2010
1479
1621
1638
1642
1889
1544
1818
1416
1673
1839
1583
1660
1644
14044
2165
3053
3425
2407
2342
2210
1634
1519
1774
1890
1997
1460
1377
1646
1660
1495
1413
1329
1462
1389
1461
1457
1559
1332
1592
2120
2096
1952
2615
1713
1765
1952
1935
1787
1429
1372
1413
1359
1658
1469
1328
1694
1712
1923
2376
2691
1771
1679
1726
1494
1635
1343
1520
1597
1399
1447
1775
1563
1332
13606
1507
3353
3916
1707
2338
1846
1364
1581
1398
1484
1454
1727
2221
1611
1549
1460
1387
1683
1497
1457
1854
6190
4569
1343
1411
1684
3128
1553
2142
4174
1407
1395
1360
3480
1443
1373
1362
3931
12871
4724
2662
1618
2028
1553
1542
12987
2062
6129
2636
3331
1434
2319
2114
1929
1665
2545
1500
1371
1462
1476
1505
1361
1412
1435
1358
1807
1854
1649
1372
1328
1414
1386
1497
1791
1789
2062
1529
1599
1500
18446744073708553397
1550
1444
1486
1322
1450
1587
1607
1412
1428
1352
1383
1386
1825
1670
2063
1386
1441
1713
1679
1589
1432
1444
1410
1508
1539
1659
1380
1402
1909
13233
3988
1942
3490
2138
1628
1343
1527
1327
1832
2071
2601
1764
1362
1366
1429
1596
1502
1427
1513
1386
1608
1642
1836
1388
1398
1372
1348
1447
1854
1825
2208
1392
1562
1400
1651
1659
1490
1490
1480
1629
1832
1794
1466
1425
1323
1393
1390
1781
1725
1965
1691
1427
4184
1478
1400
1516
1459
1590
1769
1766
11311
2320
4424
4071
1933
1986
2984
1463
2246
1635
1610
1943
1696
1982
1348
1439
1580
1630
1776
1552
1470
1461
1587
1516
1744
1327
1323
1430
1428
1819
1840
2024
1762
1421
1365
1356
1767
1736
1432
1602
1442
1573
1683
1757
1486
1366
1329
1439
1447
1989
2023
1869
1385
1329
1485
1600
1554
1407
1390
1364
1389
1752
1948
1478
14817
1465
2482
4107
1969
1878
1561
1665
1641
1414
1345
1489
1929
1477
2291
1445
1379
1779
1598
1570
1481
1448
1471
1479
1475
1667
1717
1399
1762
1605
1547
1967
2213
1472
1407
1401
1520
1622
1928
1762
1445
1460
1545
1683
1472
1398
1736
1322
1609
1935
1616
2525
1397
1411
1357
1561
1648
1384
1499
1526
10689
4513
3011
3051
2003
2058
1424
1329
1384
1479
2208
2105
2249
1864
11767
11921
7567
1218
2001
4383
1304
1328
1635
3547
1369
1331
5250
1433
1495
1425
1615
1480
5831
1421
1513
1419
1715
2678
1426
16416
8256
1769
2377
2870
2582
2333
2240
1613
1350
1367
1488
1716
2435
1984
1533
1414
1471
1486
1501
1424
1449
1366
1572
1623
1792
1576
1420
1379
1571
1361
1732
1568
2373
1587
1408
1454
1436
1605
1376
1415
1459
1470
1419
1681
1631
1710
1448
1369
1503
1472
1728
2420
1581
1532
1591
1678
1666
1529
1448
1400
1481
12396
5853
1548
2457
2694
3718
2247
2328
1596
1474
1370
1410
1605
1749
1877
1990
1461
1469
1470
1511
1497
1373
1658
1526
1483
1682
1758
1398
1327
1337
1405
1640
1575
1854
2286
1401
1411
1458
1549
1900
1464
1484
1393
1410
1748
1614
1395
1405
1486
1499
1405
1823
1615
2343
1746
1399
1437
1611
1662
1533
1448
1524
14834
2893
2246
2927
2459
2437
2138
1586
1619
1516
2123
1536
1485
1489
1442
1917
2305
1440
1441
1324
1436
1520
1833
1586
1501
1462
1392
1594
1799
1432
1391
1388
1335
1747
1807
2034
1741
1440
1510
1501
1700
1690
1430
1630
1582
1548
1526
1470
1323
1366
1337
1324
1497
1621
2051
1900
1499
1483
1477
1569
1579
1553
1455
12230
2862
4421
2256
2430
2841
12990
2091
1669
1619
1849
1914
1568
1468
1601
1596
1507
1578
1492
1528
1441
1488
1827
1468
1407
1644
1354
1422
1711
1604
2330
1449
1389
1739
1438
1974
1617
1491
1536
1585
1567
1561
1401
1400
1412
1505
1592
2021
1800
2033
1471
1364
1619
1482
18446744073708565049
2079
1356
2755
1647
4042
1471
1414
1608
1853
1504
1450
1579
1646
1878
1638
1357
1439
1436
1495
1425
1878
1972
2298
1545
1364
1392
1470
1437
1418
1467
1353
1933
6471
5439
1947
1959
1393
2029
4009
1446
1579
1381
3238
1542
2422
1618
4016
1862
2092
2721
1374
5175
13834
4331
4872
2954
1937
2259
1739
1741
1404
1693
1658
1430
1516
1342
1426
1544
1448
1858
2840
1468
1405
1416
1439
1459
1390
1416
1358
1535
1492
1837
1680
1389
1448
1410
1456
1625
1578
2203
1776
1381
1447
1427
1541
1542
1375
1466
1389
1329
1606
1747
1415
1693
1482
1475
1531
1881
1855
2041
11055
2539
1573
3300
3060
1519
1698
1624
2079
1619
1384
1410
1409
1564
1822
1383
1454
1446
1396
1534
1503
1328
1359
1322
1385
1598
1785
1572
2444
1512
1361
1443
1482
1677
1439
1583
1435
1481
1413
1572
1691
1419
1375
1437
1572
1565
1704
1880
1824
1425
1476
1424
1541
1454
1381
1479
1374
1587
1579
1693
1453
1556
1451
1426
1490
1754
1739
2305
11015
3453
4438
2181
1906
2547
1887
2209
1495
1472
1646
1675
1590
1330
1521
1364
1375
1409
1575
1331
1411
1666
1441
1443
1557
1695
2286
2078
1500
1480
1566
1943
1498
1394
1401
1369
1491
1744
1348
1331
1373
1351
2016
2054
1557
2701
1529
2031
2885
3100
1644
1512
1411
1559
1411
1438
1454
12711
2805
2687
3778
1758
1603
1759
1414
1374
1591
1334
1507
1488
2227
1779
1476
1372
1471
1618
1591
1387
1486
1439
1612
1467
1813
1515
1444
1436
1385
1417
1744
2022
2051
1478
1536
1536
1587
1510
1388
1444
1475
1394
1443
1685
1428
1470
1697
1583
1496
1696
1496
2128
1416
1395
1593
1509
1970
1629
1479
1440
1712
1537
1555
1364
12557
1925
4780
1422
3046
2204
2808
2031
1901
1725
1479
2091
1730
2208
1465
1371
1549
1612
1541
1472
1471
1497
1626
1650
1660
1368
1577
1326
1425
1488
1846
1628
2226
1442
1486
1370
1467
1396
1420
1409
1474
1379
7063
5213
1534
2253
1353
1440
1881
4996
1346
1463
1532
1733
14585
2576
7195
2079
3166
2126
1535
2804
5228
3925
1450
1421
1460
1701
1524
1408
1901
1439
1528
1665
1548
1490
1459
1364
1327
1493
1907
2741
2243
1386
1480
1527
1369
1406
1504
1440
1446
1653
1948
1633
1375
1412
1411
1445
1777
1575
1940
1738
1374
1412
1503
1644
1610
1322
1512
1400
1543
13223
5217
2329
2238
1896
1611
1415
1412
1560
1622
1507
1668
1522
1565
1431
1949
1541
2108
1362
1343
1387
1550
2108
1331
1841
1564
1375
1574
1449
1510
1367
1746
1621
1553
1912
2296
1350
1404
1362
1647
1535
1577
1357
1671
1422
1376
10454
1384
1409
1674
1635
1499
1518
1432
11943
3890
4032
2672
2062
1964
1684
1366
1549
1680
1700
1561
1559
1745
1645
1578
1804
1977
1454
1330
1561
1823
1734
1510
1376
1331
1360
1417
1444
1504
1449
1734
1536
1472
1578
1645
18446744073708553336
2212
1392
1412
1381
1440
1696
1372
1418
1351
1431
1405
1733
1665
1432
1344
1357
1714
1650
1671
2165
1571
1406
1504
1492
1634
1535
10294
3075
5148
4003
1946
1853
1713
1456
1388
1418
1326
1764
1519
1792
1419
1364
1416
1391
1512
1687
1468
2722
1447
1488
1449
1452
1655
1428
1365
1427
1368
1321
1604
1764
1397
1499
1399
1555
1535
1769
1768
2198
1426
1649
1510
1590
1443
1431
1363
1328
1545
1428
1762
1400
1721
1400
1472
1600
1569
2315
3809
1488
1466
13304
2318
4109
2354
2753
1879
2010
2051
1647
1471
1516
1432
1562
1493
1678
1429
1421
1369
1525
1434
1773
1605
2200
1740
1818
1825
2076
1843
1755
1672
1591
1623
1540
1329
1447
1401
1375
1618
2276
2633
1962
1806
1841
1873
1757
1399
1475
1347
1957
6317
5338
2223
1627
1473
13369
3060
4650
4797
2578
1882
1909
5052
1430
1409
1537
3009
1385
3438
5024
4086
1377
1488
1488
1674
1558
1793
1621
1471
1382
1672
1410
1370
1368
1371
1447
1456
1882
2264
1723
1444
1508
1520
1546
1625
1494
1475
1761
1498
1647
1423
1401
1562
1360
1341
1450
1725
11156
2941
2607
4519
1853
1916
1951
1656
1759
1907
1955
1447
1505
1510
1573
1326
1470
1749
1627
1529
1762
2023
1861
2014
1596
2041
1439
1398
2127
1427
1479
1544
1590
1630
1372
1752
1410
1860
1738
1366
1380
1358
1325
1752
1829
1607
2309
1476
1327
1362
1543
1484
1448
1677
1430
1661
1494
1755
1489
1394
1411
1380
1326
1425
1956
10382
4197
2857
3992
2301
2247
1804
2017
1655
2236
1468
1372
1425
1433
1454
1399
1471
1384
1476
1519
1765
1890
1771
1812
1671
2118
1534
2197
1437
1635
1898
1463
1735
1370
1442
1461
1497
1518
1664
1418
2384
1388
1425
1524
1736
2269
1557
1434
1496
1441
1829
1493
1517
1461
1542
1690
1599
1684
1403
1584
1438
1645
2144
1591
2314
11657
3850
3952
2440
2476
2407
3122
1792
1458
1369
1799
1563
1347
1545
1369
1768
1758
1728
1435
1495
1404
1411
1567
1755
1907
2008
1402
1477
1398
1569
1391
1432
1374
1505
1327
1668
1809
1355
1480
1419
1469
1454
1661
1544
2338
1459
1401
1550
1486
1449
1377
1416
1475
1406
1633
1448
1755
1394
1667
1620
1376
1695
1562
2351
1597
11683
4123
2641
2823
2269
2433
2187
1716
1451
1366
1432
1432
1505
1419
1507
1425
1411
1450
1735
1381
1442
1400
1458
1318
1659
1674
1473
2207
1526
1560
1444
1630
1407
1505
1402
1473
1374
1508
1370
1430
1409
1379
1330
1447
1689
1783
2127
1620
1413
1377
1572
1514
1428
1400
1387
1358
1548
2414
9102
1693
12003
2573
4671
3637
3651
2303
12836
1532
2483
4305
1884
1672
1863
1446
4727
1511
1377
1452
1607
2599
4975
3423
2201
1408
1327
1417
1776
1690
1645
2426
1594
1624
1474
1561
1454
1387
1383
1401
2117
1684
1792
1397
1495
1487
1324
1678
10064
18446744073708555206
3912
2446
2942
1452
1379
1429
1415
1919
1696
2182
1399
2726
1740
1452
1563
1392
1453
1494
1504
1497
1736
1469
1657
1607
1508
1439
1809
1983
1848
1483
1492
1659
1969
1389
1516
1513
1334
1415
1772
1392
1427
1358
1402
1574
1648
1850
2111
1633
1411
1450
1445
1593
1473
1687
1386
1536
1478
1860
1570
1332
1409
1405
1338
1503
1802
2168
1659
1337
1427
1485
1667
1639
1417
1441
1732
11067
5619
2525
2674
2018
1654
1493
1485
1475
1614
1720
1717
1694
1343
1522
1406
1620
1730
2337
1527
1618
1613
1683
1722
1431
1453
1369
1525
1481
1711
1367
1360
1715
1378
1513
1717
1603
2326
1431
1461
1597
1601
1662
1370
1506
1449
1385
1456
1648
1693
1493
1365
1476
1657
1837
1528
2019
1382
1341
1331
1495
1719
1458
1663
1584
11560
5429
2975
1794
2846
2310
1636
1456
1636
1516
1746
1491
1471
1328
1523
1359
1453
1736
2192
1659
1379
1488
1470
1728
1587
1407
1624
1413
1483
1906
1592
1426
1400
1450
1450
1470
1899
2040
1580
1440
1766
1510
1512
1387
1504
1363
1378
1401
1555
1629
1522
1624
1703
1651
1631
1652
2228
1448
1334
1454
1439
2030
1581
1362
1355
12550
6332
1510
1964
2384
1758
1532
1534
1409
1467
1472
1693
1562
1363
1421
1402
1425
1824
1717
2324
1334
1334
1453
1575
1814
1559
1323
1517
1584
1401
1674
1449
1400
1431
1687
1862
1789
1791
2386
1588
1765
1698
1709
1462
1478
1396
1469
1477
1625
6440
3600
1643
2932
1397
3498
1735
11826
8489
4010
2896
2157
1697
1437
4832
1705
1508
1376
1409
5974
4189
2021
1495
1460
1661
1540
1819
1580
1332
1590
1617
1394
1541
1366
1375
1541
2205
1971
2247
1377
1330
1396
1523
1479
1580
1400
1330
1812
1837
1829
1404
1480
1338
1408
1434
1799
1870
2389
1472
1548
1505
1852
1495
1452
12903
2430
3494
4464
2002
1937
2002
1971
1508
1446
1474
1561
1408
1539
1562
1409
1557
1797
1715
2223
1411
1452
1462
1855
1492
1380
1386
1370
1515
1429
1523
1497
1710
1343
1722
1534
2128
1813
1924
1463
1372
1486
1519
1504
1657
1440
1468
1419
1668
1753
1402
1334
1476
1399
1547
1822
1413
2095
1514
1366
1503
1597
1696
12091
2408
2743
5531
1510
1969
2204
1790
1472
1418
1446
1352
1502
2043
1409
1436
1449
1429
1338
1703
1378
2225
1754
1753
1576
1637
1684
1426
1472
1407
1328
1720
1641
1345
1665
1381
1454
1380
1696
1856
2157
1368
1493
1390
1989
1609
1461
1362
1358
1455
1437
1882
1474
1343
1345
1612
1654
1588
1568
2314
1388
1323
1378
10561
4214
3528
1827
3505
2782
1833
1826
1908
1678
1453
1782
1549
1644
1544
1623
1396
1588
1325
1357
1360
1692
1488
2437
1378
1381
1336
1531
4960
8211
2264
1420
1565
1722
1569
2423
1476
1725
1468
1488
1575
1370
1482
1432
1469
1431
1575
1612
1557
1568
1397
1376
1438
1676
1591
2146
1415
11785
3080
3173
2026
4299
3107
1715
1489
1398
1531
1486
1620
1682
1504
1484
1580
1491
18446744073708553296
1337
1377
1413
1465
1483
1975
2258
1504
1324
1433
1432
1592
1696
1454
1473
1590
1516
1892
1482
1580
1492
1538
1370
1757
1800
2563
1397
1410
1375
1487
1470
1379
1466
1363
1457
1360
1732
1759
1994
7734
11833
6718
5479
1928
1805
2798
2699
2695
3504
3453
1371
1377
5097
1446
1536
1641
1426
5561
4075
1732
1598
1475
1764
1495
1360
1400
1781
1530
1427
1494
1343
1499
4295
2322
1390
1335
1328
1559
1548
1342
1360
1462
1834
1659
1854
1478
1400
1469
1435
1593
1787
1465
2635
11072
4730
2865
1911
2626
2243
1991
2418
1425
1546
1367
1556
1547
1479
1365
1461
1362
1618
1644
1416
1581
1481
1508
1380
1740
1494
2362
1507
1437
1450
1730
1662
1416
1379
1475
1364
1462
1622
1406
1521
1412
1744
1740
1794
2026
2302
1362
1399
1332
1692
1723
1670
1398
1420
1459
1404
1710
1354
1435
1344
1417
1439
1659
1640
11837
3654
2413
4164
1980
1942
1725
1837
1829
1745
1401
1424
1364
1455
1448
1376
1500
1469
1404
1416
1624
1791
1481
1390
1500
1332
1446
2186
1852
2186
1881
1476
1572
1444
1458
1403
1518
1330
1425
1662
1473
2325
1607
1450
1470
1621
1809
1815
1525
1448
1367
1627
1410
1382
1434
1427
1443
1548
1768
1396
1326
1372
1567
1340
13646
3232
4538
3142
1521
2599
1836
2512
1812
1415
1508
1364
1552
1789
1772
1429
1482
1713
1628
1503
1686
1442
1370
1392
1428
1358
1773
1789
2279
1439
1403
1489
1502
1686
1438
1396
1431
1383
1535
1874
1432
1415
1400
1555
1431
1600
1516
2211
1366
1707
1365
1517
1687
1356
1461
1375
1406
1502
1392
1793
1744
1545
1429
1467
1483
1726
11234
3973
2644
4477
1367
2594
2367
1915
2351
1396
1449
1369
1480
1517
1447
1520
1601
1322
1612
1628
1516
1330
1369
1332
1438
1397
1769
1576
2269
1367
1427
1426
1595
1691
1446
1497
1802
1457
1743
1551
1427
1394
1401
1322
1592
1726
1654
2185
1481
1448
1432
1479
1533
1411
1480
1486
1429
1476
1936
1527
1949
6212
11855
2109
4107
6833
4077
2770
3099
1838
5324
1869
1565
1449
4710
1383
1534
1582
1559
2104
3773
5331
3174
1719
1619
1443
1487
1691
1418
1543
1385
1493
1427
1761
2185
2309
1416
1370
1390
1459
1517
1450
1422
1404
1622
2233
1860
1471
1452
1422
1379
1527
1752
1633
2098
1436
1337
1487
1591
12624
2482
4995
3161
1975
2329
1786
1933
1332
1365
1412
1335
1366
1517
1818
1697
1381
1723
1379
1528
1592
2296
1599
1490
1356
1563
1765
1595
1420
1336
1516
1372
1574
1473
1435
1413
1606
1863
1923
1480
2389
1402
1497
1417
1484
1667
1384
1645
1409
1458
1427
1516
1725
1509
11069
2413
2067
12305
4422
2562
1839
3469
2925
1815
1758
1585
1521
1521
1476
1438
1684
2093
1846
1536
1480
1528
1421
1815
1879
2134
1594
1573
1757
1721
1373
1381
1363
1468
1364
1600
1501
1522
1459
1480
1384
1592
1613
18446744073708553344
2112
1478
1388
1459
1683
1471
1384
1410
1467
1367
1491
1734
1589
1502
1432
1783
1468
1681
1604
2197
1490
1470
1422
13439
2678
3883
2865
3561
1983
1848
2033
1716
1405
1381
1633
1491
1803
1706
1502
1327
1420
1330
1401
1788
1515
2171
1422
1371
1581
1449
1619
1525
1379
1460
1444
1495
1831
1478
1508
1448
1325
1552
1564
1646
2022
1587
1603
1619
1478
1457
1479
1451
1359
1388
1360
1509
1656
1624
1445
1386
1361
1410
1732
1611
2197
1464
11528
2364
3492
3691
2425
2320
3176
1873
1880
1727
1576
1643
1409
1433
1345
1474
1727
1474
1547
1341
1473
1523
1835
1472
2359
1530
1370
1432
1626
1659
1466
1435
1491
1603
1592
1582
1439
1426
1496
1381
1416
1429
1803
1842
1800
1445
1357
1426
1619
1478
1646
1463
1446
1453
1655
1874
1441
1838
5855
14582
4300
2423
3703
1759
6113
1879
1409
1521
5142
1412
1364
1382
1467
1670
1952
4024
1487
1882
5987
3106
1920
1587
1558
1709
1536
1517
1714
1390
1426
1424
1420
1440
1884
2035
2234
1387
1494
1365
1423
1402
1461
1571
1843
1568
1840
1901
1529
1405
1577
1441
1408
1742
13728
3145
2336
3269
1806
1685
1591
1544
1741
2165
1349
1714
1334
1542
1668
1413
1550
1900
1423
1590
2166
1796
2221
1739
1693
1648
1591
2296
1438
1421
1656
1734
1532
1417
1487
1549
1423
1632
1537
1396
1626
1451
1633
1476
1822
1556
2282
1449
1441
1483
1500
1493
1608
1494
1407
1434
1625
1819
1438
1382
1340
1483
1377
13963
3035
2702
4467
2470
2115
1917
2149
2129
1477
1415
1380
1432
1434
1555
1385
1650
1430
1572
1686
1744
1562
1417
1449
1396
1468
1417
1510
1440
1429
1754
1330
1428
1717
1566
1333
1417
1410
1453
1510
1647
1683
1454
2096
1373
1402
1768
2113
1875
1565
1390
1793
1495
1523
1566
1430
1389
1603
1832
1534
1451
1449
14355
2586
3043
3229
2170
1743
1705
1432
1652
1435
1755
1651
2251
1483
1384
1369
1447
1468
1410
1408
1413
1608
1553
1528
1836
1402
1450
1395
1488
1648
1576
2093
1855
1369
1375
1444
1537
1431
1408
1369
1506
1529
1773
1672
1424
1439
1357
1491
1453
1736
1714
2293
1758
1425
1520
1530
1506
1381
1394
1322
1382
1416
1512
1898
1480
10278
4394
3979
2910
2533
2002
1944
1714
1394
1632
1630
1745
1742
2279
1447
1468
1368
1496
1505
1716
1476
1434
1325
1501
1639
1395
1471
1328
1444
1588
1706
1648
2272
1728
1373
1418
1419
1596
1486
1379
1380
1747
1465
1634
1508
1375
1453
1341
1325
1410
1817
1619
1593
1409
1482
1463
1507
1644
1545
1375
1379
1368
1563
1760
1714
1533
1902
17091
4176
5387
1716
7162
10152
3539
2404
5909
2055
1856
1464
1655
1624
2903
1475
5864
3565
1581
1420
1633
1621
1457
1426
1340
1430
1701
2473
1974
1897
1495
1431
1516
1555
1640
1457
1588
1423
1757
1942
1560
1415
1382
1400
1414
1583
9344
18446744073708556762
4085
1958
1445
1561
1396
1371
1343
1433
1780
1759
2125
2696
1664
1741
1481
2043
1425
1362
1440
1505
1595
1751
1638
1567
1367
1661
1510
2485
1386
1388
1332
1826
1969
1529
1412
1537
1404
1588
1683
1409
1424
1515
1643
1469
1706
1675
2294
1486
1410
1422
1501
1502
1635
1602
1549
1359
1626
1762
1416
1323
1366
1383
1324
1544
1821
1705
2205
1420
1467
1459
1662
1535
1447
1612
10471
5222
4358
2279
1850
2083
1604
1502
1359
1421
1776
1760
1562
1654
1598
1398
1352
1788
1704
2185
1755
1336
1507
1716
1519
1535
1432
1531
1422
1671
1485
1735
1552
2177
1375
1852
1711
2312
1466
1387
1538
1538
1570
1508
1457
1476
1367
1529
1701
1509
1332
1520
1547
1547
1791
1478
2417
1425
1408
1370
1566
11283
4817
1954
2966
3431
1804
1367
1417
1635
1600
1484
1541
1635
1831
1664
1493
1362
1543
1332
1386
1428
1887
1735
2049
1417
1396
1393
1378
1602
1485
1369
1467
1403
1590
1878
1534
1383
1413
1450
1374
1616
1550
2486
1417
1643
1417
1593
1567
1367
1372
1575
1521
1500
1681
1658
1476
1528
1537
1341
1487
1693
2195
1496
1348
1343
1645
11814
1999
4922
2762
3627
2163
1671
1472
1510
1625
1463
1406
1340
2334
1849
1577
1398
1565
1466
1529
1530
1477
1478
1411
1429
1520
1484
1586
1659
1456
1420
1554
1509
1542
1552
1423
1841
1496
1498
1527
2019
1917
2491
1513
1660
1573
1374
1493
1543
1408
1633
1965
1606
1698
1481
1510
1634
1524
1695
2007
1885
1706
1335
1602
11280
2962
3749
5654
2158
1907
2482
1941
1966
1635
1333
1529
1452
1641
1411
1485
1859
1354
1570
1743
1799
1683
1472
1365
1636
1440
1806
1502
1438
1402
1372
1424
1581
1330
1346
1363
1518
1457
1828
1666
2269
1707
1419
1475
1687
1563
1375
1359
1753
1377
1628
1708
1415
1337
1650
1370
1371
1562
1684
2146
1435
1501
1388
1483
1527
11361
5785
1704
2615
2625
2125
2010
2010
1724
1547
1413
1469
1419
1613
1908
1594
1407
1458
1446
1376
1924
1785
1626
1486
1391
1746
1635
1628
1434
1428
1470
1417
1575
1581
1418
1696
1815
1515
1540
1625
2329
1665
1596
1403
1491
1491
1636
1458
1418
1406
1407
1546
1751
1554
1471
1407
1494
1767
1499
2242
1458
1487
1414
1470
1643
12482
4280
2656
2856
2686
2075
1811
1576
1446
1475
1417
1513
1801
1648
1828
1421
1441
1427
1450
1657
1705
2087
1731
1574
1449
1497
1647
1508
1370
1466
1416
1454
1482
1797
1643
1423
2029
1519
1782
1471
2210
1423
1363
1661
1872
1630
1399
1549
1362
1469
1414
1668
1382
1521
1641
1565
1638
1857
1726
2082
1519
1377
1454
12548
2848
2149
2241
4746
1887
1429
1412
1466
1623
1428
1482
1685
1451
1696
1582
1715
1417
1367
1699
1410
1751
1557
2369
1454
1371
1386
1486
1509
1469
1464
11498
2051
2234
1586
2304
1588
1492
1358
1592
1775
1366
1642
1418
1449
1437
1655
1943
1645
1422
1453
1325
1691
1575
2318
1414
11731
3066
4768
2192
2283
2194
2303
1357
1448
1571
1474
1768
1690
1673
1377
1366
1632
1659
18446744073708553010
1538
1388
1443
1418
1839
1561
2237
1443
1488
1334
1518
1890
1848
1402
1695
1434
1484
1607
1414
1382
1540
1401
1518
1748
1737
2215
1685
1440
1374
1541
1418
1418
1417
1459
1486
1835
1904
1673
1568
1446
1406
1371
1442
1545
12106
1800
4673
2199
2445
2081
2136
2155
1746
1813
1395
1409
1520
1478
1454
1407
1597
1422
1526
1548
1643
1499
1612
1736
1343
1513
1484
1577
2493
1429
1461
1365
1474
2053
1424
1610
1362
1389
1518
1566
1328
1501
1389
1417
1565
1868
1578
2417
1518
1360
1488
1555
1531
1348
1449
1729
1524
1451
1494
1684
1333
1562
1519
1722
13343
2293
2183
4576
2310
1747
1970
2044
2613
2836
1890
1385
1540
1588
1396
1359
1390
1394
1400
1517
1648
1626
1358
1491
1478
1438
1630
1532
2336
1515
1387
1443
1725
1774
1367
1471
1486
1399
1476
1627
1436
1330
1370
1638
1518
1762
1710
2246
1400
1453
1388
1675
1529
1762
1446
1369
1326
1538
1470
1790
1419
1435
1463
12659
3875
1500
2766
2977
1538
1329
1386
1442
1389
1539
1572
1528
2224
1456
1411
1495
1531
1487
1380
1399
1372
1381
1351
1797
1754
1361
1370
1505
1439
2359
1481
2337
1800
1376
1432
1423
1404
1462
1367
1408
1402
1608
1635
1445
1566
1435
1391
2079
1414
1738
1898
1804
1424
1385
1517
1595
1417
1416
1422
1343
1329
1436
1747
1393
1334
1405
1666
11562
4153
3941
1949
4867
2112
2181
2597
2864
2443
2097
2029
1913
1424
1509
1560
1502
1532
1444
1622
1361
1476
1372
1411
1765
1575
2123
1605
1451
1394
1537
1807
1556
1379
1473
1410
1603
1573
1581
1378
1476
1334
1437
1411
1623
1595
2371
1730
1459
1541
1661
1499
1526
1511
1409
1495
1451
1630
1610
1384
1477
1412
1440
1723
1494
12610
2686
4566
1421
1761
3123
2362
2326
2394
1485
1443
1630
1708
1646
1517
1424
1372
1367
1447
1679
1436
1416
1495
1332
1774
1682
2037
1727
1567
1381
1349
1901
1890
1472
1783
1483
1564
1800
1372
1400
1462
1362
1426
1472
1846
2274
1680
1472
1329
1593
1521
1562
1515
1436
1577
1734
1557
1730
1351
1443
1404
1375
1407
1812
12061
3466
2336
3796
3039
1824
1850
1987
2312
1445
1399
1509
1924
1616
1414
1473
1525
1360
1601
1835
1349
1358
1573
1532
1426
1531
1799
1988
1771
1372
1387
1455
1504
1670
1464
1464
1433
1409
1642
1562
1495
1422
1428
1324
1856
1833
2151
1724
1536
1418
1503
1639
1465
1380
1657
1476
1589
1671
1649
1458
1427
1403
1365
1326
2012
1795
11775
3449
4663
2453
2416
2052
1854
2494
1597
1498
1361
1587
1630
1511
1403
1429
1412
1446
1475
1911
1491
1615
1495
1459
1640
1503
2392
1488
1359
1527
1691
1754
1449
1359
1602
1448
1533
1592
1447
1564
1891
1359
1447
1679
1534
2248
1337
1437
1495
1535
1614
1701
1520
1334
1370
1413
1544
13332
9595
5410
4095
2397
3788
2621
3148
1707
2186
1972
1679
1403
1530
1362
1572
1774
1579
1506
1465
1602
1379
1407
1779
2032
1728
1738
1340
1425
1426
1736
1330
1380
1425
1379
1357
1666
1825
1427
1718
1417
2229
1610
18446744073708554712
1557
1559
1510
1468
1416
1367
1357
1391
1460
1412
1542
1682
1553
1480
1601
1666
1606
1575
2223
1532
1490
11343
2943
2480
3197
1643
1753
1778
2346
1726
1363
1563
1471
1519
1476
1429
1735
1433
1568
1481
1672
1336
2662
6103
2467
2500
4800
1401
1379
1421
1358
1583
4914
1461
1343
1475
3090
2160
3002
4009
1821
1680
3283
1451
3283
4897
2648
16163
2790
3309
3894
4624
6473
2473
2326
2572
3371
2142
5989
2282
1921
1503
2350
2965
1575
1422
5546
3388
1653
1374
1432
1445
1581
1464
1570
1962
2876
1530
1336
1415
1635
1555
1455
1481
1326
1325
1740
1942
1600
1369
1381
1378
1449
1618
1568
2270
1758
1454
1433
1470
1721
12691
3580
1866
1522
2344
1372
1805
1883
3034
1449
1406
1377
1667
1450
1680
1536
1326
1774
1494
1382
1724
1445
2291
1356
1324
1372
1577
2132
1452
1549
1387
1479
1467
1692
1382
1464
1370
1461
1517
1755
1745
2354
1451
1413
1387
1505
1539
1430
1548
1663
1585
1613
1767
1438
1374
1322
1423
1577
1393
2030
1743
2012
1464
1381
1407
1521
1755
1389
1416
1417
1535
1730
11386
5006
3173
4007
2368
2331
2435
2448
2101
2047
1644
1487
1610
1409
1453
1361
1611
1504
1659
1452
1427
1592
1397
1595
1652
1580
1631
1710
1557
1770
1622
1505
2231
1465
1356
1422
1485
2108
1479
1855
1363
1490
1511
1704
1609
1330
1344
1360
1585
1769
1553
2180
1573
1367
1456
10884
2881
3528
2579
1584
2407
2152
1405
1835
2318
1624
1542
1601
1324
1524
1762
1903
1462
1466
1440
1523
1455
1622
1588
2376
1558
1416
1552
1628
1586
1404
1380
1427
1419
1605
1727
1480
1524
1731
2124
1771
1816
2276
1419
1410
1747
1565
1572
1372
1395
1379
1537
1489
1687
1574
1554
1687
1693
1596
1777
1526
1413
2380
1376
1423
1547
1857
1431
1370
1391
1752
11152
5064
3895
1867
1717
1509
1681
1465
1501
1546
1888
1398
1363
1370
1428
1411
1641
1909
2297
1714
1412
1412
1453
1610
1423
1368
1482
1360
1855
1684
1423
1407
1432
1371
1420
1678
1685
2608
1716
1398
1378
1454
1581
1336
1477
1391
1374
1355
1507
1802
1477
1524
1418
1444
1980
1696
2451
1410
1456
1712
1539
1757
1473
1334
10787
4620
1928
4508
1864
1873
1906
1431
1380
1568
1333
1419
1785
1534
1334
1417
1410
1728
1683
1516
2427
1345
1384
1431
1524
1833
1374
1448
1554
1460
1459
1549
1435
1372
1376
1375
1542
1534
1649
1679
2262
1446
1448
1442
1935
1819
1378
1330
1324
1672
1512
1742
1413
1366
1338
1359
1324
1790
1526
1410
1882
1427
1446
1624
12054
4061
13075
2540
1392
1606
1395
1374
1421
1618
1709
1450
1543
1418
1485
1414
1862
1628
2122
1464
1386
1454
1672
1878
1393
1367
1369
1478
1455
1580
1760
1483
1421
1451
2129
1845
2480
1535
1496
1375
1478
1601
1481
1594
1370
1447
1499
1634
1603
1464
1360
1421
1330
1446
2065
1870
1989
1327
18446744073708563451
3312
3401
2142
1738
2237
2499
1628
1432
1449
1488
1646
1493
1480
1404
1499
1388
1584
1961
1405
1417
1415
1378
1471
1763
1947
2249
1375
1635
1553
1677
1412
1495
1378
1551
1452
1719
1417
1460
1637
1344
1396
1560
1793
1941
1969
1444
1431
1455
1576
1627
1507
1418
1333
1359
1535
1744
1617
1343
1433
1351
1652
1982
13221
3047
3652
1755
2215
1802
1381
1494
1933
1918
2055
1450
1420
1390
1444
1408
1386
1825
1610
1571
1895
1519
1514
1470
1431
1372
1822
1646
2452
1723
1552
1498
1459
1730
1562
1376
1532
1467
1612
1676
1466
1488
1339
1472
1374
1764
1835
2302
1389
1473
1983
1849
1794
1794
1788
1840
1880
1600
1478
1667
1394
1372
11892
3087
4863
1899
1765
1800
1382
1781
1748
1507
1920
2334
1382
1461
1369
1502
1460
1523
1580
1650
1372
1485
1703
1582
1633
1363
1548
1380
1655
1814
2076
1539
1338
1343
1568
1660
1469
1715
1587
1383
1781
1800
1472
1577
1386
1413
1383
1477
1820
2044
2154
1433
1413
1498
1607
1381
1429
1369
1424
1425
1615
1703
1481
1427
1459
12341
1504
3290
2984
4091
1873
2399
1769
1448
1642
1846
2192
1491
1428
1421
1380
1668
1456
1415
1408
1402
1350
1507
1694
1602
1445
1834
1612
1777
1737
2270
1421
1335
1345
1406
1467
1786
1334
1711
1479
1579
1616
1442
1362
1330
1478
1515
1765
1992
1861
2076
1693
1571
1622
1539
1566
1414
1472
1510
1676
1712
1726
1739
1841
1800
9155
5009
1908
3741
4095
2900
3150
2024
2179
2711
1642
1773
1505
1514
1447
1351
1527
1330
1448
1487
1680
1413
1800
2045
1744
2059
2802
1811
1520
1470
1566
1918
1519
1379
1381
1396
1450
1577
1358
1326
1465
1410
1565
1508
1777
1746
2123
1570
1531
1541
1522
1567
1476
1675
1407
1587
1582
1643
1370
1417
1488
1371
1516
1972
2029
1703
1459
12545
2296
4813
1602
3098
2237
2178
1446
1524
1497
1547
1378
1414
1388
1400
1338
1478
1823
1559
1373
1462
1465
1361
1875
1489
1377
2407
1461
1616
1540
1572
1538
1369
1389
1367
1368
1580
1400
1370
1814
1464
1468
1504
1756
2268
1641
1464
1430
1614
1852
1539
1542
1364
1627
1438
1812
1505
1330
1323
1694
1911
2025
1710
2093
13732
2210
3161
3369
1884
2699
2634
1398
1501
1443
1588
1536
1470
1401
1402
1565
1675
1783
1458
1347
1436
1371
1388
1443
1712
2090
1888
1407
1446
1458
1750
1629
1385
1354
1414
1411
1541
1869
1427
1422
1327
1366
1379
1740
1625
2293
1563
1926
1469
1723
1591
1459
1476
1446
1453
1520
1638
1385
1706
1520
1368
1374
1837
1643
12596
2385
3388
3818
1763
2080
2486
2812
2362
1616
1381
1481
1415
1441
1847
1583
1474
1652
1678
1477
1324
1586
1327
1771
1675
2245
1507
1368
1455
10009
2419
2278
1986
1445
1481
1452
1663
1780
2367
1525
1376
1482
1393
1466
1362
1496
1444
1419
1527
1840
1594
1645
1375
1374
1483
1647
1505
2327
13080
2467
4391
2007
2042
1898
1604
2363
1369
1450
1376
1520
1665
1440
1485
1384
1419
1492
1557
18446744073708553206
1485
1409
1355
1548
1439
2031
1494
2205
1483
1326
1509
1614
1930
1688
1369
1431
1438
1637
1391
1504
1542
1435
1369
1612
1585
1607
2539
1380
1351
1484
1965
2072
1377
1401
1485
1495
1682
1494
1408
1413
1592
1335
1515
1611
1615
13485
2723
2797
3897
1788
2739
2064
2318
1566
1560
1441
1412
1440
1400
1470
1389
1598
1439
1723
1531
1519
1639
1522
1570
1790
1405
2498
1385
1418
1429
1532
1718
1441
1386
1492
1394
1398
1548
1420
1328
1415
2159
1704
1702
1668
1389
2352
1597
1432
1543
1408
1339
1722
1464
1443
1627
1680
1417
1457
1430
1597
1521
1712
12741
3678
2234
3394
1900
1617
1352
1423
1774
1494
2558
1516
1425
1443
1411
1515
1413
1428
1438
1432
1434
1791
1838
1502
1595
1378
1525
1759
1456
2354
1379
1328
1692
1482
1692
1442
1334
1412
1344
1459
1612
1467
1326
1628
1733
1436
1512
1640
2056
1952
1573
1372
1447
1815
1551
1389
1326
1410
1357
1528
1615
1394
1338
12965
2953
5345
1976
2865
1927
2425
1624
1423
1793
1670
2580
1394
1502
1416
1463
1548
1426
1386
1410
1383
1679
1675
1687
1425
1359
1358
1347
1329
1848
1777
2447
1402
1412
1497
1565
1680
1454
1389
1456
1428
1672
1693
1490
1466
1392
1412
1508
2339
1636
2236
1478
1599
1432
1609
1448
1490
1400
1394
1368
1530
1631
1479
1554
11162
3418
4428
3221
3996
3338
1961
2915
2312
3181
1926
2149
2165
2121
1932
1607
1492
1754
1736
1642
1350
1371
1493
1421
1628
1492
1800
1532
1435
1440
1439
1650
1533
1343
1337
1427
1626
1769
1625
1923
1363
1422
1379
1552
1670
2080
1778
1581
1446
1493
1556
1494
1534
1477
1414
1382
1624
2153
1549
1469
1437
1374
1406
1738
1904
12196
4794
1610
1586
3626
1498
1660
1534
1545
2119
1496
1436
1512
1616
1547
1517
1434
1538
1502
1525
1570
1509
1318
1408
1617
1627
1832
1885
1558
1473
1429
1521
1522
1625
1478
1478
1652
1460
1597
1651
1476
1378
1366
1425
1417
1714
1624
1451
2282
1408
1397
1539
1469
1488
1613
1404
1505
1529
1714
1520
1492
1352
1418
1373
1593
1561
2145
1678
12610
2570
4811
1978
1877
2002
2055
1769
1419
1531
1407
1536
1595
1609
1505
1410
1458
1495
1695
1446
1485
1589
1420
1466
1633
1621
2051
1475
1370
1469
1408
1889
1843
1820
1857
1804
2029
1744
1691
1542
1636
2044
1662
2404
1422
1487
1423
1420
1786
1429
1617
1536
1470
1485
1532
1606
1473
1329
1527
1402
1418
1647
1712
1787
11166
5306
2888
2088
3443
2319
2109
1511
1423
1411
1585
1578
1436
1430
1403
1344
1388
1606
1720
1566
1447
1435
1457
1438
1559
1597
2233
1428
1599
1425
1498
1931
1378
1438
1403
1532
1478
1572
1412
1789
1788
1536
1525
1750
1665
2311
1455
1372
1397
1819
1464
1456
1523
1409
1549
1556
1625
1455
3051
5257
1518
6085
1661
5468
5884
3714
3059
5210
1463
2093
1806
1826
1392
1447
1442
1599
1745
1823
1523
1386
1364
1489
1539
2048
1902
2599
1772
1862
1854
2166
1390
1498
1400
1468
1471
1674
1476
1491
1471
1434
1453
2274
18446744073708553635
2141
1481
1621
1469
1535
1538
1502
1787
1394
1486
1642
1683
1770
1502
1539
1418
1866
1946
2115
1462
1456
1560
1702
1823
1389
12222
3450
4509
3589
2218
2370
2167
2211
1677
1577
1554
1596
1412
1441
1459
1451
1699
1532
1497
1841
1446
1577
1521
1534
1527
1405
1361
1577
1428
1658
1614
1407
1590
1741
1608
1638
1888
1688
1792
1923
2459
2044
1834
2258
1616
1698
2150
1830
1472
1713
1396
1920
1558
2253
1792
1561
1905
1888
13071
3052
5354
4161
2627
4147
2094
2078
1828
1917
1511
1330
1362
1755
1739
1988
2113
2479
1506
1579
1521
1567
1861
1416
1670
1503
1751
1532
1333
1428
1366
1443
1355
1671
2112
2074
2634
1441
1618
1578
1377
1637
1331
1723
1854
2038
1746
1375
1478
1414
1493
1713
1821
2297
1518
1778
1647
1592
1507
1444
1526
1507
12101
3741
3423
3557
4428
2000
1983
2585
2165
1813
1609
1553
2014
1545
2294
1483
1358
1464
1618
2143
1383
1445
1431
1362
1551
1625
1512
1332
1417
1587
1515
2082
1954
2638
1718
1447
1576
1496
1489
1797
1565
1658
1869
1789
1381
1375
1384
1484
1504
1974
1907
2712
1425
1929
1695
1600
1461
1412
1518
1814
1749
1739
1535
1542
12284
4419
3471
3607
3537
4226
2111
2253
3005
1775
1771
2115
1973
1738
1333
1419
1438
1516
1531
1571
1738
1783
1610
1720
1952
1639
2186
1358
1396
1361
1832
1843
1866
1559
1469
1684
1668
1556
1431
1543
1686
1467
2108
1746
2615
1417
1462
1468
1788
1545
1644
1781
1516
1456
1604
1378
1410
1475
1418
1356
1537
2435
2945
13594
3044
3586
2502
2585
2096
2928
1847
2074
2370
1762
1415
1831
1367
1510
1963
1682
1862
2049
1478
2299
1623
2213
1420
1784
1363
1471
1582
1316
1399
1393
1727
1795
1820
1675
1658
1889
2292
2142
1891
1641
1448
1465
1618
2169
1623
1640
1493
1538
1464
1688
1363
1461
1467
1652
1694
1880
2024
2572
14047
2270
4411
1972
1969
1946
2751
1921
1408
1466
1490
1462
1428
1580
1774
1644
1919
1588
1539
1539
1432
1457
2001
2019
2272
1929
1637
1507
1519
1553
1398
1409
1421
1355
1408
1963
1500
1741
1749
1385
1581
1525
2150
1566
1721
1629
1628
1871
1449
1365
1506
1361
1328
1473
1496
1543
1482
1600
1484
1514
1801
2048
13456
1675
4429
2226
3393
2259
2569
1953
1386
1558
1475
1585
1421
1534
1748
1649
1679
1719
1365
1324
1571
1368
1337
1747
2493
2290
2099
1414
1448
1464
1372
1419
1406
1685
1532
1715
1943
1569
1535
1420
1401
1517
1697
1825
1811
1586
1647
1698
1614
1451
1380
1430
1458
1425
1773
1666
1457
1614
1578
1421
13303
2559
3249
1435
7919
3463
4364
4449
3421
3545
2605
2565
1767
1880
1776
1729
1941
2028
2480
1546
1427
1486
1529
1577
1604
1565
1984
1745
1713
1578
1333
1416
1521
1335
1590
1930
2871
1724
1549
1585
1766
18446744073708553215
1352
1367
1912
1467
1997
1559
1563
1357
1451
1406
1506
1800
1663
2767
1887
1605
1547
1434
1469
1458
1376
1462
1502
1659
1560
1378
1413
1364
1324
1705
12209
4094
2351
3358
3700
1799
2814
1925
2516
1471
1409
1394
1941
1841
1945
1502
1324
1506
1733
1431
1325
1351
1659
1519
1860
1518
2250
1421
1686
1467
2006
1658
1941
1884
2253
1464
1568
1461
1467
1420
1385
1563
1745
1660
1766
1491
1423
1511
1406
1454
1433
1406
1395
1568
1499
1686
1699
1391
1375
1347
1439
1391
1692
1389
11698
1847
4245
3544
3296
3155
2641
2695
2120
1943
2093
2179
1688
1528
1600
1550
1807
1794
1350
1442
1497
1447
1488
1419
1455
1458
1449
1379
1504
1854
1660
1390
1373
1412
1363
1683
1575
1365
1394
1329
1598
1460
1692
1676
2022
1389
1453
1466
1656
1550
1572
1372
1396
1398
1594
1684
1346
1404
1363
1586
1429
1635
1843
2028
1740
1323
1489
11635
4373
2684
2379
2739
2653
1967
1631
1410
1491
1408
1400
1406
1381
1413
1765
1778
1485
1414
1411
1353
1678
1863
1592
2037
1340
1600
1460
1534
1750
1369
1452
1333
1412
1428
1478
1466
1721
1973
1343
1496
1526
1502
2439
1419
1443
1577
1880
1515
1341
1366
1330
1448
1458
1717
1490
1451
1471
1578
1736
1740
1416
2413
1399
13618
1709
2753
3616
3865
3223
2936
1968
1849
1372
1505
1442
1598
1818
1632
1481
1468
1375
1479
1443
1642
1704
1679
1656
1537
1388
1497
1443
1685
1395
1387
1706
1452
1552
1739
1576
1423
1507
1328
1563
1827
1672
2359
1420
1559
1466
1588
1501
1364
1418
1504
1362
1542
1659
1490
1676
1466
1563
1377
1692
1470
2456
1453
13695
2048
2216
1730
3147
2406
1802
2389
1444
1589
1532
1498
1565
1538
1457
1334
1535
1518
1728
1948
1828
1431
1589
1795
1582
2081
1474
1425
1509
1552
1581
1424
1374
1508
1604
1550
1615
1356
1341
1450
1438
1486
1719
1575
1985
1638
1485
1382
1557
1538
1517
1378
1471
1407
1380
1597
1804
1699
1447
1436
1462
1524
1591
1481
12041
3375
3496
3733
2035
1884
1963
1608
2312
1436
1454
1514
1610
1427
1394
1440
1485
1404
1497
1810
1382
1402
1419
1755
1530
1529
1575
2311
1571
1422
1513
1608
1687
1950
1516
1486
1332
1586
1557
1323
1403
1462
1338
1384
1624
1704
2064
1841
1412
1374
1513
1665
1427
1416
1532
1621
1509
1564
1588
1359
1330
1479
1408
1505
13339
2480
3068
2484
2070
2898
1871
1770
1715
2294
2359
1714
1383
1568
1431
1491
1400
1442
1360
1743
1823
1432
1767
1404
1381
1402
1861
1519
2372
1471
1393
1506
1663
1884
1389
1340
1457
1399
1413
1552
1403
1336
1363
1673
1421
1594
1900
1767
1937
1403
1385
1495
1586
1691
1616
1664
1476
1442
1608
1496
1366
1325
1393
1359
9631
16696
3239
3619
1660
4270
1942
2148
2841
2208
1931
1816
1757
1796
1455
1448
1410
1445
1766
1469
2468
1470
1599
1463
1566
1653
1413
1437
1412
1430
1516
1737
1454
1611
1471
1345
1523
1724
1740
2309
1420
1455
1547
1700
1575
1378
1504
1323
1459
1453
1760
18446744073708553077
1451
1544
1600
1520
1761
1481
2361
1386
1363
1409
1529
12254
3043
3354
4732
2374
1770
2074
2203
1871
1711
1555
1477
1486
1822
1471
1536
1381
1479
1326
1773
1669
1844
1433
1383
1345
1480
1716
1436
1332
1339
1454
1392
1902
1554
1330
1517
1474
1390
1399
1902
1684
2198
1783
1375
1496
1460
1559
1347
1668
1329
1508
1645
1672
1696
1772
1704
1380
1537
1471
2511
1402
1446
1427
1888
13247
2511
2931
2837
3456
1837
1894
1611
1456
1502
1452
1425
1333
1441
1749
1425
1463
1431
1558
1360
1697
1723
1911
1743
1381
1431
1456
1484
1492
1412
1377
1640
1664
1646
1555
1368
1379
1523
1530
1457
1607
2022
2013
1426
1427
1362
1414
1463
1419
1447
1463
1381
1373
2173
1471
1471
1525
1440
1486
1517
1486
2247
1595
13472
2495
2145
2948
1962
1882
1567
2225
1427
1442
1419
1580
1604
1471
1416
1445
1340
1410
1560
1613
1356
1321
1665
1669
1624
1739
1629
2073
1485
1369
1411
1471
1547
1580
1399
1408
1446
1385
1516
1366
1338
1483
1413
1397
1657
1787
1878
2101
1406
1372
1434
1487
1476
1380
1467
1623
1398
1566
1636
1501
1364
1373
1395
1450
1668
1543
10389
1632
3484
4357
3374
2408
2648
2039
2701
1707
1385
1416
1583
1474
1375
1396
1412
1403
1475
1801
1703
1402
1371
1479
1419
1877
1982
2084
1580
1393
2195
1826
1901
1518
1716
1485
1483
1527
1423
1383
1929
1663
1608
1705
2324
1386
1478
1418
1529
1510
1567
1672
1592
1504
1486
1472
1730
3332
1391
1339
1837
2331
1545
2327
12875
2571
4655
2713
5561
1570
2176
2137
2361
1493
1368
1436
1724
2895
1503
1513
1385
2112
1426
1861
2659
2617
1969
1758
2594
1826
1690
1487
1534
2112
1748
1542
1525
1399
2653
1646
2103
1418
2215
1813
1619
1531
2120
1503
1758
1461
1654
1939
1389
1716
1553
3544
1485
2300
1444
13341
3175
3358
2194
2289
2286
1661
1553
1417
1528
1509
1626
1536
1623
1578
1551
1770
1382
1492
1327
1327
1454
1705
2246
2062
2083
1417
1515
1496
1633
1592
1421
1406
1414
1687
1540
1572
1429
1462
1332
1524
1593
1596
2240
1457
1562
1580
1399
1620
1509
1407
1436
1356
1419
1709
1632
1515
1614
1449
1582
1970
1479
12428
2698
4241
2006
2592
1785
1590
1915
1631
2152
1455
1409
1418
1445
1598
1799
1852
1726
1848
2080
1742
1786
1483
1395
1571
1882
1859
2001
1406
1485
1478
1791
1650
1415
1584
1401
1626
2300
1563
1452
1425
1361
2015
1985
1852
2022
1939
1439
1499
1562
1479
1958
1517
1494
1681
1962
2084
1522
1392
1379
14512
2199
4454
3779
3178
2024
1763
1612
3018
1476
1413
1610
1942
1529
1390
1434
1340
1629
14468
3892
1550
1572
1783
1715
1460
1433
1424
1454
1598
1372
1367
1607
1398
1542
1707
1659
2382
1465
1502
1375
1428
1500
1390
1384
1519
1797
1523
1655
2051
1733
1786
1762
28326
18446744073708561091
10338
2763
4547
10281
3054
3582
6494
2306
1543
1551
2025
6384
1611
3559
1443
3342
4050
1436
1441
1447
4219
1515
1403
1549
3819
2212
1645
3850
1545
1736
1398
3852
1476
1582
3953
1425
1386
1466
4863
12282
1464
7364
1658
1378
1631
1570
3069
1627
3439
1721
2215
3868
4599
3546
1428
2313
2791
2772
6000
1683
1434
1501
1333
1394
5156
1368
1600
1618
1687
1711
4597
1433
1458
1464
2314
3956
1387
1399
1649
2839
1356
2453
2932
2548
14299
2843
7174
1657
2829
2327
1558
3753
1968
2262
3534
1531
1472
5351
1465
1456
1529
1600
5725
3948
2765
5193
1828
1589
1689
1628
5494
2441
1349
1361
1382
4443
1491
1592
3779
6671
12263
4512
1503
4523
2271
3194
6157
4975
2086
1795
1699
2058
2032
2123
1718
2130
1475
1341
1414
1414
2110
2025
2172
2370
1901
1426
1525
1724
1597
2135
1754
1697
1985
2345
1525
1399
1505
1416
2265
1558
1563
1718
2297
1722
1533
1419
1328
2002
1659
1611
1499
12855
1775
5575
1620
2351
1392
3646
1751
1334
1606
2294
1736
1590
2393
2160
1550
1336
1591
2728
1510
1396
1517
1501
2355
1652
1465
1402
1322
2266
1785
2188
1584
2215
1475
1626
1492
1374
2305
1612
1615
1767
1698
2013
1507
1397
1549
2311
2183
1533
1397
1382
1980
1772
1411
1785
6822
4848
1659
1632
8992
7324
5514
5526
4189
3725
2802
6054
2043
2051
1989
2398
2244
3305
3554
6209
2536
1772
1468
2040
1482
1428
1490
1648
2242
1577
1452
1542
2962
2184
1689
1409
1551
1941
1611
1469
1388
1940
2603
1803
1602
1459
2006
1562
1433
2018
3192
1457
1429
1332
1731
2200
1461
1472
1330
12982
2644
4078
3345
4456
1647
2165
2012
3221
2067
1766
2796
2118
2668
2375
1777
1588
1528
1409
2281
1489
1519
1419
1554
2258
1601
1548
1531
2407
1667
2309
1361
1386
2316
1945
1481
1376
2106
1533
1475
1554
1333
2344
1435
1689
1932
1727
2799
1526
1438
1462
2143
1590
1397
1656
1440
2355
1778
14796
3028
4367
2642
2563
3281
1566
1382
1463
6598
9967
2956
1545
1445
1657
2129
1545
1450
1550
1381
2403
1570
2090
1502
1557
2160
1655
1542
1384
1959
1572
1496
1593
1410
2016
1636
1704
1751
1505
2870
1490
1442
1447
1903
1731
1707
1464
1365
2091
1741
14013
2385
18446744073708557412
1481
2929
2469
2406
1846
1749
1343
2821
1910
2355
1556
1854
1471
1578
1445
1379
2434
1523
1690
1733
2009
1443
1382
1448
1449
2545
1957
2229
1376
1849
1644
1606
1512
1413
1877
1382
1563
1608
1702
2815
1403
1446
1764
2573
1882
1489
1395
1823
2244
1544
1399
1562
1613
2358
1543
14733
1826
5705
1964
1862
2863
1772
1500
1517
1604
1724
2132
1970
1880
1929
1446
1619
1552
1514
2409
1588
1475
1377
1552
1950
1449
1460
1374
1448
2553
2453
1375
1486
2141
1754
1617
1876
6543
3768
1355
1401
1487
6081
1515
1334
2795
1403
2420
1454
4262
1757
1596
15659
3404
3520
4538
3033
6008
4528
2206
1374
1415
1448
1935
1501
1392
1405
1450
1549
1669
1449
1529
1471
1361
1988
1797
2844
1563
1446
1556
1409
1648
1551
1557
1539
1660
1798
1786
1451
1501
1389
1361
1547
1825
2242
1749
1425
1453
1496
1500
1458
1331
1368
1503
1638
1838
1770
1578
1362
12874
2547
1828
3210
2880
1575
1720
1525
1679
1510
1450
1591
1781
2101
1714
1460
1456
1818
1480
1558
1376
1447
1321
1367
1438
1660
1466
1498
1488
1550
1409
1857
1734
2058
1490
1319
1498
1735
1786
1570
1454
1415
1322
1447
1576
1409
1358
1555
2015
1685
1965
1956
1913
1750
1467
1919
1492
1528
1623
1509
1810
1600
1572
1576
1453
1411
1453
12605
2542
2252
4140
2503
1843
1706
1457
1507
1643
1650
2368
2361
1422
1514
1419
1531
1453
1415
1433
1457
1412
1688
1883
1418
1495
1440
1471
1697
1493
2299
1478
1417
1500
1578
1657
1520
1368
1417
1357
1421
1498
1619
1365
1579
1588
1412
1425
1888
1506
2129
1567
1477
1410
1668
1781
1399
1396
1533
1401
11173
5126
2196
2681
3079
1803
2002
1508
1437
1605
1367
1377
1412
1385
1537
1719
1663
1968
1447
1478
1464
1422
1670
1776
1409
1498
1402
1738
1884
1594
1364
1328
1488
1397
1424
1637
1595
2225
1531
1409
1518
1651
1457
1477
1442
1464
1364
1497
1504
1737
1451
1494
1322
1493
1522
1670
2272
1488
1450
1594
1630
1673
1470
1501
1541
1455
1463
15134
3973
1968
3017
4017
2127
1827
1331
1430
1386
1375
1545
2293
2923
1726
1832
1864
1952
1828
1892
1588
1382
1577
1718
1380
1379
1441
1362
1466
1413
1721
2069
1823
1422
1551
1670
1581
1839
2033
5956
3814
1350
1407
1597
6220
1439
1375
3301
1349
1683
13872
5240
2495
3873
3315
3446
3409
4756
2535
1490
1847
2378
1808
1449
1651
1478
2004
1918
1606
1442
1486
1621
1484
1449
1375
1375
1363
1550
1563
1937
2371
1510
1355
1495
1456
1803
1472
13081
2172
2241
3214
1655
1430
1464
2255
1615
1493
1701
15018
4326
2451
1885
1870
3005
2590
1420
2794
7958
1745
2503
3713
1642
5974
1474
1377
1638
1733
18446744073708553686
2502
2654
6453
2730
3590
6629
1639
1577
1567
1545
3389
5596
2178
1436
1381
1447
3923
1617
12508
4024
4155
5889
6596
5694
2697
2422
2079
2377
1880
2232
1580
1569
1746
1733
2596
1436
1604
1933
2335
1540
1573
1521
2363
2207
1880
10976
2051
2214
4879
1851
1644
1955
3604
2320
3979
1692
1435
4235
2278
11962
4907
6065
2870
5646
4633
3831
3410
2938
2404
2169
2009
2810
1950
1809
2071
1976
1450
1416
1412
2474
1818
2355
1634
1974
1589
4074
1219
1767
1212
1347
1450
1111
1371
3810
6822
1289
6963
1219
1168
1148
1141
1909
1637
2161
12303
4545
2706
3436
1247
3754
1769
1553
3365
4851
1865
1287
1624
1174
1995
5164
1312
1256
1317
1402
1784
2022
1632
1712
2362
5143
3527
1916
2329
4186
1290
1377
2464
3431
1129
1283
6660
1926
1739
1778
1712
1815
4509
1350
1530
2846
2172
1941
3234
5321
15129
1951
1248
3529
1348
2119
4234
1252
1250
1561
3764
1148
1216
1319
1768
4884
3150
2731
1505
2109
1239
1171
1855
1386
1395
1190
1214
1507
2033
1298
1439
1296
1141
1430
1700
1278
1160
1347
1617
3104
1272
1234
1236
1206
1846
1351
1223
1163
1142
1383
2143
1443
1118
1383
1195
1970
1267
1323
1439
1288
2283
1145
1157
1374
1218
1271
1448
1189
1202
1249
1191
1272
1410
1465
1121
1174
1207
1101
1096
1151
1480
1253
2067
1450
1191
1184
1539
1191
1398
1241
1204
1189
1201
1097
1265
1262
1354
1296
1121
1301
1159
1289
1101
1205
1778
23811
1169
3771
2271
3608
8739
3138
2736
2442
2143
4693
2798
2219
2291
1972
4689
1178
1301
1282
2020
2663
3702
1177
1126
1381
1734
2481
3753
1246
1173
1357
3463
1189
1166
1295
1323
4169
1303
1261
1260
1259
2503
3251
1146
1220
2158
3515
1356
1192
1533
2912
5597
1149
1154
1399
1589
1291
2173
1111
2613
1184
1315
3751
1162
1204
1189
3386
4675
4982
1567
2220
2342
1180
2136
1983
2147
3282
1245
1338
5066
1105
1204
1266
1491
1537
5138
1151
1245
1368
1214
1182
1249
4322
2053
1585
3005
1407
1448
3439
2851
1122
3236
1294
1643
4808
1105
1196
1455
1261
1381
1108
3245
1149
1709
1311
4005
1606
4608
1265
3650
1310
11782
3113
3639
1849
5585
3046
2204
2798
3138
1195
1323
5871
1545
1718
1399
1270
1243
3346
2070
1477
5019
1244
1242
1171
1199
1216
2295
2880
1260
3421
1285
1390
1176
3772
1578
1288
1751
5020
3020
2211
18446744073708555156
1476
1195
1189
1398
1644
1220
1169
1208
1108
1142
1939
1781
1519
1713
1347
1926
1207
1481
1271
1370
4667
1225
937
1108
1244
1443
1110
913
1032
881
3936
6945
1363
1103
2746
1478
2047
2991
1111
910
907
1498
1458
996
1584
1606
2724
1112
956
1180
4758
972
956
1688
1033
956
1100
1827
1435
2035
1115
1577
4664
2331
2621
1995
5344
1460
2116
1026
1029
928
1852
3162
918
905
1013
1622
2454
950
932
3602
1085
1075
1070
947
1602
2885
952
995
5416
920
1065
924
899
919
881
1087
1811
928
1381
3006
876
979
1213
1089
6292
2405
2085
1199
1034
3690
2349
960
876
1353
961
1231
1522
1191
1083
906
1323
1547
943
905
903
976
1037
1207
1269
1063
952
903
960
979
950
922
1050
1080
966
904
912
1771
901
1100
943
1177
1250
930
2359
1094
1036
934
901
940
1217
1580
945
1084
1027
945
953
1002
941
1023
1268
936
949
865
873
909
951
893
874
956
1349
1011
1014
1680
1161
916
937
905
966
1027
1075
1186
991
901
971
996
1064
1038
980
1068
1063
1105
920
954
914
907
943
960
948
1108
1048
1268
1046
1090
908
890
945
991
1167
1002
990
949
898
949
930
908
950
937
932
1077
1279
969
996
908
988
983
976
1030
1026
981
1000
1549
1266
1165
1100
1477
1192
1325
1418
1143
1257
1126
1405
1004
964
952
1100
916
876
1033
1021
926
925
914
1023
1186
1181
988
1869
923
996
907
877
981
980
1203
1196
913
979
1309
997
904
937
1084
962
1104
881
891
923
991
858
898
1176
880
1244
1055
912
1755
1087
902
873
861
896
1005
909
1223
980
866
1146
1011
1117
959
1096
1007
1120
961
873
996
883
928
875
870
1104
20260
5980
1917
2523
1685
4557
2425
3771
5126
933
2509
1745
2280
1584
4809
1289
2363
1942
1045
3371
1022
3183
917
979
963
887
4329
1021
1080
882
964
876
909
1079
1751
3214
1706
928
908
972
3720
884
874
953
916
878
862
3719
983
957
979
1822
1182
1972
3979
962
932
913
1033
3174
937
906
1005
1027
1009
3797
1009
1216
987
971
950
1759
880
3020
952
1109
1675
909
945
2383
1054
992
3954
2635
2352
2289
888
880
1270
1958
866
2055
1670
5377
927
950
915
1281
2684
908
933
882
1273
2235
1703
1865
1194
3320
1003
1328
1058
3905
1028
965
1123
990
906
2992
963
931
909
4460
1482
1048
1143
966
980
981
1190
1681
2085
2464
927
1496
1496
905
2051
902
3198
994
921
980
920
2555
2535
958
1580
1839
2510
1746
5790
999
1024
1104
994
1029
995
1157
1733
1344
1346
